0 0.231250 0.631250 0.157500 0.187500
0 0.127500 0.379688 0.110000 0.153125
0 0.760000 0.604688 0.140000 0.334375
0 0.736250 0.121875 0.057500 0.175000
0 0.841250 0.909375 0.142500 0.181250
0 0.890000 0.320312 0.135000 0.240625
0 0.927500 0.851562 0.145000 0.296875
0 0.870000 0.462500 0.195000 0.256250
0 0.485000 0.857812 0.180000 0.146875
0 0.402500 0.071875 0.165000 0.143750
0 0.095000 0.528125 0.130000 0.200000
0 0.518750 0.146875 0.137500 0.106250
0 0.090000 0.795312 0.180000 0.409375
0 0.911250 0.153125 0.177500 0.200000
0 0.703750 0.635938 0.172500 0.340625
0 0.602500 0.817187 0.265000 0.178125
0 0.715000 0.345313 0.185000 0.240625
0 0.340000 0.551562 0.100000 0.153125
0 0.401250 0.264062 0.097500 0.109375
0 0.410000 0.540625 0.085000 0.175000
0 0.791250 0.154688 0.097500 0.178125
0 0.641250 0.246875 0.072500 0.075000
0 0.707500 0.053125 0.150000 0.106250
0 0.765000 0.843750 0.090000 0.118750
0 0.022500 0.804688 0.045000 0.271875
0 0.380000 0.693750 0.180000 0.143750
0 0.483750 0.568750 0.127500 0.300000
0 0.862500 0.032813 0.130000 0.065625
0 0.326250 0.856250 0.237500 0.187500
0 0.105000 0.251563 0.210000 0.115625
0 0.065000 0.090625 0.130000 0.181250
0 0.945000 0.035937 0.055000 0.071875
0 0.627500 0.210938 0.080000 0.078125
0 0.662500 0.140625 0.130000 0.137500
0 0.388750 0.431250 0.077500 0.256250
0 0.487500 0.254688 0.085000 0.121875
0 0.320000 0.207813 0.110000 0.128125
0 0.415000 0.160938 0.085000 0.078125
