0 0.222500 0.626563 0.150000 0.184375
0 0.131250 0.376563 0.117500 0.146875
0 0.760000 0.610938 0.140000 0.340625
0 0.740000 0.142187 0.055000 0.190625
0 0.843750 0.906250 0.142500 0.187500
0 0.887500 0.325000 0.120000 0.231250
0 0.928750 0.856250 0.142500 0.287500
0 0.866250 0.460938 0.192500 0.253125
0 0.493750 0.860938 0.187500 0.153125
0 0.403750 0.071875 0.167500 0.143750
0 0.090000 0.515625 0.130000 0.200000
0 0.511250 0.153125 0.142500 0.106250
0 0.090000 0.789062 0.180000 0.421875
0 0.908750 0.159375 0.182500 0.193750
0 0.705000 0.643750 0.175000 0.343750
0 0.600000 0.815625 0.255000 0.181250
0 0.716250 0.351562 0.197500 0.234375
0 0.333750 0.546875 0.092500 0.150000
0 0.377500 0.267188 0.105000 0.090625
0 0.416250 0.523438 0.092500 0.190625
0 0.798750 0.178125 0.102500 0.187500
0 0.663750 0.223438 0.057500 0.065625
0 0.717500 0.053125 0.150000 0.106250
0 0.756250 0.848437 0.082500 0.121875
0 0.018750 0.782813 0.037500 0.265625
0 0.373750 0.700000 0.182500 0.156250
0 0.485000 0.578125 0.130000 0.300000
0 0.863750 0.035937 0.127500 0.071875
0 0.361250 0.884375 0.277500 0.231250
0 0.110000 0.251563 0.220000 0.121875
0 0.351250 0.182812 0.167500 0.140625
0 0.068750 0.090625 0.137500 0.181250
0 0.941250 0.031250 0.057500 0.062500
0 0.632500 0.210938 0.070000 0.084375
0 0.666250 0.135937 0.127500 0.134375
0 0.386250 0.426563 0.077500 0.234375
0 0.476250 0.268750 0.082500 0.118750
