0 0.221250 0.626563 0.147500 0.184375
0 0.135000 0.375000 0.120000 0.143750
0 0.761250 0.610938 0.142500 0.340625
0 0.736250 0.154688 0.062500 0.178125
0 0.846250 0.904687 0.142500 0.190625
0 0.885000 0.326562 0.115000 0.228125
0 0.930000 0.857812 0.140000 0.284375
0 0.865000 0.460938 0.190000 0.253125
0 0.497500 0.864062 0.190000 0.153125
0 0.398750 0.075000 0.167500 0.150000
0 0.090000 0.509375 0.130000 0.200000
0 0.507500 0.153125 0.145000 0.106250
0 0.090000 0.787500 0.180000 0.425000
0 0.908750 0.160938 0.182500 0.190625
0 0.706250 0.643750 0.177500 0.343750
0 0.600000 0.815625 0.250000 0.181250
0 0.716250 0.353125 0.202500 0.231250
0 0.331250 0.545312 0.092500 0.146875
0 0.366250 0.267188 0.107500 0.084375
0 0.418750 0.517188 0.097500 0.196875
0 0.798750 0.187500 0.102500 0.193750
0 0.673750 0.215625 0.052500 0.062500
0 0.720000 0.053125 0.150000 0.106250
0 0.755000 0.850000 0.080000 0.125000
0 0.018750 0.776563 0.037500 0.265625
0 0.371250 0.696875 0.177500 0.156250
0 0.486250 0.584375 0.132500 0.300000
0 0.865000 0.035937 0.125000 0.071875
0 0.367500 0.884375 0.275000 0.231250
0 0.112500 0.250000 0.225000 0.125000
0 0.348750 0.187500 0.172500 0.137500
0 0.070000 0.090625 0.140000 0.181250
0 0.938750 0.029687 0.057500 0.059375
0 0.636250 0.207813 0.067500 0.084375
0 0.667500 0.134375 0.125000 0.131250
0 0.383750 0.425000 0.077500 0.225000
0 0.471250 0.273438 0.082500 0.115625
