0 0.237500 0.637500 0.160000 0.187500
0 0.121250 0.382812 0.102500 0.159375
0 0.756250 0.601562 0.137500 0.328125
0 0.730000 0.100000 0.065000 0.150000
0 0.836250 0.912500 0.142500 0.175000
0 0.893750 0.314063 0.147500 0.246875
0 0.927500 0.848437 0.145000 0.303125
0 0.876250 0.465625 0.197500 0.256250
0 0.471250 0.848437 0.172500 0.140625
0 0.400000 0.075000 0.160000 0.150000
0 0.100000 0.543750 0.130000 0.200000
0 0.525000 0.143750 0.130000 0.106250
0 0.090000 0.803125 0.180000 0.393750
0 0.915000 0.157812 0.170000 0.196875
0 0.705000 0.628125 0.170000 0.337500
0 0.605000 0.823438 0.280000 0.178125
0 0.715000 0.339062 0.180000 0.253125
0 0.346250 0.556250 0.107500 0.156250
0 0.412500 0.267188 0.095000 0.115625
0 0.403750 0.560937 0.072500 0.153125
0 0.781250 0.126562 0.092500 0.165625
0 0.612500 0.276562 0.090000 0.084375
0 0.671250 0.056250 0.147500 0.112500
0 0.776250 0.835938 0.097500 0.115625
0 0.026250 0.831250 0.052500 0.281250
0 0.387500 0.681250 0.170000 0.118750
0 0.481250 0.554688 0.122500 0.303125
0 0.868750 0.034375 0.132500 0.068750
0 0.292500 0.840625 0.215000 0.187500
0 0.106250 0.251563 0.212500 0.109375
0 0.062500 0.096875 0.125000 0.181250
0 0.950000 0.040625 0.055000 0.081250
0 0.621250 0.214062 0.092500 0.071875
0 0.652500 0.159375 0.135000 0.150000
0 0.395000 0.443750 0.085000 0.281250
0 0.485000 0.250000 0.090000 0.118750
0 0.285000 0.245312 0.160000 0.115625
0 0.417500 0.167187 0.090000 0.078125
