0 0.238750 0.645312 0.152500 0.178125
0 0.115000 0.375000 0.095000 0.165625
0 0.751250 0.517188 0.132500 0.321875
0 0.720000 0.056250 0.075000 0.118750
0 0.831250 0.926562 0.142500 0.162500
0 0.895000 0.278125 0.155000 0.259375
0 0.927500 0.781250 0.145000 0.309375
0 0.882500 0.471875 0.200000 0.253125
0 0.435000 0.909375 0.190000 0.125000
0 0.392500 0.093750 0.150000 0.156250
0 0.102500 0.543750 0.130000 0.200000
0 0.518750 0.164062 0.117500 0.103125
0 0.090000 0.743750 0.180000 0.368750
0 0.920000 0.168750 0.160000 0.190625
0 0.701250 0.554688 0.162500 0.331250
0 0.606250 0.926562 0.297500 0.175000
0 0.711250 0.307812 0.197500 0.278125
0 0.355000 0.556250 0.120000 0.159375
0 0.413750 0.279687 0.102500 0.109375
0 0.381250 0.589063 0.067500 0.143750
0 0.796250 0.079687 0.092500 0.159375
0 0.583750 0.320312 0.107500 0.100000
0 0.621250 0.092188 0.147500 0.121875
0 0.787500 0.840625 0.110000 0.112500
0 0.030000 0.759375 0.060000 0.278125
0 0.478750 0.723437 0.147500 0.128125
0 0.886250 0.082812 0.132500 0.087500
0 0.262500 0.881250 0.195000 0.165625
0 0.141250 0.364063 0.267500 0.109375
0 0.057500 0.090625 0.115000 0.181250
0 0.953750 0.032813 0.052500 0.084375
0 0.601250 0.229687 0.082500 0.087500
0 0.640000 0.187500 0.145000 0.168750
0 0.405000 0.368750 0.095000 0.315625
0 0.473750 0.257812 0.102500 0.112500
0 0.261250 0.329688 0.162500 0.112500
0 0.422500 0.193750 0.095000 0.078125
0 0.315000 0.643750 0.100000 0.143750
0 0.400000 0.734375 0.090000 0.112500
