0 0.240000 0.642188 0.150000 0.178125
0 0.116250 0.407813 0.097500 0.165625
0 0.751250 0.592187 0.132500 0.321875
0 0.720000 0.065625 0.080000 0.118750
0 0.831250 0.920312 0.142500 0.159375
0 0.896250 0.309375 0.157500 0.262500
0 0.927500 0.845313 0.145000 0.309375
0 0.886250 0.471875 0.202500 0.250000
0 0.425000 0.853125 0.195000 0.118750
0 0.391250 0.079687 0.147500 0.159375
0 0.102500 0.568750 0.130000 0.200000
0 0.516250 0.140625 0.112500 0.100000
0 0.090000 0.820312 0.180000 0.359375
0 0.921250 0.165625 0.157500 0.187500
0 0.701250 0.615625 0.162500 0.331250
0 0.605000 0.829688 0.305000 0.171875
0 0.708750 0.320312 0.202500 0.284375
0 0.358750 0.556250 0.127500 0.156250
0 0.401250 0.273438 0.102500 0.115625
0 0.373750 0.637500 0.067500 0.143750
0 0.803750 0.098437 0.092500 0.159375
0 0.580000 0.307812 0.110000 0.103125
0 0.616250 0.060937 0.147500 0.121875
0 0.787500 0.825000 0.115000 0.112500
0 0.030000 0.864062 0.060000 0.271875
0 0.476250 0.710938 0.152500 0.134375
0 0.891250 0.045312 0.132500 0.090625
0 0.252500 0.840625 0.190000 0.168750
0 0.148750 0.254688 0.282500 0.109375
0 0.056250 0.109375 0.112500 0.181250
0 0.956250 0.042188 0.052500 0.084375
0 0.595000 0.223438 0.080000 0.090625
0 0.640000 0.181250 0.145000 0.168750
0 0.406250 0.473438 0.097500 0.321875
0 0.472500 0.251563 0.105000 0.109375
0 0.258750 0.290625 0.157500 0.112500
0 0.423750 0.173437 0.097500 0.078125
0 0.320000 0.656250 0.100000 0.143750
0 0.395000 0.745313 0.085000 0.109375
