0 0.240000 0.650000 0.145000 0.171875
0 0.118750 0.407813 0.102500 0.165625
0 0.743750 0.507812 0.127500 0.321875
0 0.718750 0.064062 0.092500 0.121875
0 0.831250 0.939063 0.142500 0.150000
0 0.898750 0.273438 0.162500 0.271875
0 0.927500 0.778125 0.145000 0.312500
0 0.888750 0.479687 0.202500 0.246875
0 0.397500 0.918750 0.195000 0.118750
0 0.388750 0.089063 0.142500 0.165625
0 0.102500 0.562500 0.130000 0.200000
0 0.512500 0.146875 0.110000 0.106250
0 0.090000 0.768750 0.180000 0.343750
0 0.925000 0.171875 0.150000 0.184375
0 0.700000 0.546875 0.160000 0.331250
0 0.597500 0.953125 0.320000 0.168750
0 0.706250 0.295312 0.212500 0.296875
0 0.367500 0.565625 0.145000 0.150000
0 0.376250 0.276562 0.102500 0.134375
0 0.358750 0.651563 0.067500 0.143750
0 0.818750 0.067187 0.092500 0.159375
0 0.566250 0.335938 0.117500 0.115625
0 0.606250 0.092188 0.147500 0.121875
0 0.792500 0.840625 0.125000 0.115625
0 0.030000 0.781250 0.060000 0.256250
0 0.901250 0.082812 0.132500 0.100000
0 0.225000 0.868750 0.180000 0.171875
0 0.171250 0.398438 0.317500 0.109375
0 0.053750 0.092188 0.107500 0.181250
0 0.956250 0.032813 0.052500 0.084375
0 0.581250 0.220312 0.072500 0.103125
0 0.640000 0.187500 0.145000 0.168750
0 0.396250 0.379688 0.087500 0.321875
0 0.473750 0.276562 0.107500 0.109375
0 0.250000 0.343750 0.145000 0.112500
0 0.432500 0.206250 0.110000 0.081250
0 0.330000 0.653125 0.100000 0.137500
0 0.416250 0.764062 0.097500 0.093750
0 0.448750 0.685937 0.117500 0.112500
0 0.523750 0.792188 0.127500 0.093750
