0 0.242500 0.659375 0.125000 0.150000
0 0.115000 0.531250 0.145000 0.156250
0 0.717500 0.471875 0.110000 0.318750
0 0.707500 0.087500 0.135000 0.115625
0 0.827500 0.971875 0.140000 0.115625
0 0.915000 0.243750 0.160000 0.318750
0 0.942500 0.909375 0.115000 0.162500
0 0.901250 0.498437 0.197500 0.231250
0 0.307500 0.934375 0.215000 0.140625
0 0.386250 0.085938 0.137500 0.171875
0 0.092500 0.678125 0.155000 0.196875
0 0.503750 0.089063 0.112500 0.137500
0 0.106250 0.832812 0.147500 0.259375
0 0.930000 0.140625 0.140000 0.215625
0 0.702500 0.540625 0.160000 0.340625
0 0.582500 1.018750 0.375000 0.146875
0 0.722500 0.259375 0.205000 0.325000
0 0.406250 0.601562 0.152500 0.146875
0 0.356250 0.239063 0.107500 0.200000
0 0.301250 0.851562 0.202500 0.134375
0 0.833750 0.067187 0.107500 0.150000
0 0.522500 0.381250 0.160000 0.193750
0 0.578750 0.079687 0.127500 0.115625
0 0.860000 0.915625 0.090000 0.109375
0 0.030000 0.906250 0.060000 0.131250
0 0.941250 0.070312 0.112500 0.028125
0 0.136250 0.817187 0.122500 0.200000
0 0.927500 0.068750 0.110000 0.068750
0 0.538750 0.217188 0.062500 0.100000
0 0.392500 0.437500 0.120000 0.243750
0 0.447500 0.296875 0.095000 0.106250
0 0.267500 0.331250 0.110000 0.159375
0 0.462500 0.212500 0.110000 0.128125
0 0.323750 0.620313 0.092500 0.162500
0 0.456250 0.798438 0.162500 0.137500
0 0.465000 0.571875 0.165000 0.259375
0 0.608750 0.785937 0.172500 0.150000
0 0.663750 0.185938 0.102500 0.128125
0 0.565000 0.303125 0.105000 0.115625
0 0.571250 0.170313 0.077500 0.103125
0 0.178750 0.360938 0.127500 0.131250
0 0.073750 0.373437 0.092500 0.121875
