0 0.241250 0.651563 0.132500 0.159375
0 0.117500 0.484375 0.125000 0.162500
0 0.727500 0.575000 0.115000 0.318750
0 0.718750 0.065625 0.127500 0.125000
0 0.828750 0.935937 0.142500 0.128125
0 0.907500 0.304688 0.165000 0.296875
0 0.932500 0.887500 0.135000 0.225000
0 0.898750 0.484375 0.202500 0.237500
0 0.312500 0.857812 0.175000 0.134375
0 0.387500 0.084375 0.140000 0.168750
0 0.100000 0.681250 0.135000 0.212500
0 0.505000 0.095312 0.110000 0.128125
0 0.090000 0.850000 0.180000 0.300000
0 0.927500 0.164062 0.145000 0.203125
0 0.702500 0.612500 0.160000 0.337500
0 0.581250 0.853125 0.362500 0.156250
0 0.716250 0.300000 0.207500 0.312500
0 0.388750 0.564063 0.152500 0.146875
0 0.356250 0.271875 0.102500 0.181250
0 0.325000 0.759375 0.165000 0.137500
0 0.828750 0.082812 0.097500 0.159375
0 0.540000 0.350000 0.145000 0.162500
0 0.585000 0.060937 0.145000 0.121875
0 0.801250 0.807813 0.152500 0.121875
0 0.027500 0.904687 0.055000 0.190625
0 0.921250 0.028125 0.132500 0.056250
0 0.163750 0.839063 0.147500 0.184375
0 0.941250 0.039062 0.082500 0.078125
0 0.555000 0.226562 0.065000 0.103125
0 0.383750 0.504687 0.082500 0.303125
0 0.466250 0.293750 0.107500 0.106250
0 0.247500 0.339062 0.120000 0.128125
0 0.458750 0.196875 0.137500 0.106250
0 0.331250 0.643750 0.082500 0.162500
0 0.441250 0.764062 0.132500 0.128125
0 0.458750 0.625000 0.152500 0.193750
0 0.566250 0.754687 0.147500 0.128125
0 0.662500 0.168750 0.080000 0.106250
0 0.597500 0.271875 0.090000 0.118750
0 0.580000 0.165625 0.075000 0.100000
0 0.162500 0.335938 0.100000 0.115625
0 0.071250 0.365625 0.122500 0.118750
