0 0.243750 0.657813 0.122500 0.146875
0 0.122500 0.515625 0.145000 0.156250
0 0.716250 0.551562 0.112500 0.321875
0 0.703750 0.059375 0.137500 0.112500
0 0.823750 0.942187 0.132500 0.115625
0 0.918750 0.303125 0.157500 0.325000
0 0.941250 0.910937 0.117500 0.178125
0 0.902500 0.493750 0.195000 0.231250
0 0.306250 0.875000 0.227500 0.143750
0 0.386250 0.085938 0.137500 0.171875
0 0.091250 0.676562 0.162500 0.190625
0 0.503750 0.081250 0.112500 0.137500
0 0.111250 0.878125 0.137500 0.243750
0 0.931250 0.160938 0.137500 0.215625
0 0.702500 0.610938 0.160000 0.340625
0 0.596250 0.854688 0.367500 0.140625
0 0.723750 0.289062 0.202500 0.328125
0 0.408750 0.581250 0.152500 0.143750
0 0.360000 0.271875 0.110000 0.200000
0 0.293750 0.792188 0.202500 0.134375
0 0.836250 0.073438 0.112500 0.146875
0 0.513750 0.393750 0.157500 0.200000
0 0.576250 0.056250 0.122500 0.112500
0 0.880000 0.945312 0.070000 0.103125
0 0.038750 0.942187 0.077500 0.115625
0 0.955000 0.010937 0.080000 0.021875
0 0.130000 0.842187 0.120000 0.203125
0 0.921250 0.032813 0.117500 0.065625
0 0.538750 0.228125 0.062500 0.100000
0 0.395000 0.476562 0.130000 0.228125
0 0.442500 0.290625 0.090000 0.106250
0 0.273750 0.343750 0.107500 0.168750
0 0.463750 0.210938 0.102500 0.134375
0 0.321250 0.648438 0.097500 0.159375
0 0.461250 0.762500 0.172500 0.131250
0 0.458750 0.617188 0.167500 0.246875
0 0.623750 0.757812 0.177500 0.146875
0 0.661250 0.189062 0.107500 0.134375
0 0.557500 0.301563 0.110000 0.115625
0 0.566250 0.178125 0.077500 0.106250
0 0.177500 0.350000 0.130000 0.137500
0 0.075000 0.376563 0.090000 0.128125
