0 0.241250 0.651563 0.142500 0.168750
0 0.120000 0.428125 0.105000 0.165625
0 0.738750 0.498437 0.122500 0.321875
0 0.718750 0.070312 0.102500 0.121875
0 0.828750 0.945312 0.142500 0.143750
0 0.901250 0.273438 0.167500 0.278125
0 0.928750 0.782813 0.142500 0.306250
0 0.895000 0.484375 0.205000 0.246875
0 0.372500 0.915625 0.190000 0.121875
0 0.388750 0.089063 0.142500 0.165625
0 0.103750 0.585938 0.132500 0.203125
0 0.510000 0.131250 0.110000 0.112500
0 0.090000 0.781250 0.180000 0.331250
0 0.925000 0.165625 0.150000 0.187500
0 0.702500 0.546875 0.160000 0.331250
0 0.593750 0.967187 0.332500 0.162500
0 0.710000 0.287500 0.210000 0.303125
0 0.373750 0.573438 0.152500 0.146875
0 0.366250 0.270313 0.102500 0.146875
0 0.347500 0.693750 0.095000 0.140625
0 0.821250 0.064062 0.092500 0.159375
0 0.556250 0.342187 0.122500 0.121875
0 0.601250 0.092188 0.147500 0.121875
0 0.793750 0.839063 0.132500 0.115625
0 0.028750 0.789062 0.057500 0.246875
0 0.908750 0.082812 0.132500 0.087500
0 0.205000 0.859375 0.170000 0.175000
0 0.145000 0.393750 0.265000 0.112500
0 0.048750 0.114062 0.097500 0.193750
0 0.957500 0.034375 0.055000 0.084375
0 0.572500 0.218750 0.070000 0.106250
0 0.390000 0.384375 0.080000 0.321875
0 0.472500 0.290625 0.110000 0.109375
0 0.245000 0.350000 0.135000 0.112500
0 0.443750 0.220312 0.127500 0.087500
0 0.333750 0.651563 0.097500 0.140625
0 0.430000 0.775000 0.105000 0.087500
0 0.450000 0.668750 0.130000 0.134375
0 0.533750 0.792188 0.127500 0.100000
0 0.668750 0.151562 0.057500 0.078125
0 0.631250 0.235937 0.072500 0.125000
0 0.592500 0.156250 0.075000 0.093750
