0 0.243750 0.657813 0.122500 0.146875
0 0.125000 0.515625 0.145000 0.156250
0 0.716250 0.551562 0.112500 0.321875
0 0.701250 0.056250 0.137500 0.112500
0 0.822500 0.942187 0.130000 0.115625
0 0.918750 0.303125 0.157500 0.325000
0 0.902500 0.493750 0.195000 0.231250
0 0.305000 0.878125 0.230000 0.143750
0 0.386250 0.085938 0.137500 0.171875
0 0.092500 0.675000 0.165000 0.187500
0 0.503750 0.082812 0.112500 0.140625
0 0.112500 0.881250 0.135000 0.237500
0 0.931250 0.160938 0.137500 0.215625
0 0.702500 0.607812 0.160000 0.340625
0 0.597500 0.857812 0.365000 0.140625
0 0.723750 0.289062 0.202500 0.328125
0 0.411250 0.581250 0.152500 0.143750
0 0.360000 0.271875 0.110000 0.200000
0 0.293750 0.792188 0.202500 0.134375
0 0.836250 0.073438 0.112500 0.146875
0 0.513750 0.396875 0.157500 0.200000
0 0.576250 0.056250 0.122500 0.112500
0 0.878750 0.948438 0.067500 0.103125
0 0.038750 0.942187 0.077500 0.115625
0 0.957500 0.010937 0.075000 0.021875
0 0.130000 0.842187 0.120000 0.203125
0 0.921250 0.032813 0.117500 0.065625
0 0.538750 0.228125 0.062500 0.100000
0 0.396250 0.478125 0.132500 0.225000
0 0.442500 0.290625 0.090000 0.106250
0 0.271250 0.343750 0.107500 0.168750
0 0.462500 0.212500 0.100000 0.137500
0 0.322500 0.648438 0.100000 0.159375
0 0.463750 0.765625 0.172500 0.131250
0 0.458750 0.617188 0.167500 0.240625
0 0.625000 0.757812 0.180000 0.146875
0 0.661250 0.189062 0.107500 0.134375
0 0.557500 0.301563 0.110000 0.115625
0 0.566250 0.178125 0.077500 0.106250
0 0.177500 0.351562 0.130000 0.140625
0 0.072500 0.375000 0.090000 0.131250
0 0.961250 0.964063 0.077500 0.071875
0 0.926250 0.885938 0.077500 0.090625
