0 0.242500 0.656250 0.120000 0.143750
0 0.130000 0.515625 0.145000 0.156250
0 0.713750 0.546875 0.112500 0.325000
0 0.698750 0.054688 0.137500 0.109375
0 0.821250 0.942187 0.127500 0.115625
0 0.918750 0.301563 0.157500 0.328125
0 0.902500 0.492188 0.195000 0.228125
0 0.305000 0.879687 0.235000 0.146875
0 0.386250 0.085938 0.137500 0.171875
0 0.091250 0.673438 0.167500 0.184375
0 0.503750 0.079687 0.112500 0.140625
0 0.112500 0.889062 0.130000 0.221875
0 0.932500 0.160938 0.135000 0.215625
0 0.705000 0.609375 0.160000 0.343750
0 0.602500 0.856250 0.360000 0.137500
0 0.726250 0.289062 0.202500 0.328125
0 0.415000 0.584375 0.155000 0.143750
0 0.361250 0.271875 0.112500 0.200000
0 0.291250 0.795312 0.202500 0.134375
0 0.837500 0.071875 0.115000 0.143750
0 0.510000 0.401562 0.155000 0.203125
0 0.575000 0.056250 0.120000 0.112500
0 0.882500 0.948438 0.065000 0.103125
0 0.041250 0.942187 0.082500 0.115625
0 0.960000 0.010937 0.070000 0.021875
0 0.126250 0.842187 0.117500 0.203125
0 0.920000 0.031250 0.120000 0.062500
0 0.536250 0.228125 0.062500 0.100000
0 0.398750 0.473438 0.137500 0.215625
0 0.438750 0.290625 0.087500 0.106250
0 0.271250 0.342187 0.107500 0.171875
0 0.462500 0.214062 0.095000 0.140625
0 0.318750 0.650000 0.102500 0.156250
0 0.466250 0.764062 0.177500 0.128125
0 0.455000 0.628125 0.170000 0.231250
0 0.631250 0.760938 0.182500 0.146875
0 0.661250 0.193750 0.112500 0.137500
0 0.557500 0.301563 0.110000 0.115625
0 0.568750 0.179688 0.077500 0.109375
0 0.177500 0.353125 0.130000 0.143750
0 0.070000 0.375000 0.090000 0.143750
0 0.963750 0.965625 0.072500 0.068750
0 0.928750 0.893750 0.077500 0.093750
0 0.390000 0.981250 0.080000 0.037500
