0 0.241250 0.657813 0.117500 0.143750
0 0.135000 0.528125 0.145000 0.156250
0 0.712500 0.443750 0.115000 0.325000
0 0.697500 0.087500 0.140000 0.106250
0 0.817500 0.959375 0.120000 0.115625
0 0.920000 0.231250 0.155000 0.334375
0 0.902500 0.503125 0.195000 0.228125
0 0.298750 0.957812 0.237500 0.150000
0 0.385000 0.084375 0.135000 0.175000
0 0.088750 0.689063 0.172500 0.178125
0 0.503750 0.076563 0.112500 0.143750
0 0.116250 0.879687 0.122500 0.196875
0 0.933750 0.135937 0.132500 0.215625
0 0.705000 0.537500 0.160000 0.343750
0 0.613750 1.007812 0.352500 0.134375
0 0.728750 0.248438 0.202500 0.331250
0 0.417500 0.612500 0.155000 0.140625
0 0.365000 0.246875 0.115000 0.200000
0 0.283750 0.854688 0.202500 0.134375
0 0.836250 0.073438 0.117500 0.137500
0 0.503750 0.404687 0.152500 0.209375
0 0.575000 0.071875 0.115000 0.109375
0 0.885000 0.934375 0.060000 0.103125
0 0.043750 0.939063 0.087500 0.115625
0 0.960000 0.043750 0.070000 0.021875
0 0.120000 0.812500 0.115000 0.206250
0 0.912500 0.075000 0.120000 0.056250
0 0.536250 0.217188 0.062500 0.100000
0 0.398750 0.460938 0.147500 0.203125
0 0.435000 0.290625 0.085000 0.106250
0 0.268750 0.320312 0.107500 0.178125
0 0.463750 0.198437 0.087500 0.146875
0 0.320000 0.643750 0.110000 0.153125
0 0.471250 0.817187 0.187500 0.125000
0 0.450000 0.646875 0.170000 0.215625
0 0.643750 0.807813 0.187500 0.146875
0 0.661250 0.198437 0.117500 0.143750
0 0.555000 0.315625 0.110000 0.115625
0 0.568750 0.173437 0.077500 0.112500
0 0.173750 0.360938 0.127500 0.150000
0 0.066250 0.351562 0.092500 0.159375
0 0.967500 0.978125 0.065000 0.062500
0 0.930000 0.906250 0.075000 0.096875
0 0.390000 1.015625 0.090000 0.040625
