0 0.087500 0.104688 0.175000 0.209375
0 0.443750 0.454688 0.362500 0.365625
0 0.643750 0.351562 0.242500 0.434375
0 0.882500 0.392188 0.235000 0.784375
0 0.278750 0.770312 0.352500 0.459375
0 0.866250 0.893750 0.267500 0.212500
0 0.541250 0.100000 0.232500 0.200000
0 0.553750 0.728125 0.242500 0.412500
0 0.760000 0.762500 0.295000 0.368750
0 0.328750 0.187500 0.327500 0.375000
0 0.261250 0.729688 0.067500 0.096875
0 0.166250 0.487500 0.332500 0.343750
0 0.713750 0.118750 0.212500 0.237500
0 0.075000 0.946875 0.150000 0.106250
