0 0.081250 0.101562 0.162500 0.206250
0 0.410000 0.506250 0.370000 0.359375
0 0.642500 0.337500 0.280000 0.396875
0 0.885000 0.143750 0.230000 0.787500
0 0.278750 0.764062 0.337500 0.446875
0 0.858750 0.942187 0.282500 0.234375
0 0.537500 0.146875 0.235000 0.200000
0 0.552500 0.703125 0.250000 0.406250
0 0.760000 0.781250 0.290000 0.346875
0 0.323750 0.204687 0.327500 0.375000
0 0.247500 0.728125 0.065000 0.090625
0 0.157500 0.534375 0.315000 0.403125
0 0.700000 0.134375 0.215000 0.234375
0 0.092500 0.993750 0.185000 0.121875
