0 0.096250 0.107813 0.192500 0.215625
0 0.453750 0.457813 0.347500 0.371875
0 0.651250 0.335938 0.207500 0.453125
0 0.880000 0.389062 0.240000 0.778125
0 0.276250 0.759375 0.367500 0.481250
0 0.875000 0.906250 0.250000 0.187500
0 0.546250 0.100000 0.227500 0.200000
0 0.566250 0.709375 0.247500 0.450000
0 0.758750 0.754687 0.302500 0.396875
0 0.333750 0.185938 0.327500 0.371875
0 0.277500 0.728125 0.070000 0.106250
0 0.175000 0.429688 0.350000 0.290625
0 0.730000 0.121875 0.210000 0.243750
0 0.055000 0.956250 0.110000 0.087500
