0 0.096250 0.120313 0.192500 0.215625
0 0.453750 0.492188 0.347500 0.371875
0 0.652500 0.237500 0.205000 0.453125
0 0.880000 0.150000 0.240000 0.778125
0 0.276250 0.745313 0.367500 0.484375
0 0.876250 0.970313 0.247500 0.184375
0 0.546250 0.142187 0.227500 0.200000
0 0.566250 0.635938 0.247500 0.453125
0 0.760000 0.743750 0.305000 0.396875
0 0.333750 0.204687 0.327500 0.371875
0 0.277500 0.715625 0.070000 0.106250
0 0.175000 0.500000 0.350000 0.296875
0 0.730000 0.131250 0.210000 0.243750
0 0.053750 0.982812 0.107500 0.084375
