0 0.078750 0.103125 0.157500 0.206250
0 0.403750 0.456250 0.372500 0.356250
0 0.641250 0.362500 0.287500 0.387500
0 0.885000 0.393750 0.230000 0.787500
0 0.282500 0.776563 0.335000 0.446875
0 0.857500 0.881250 0.285000 0.237500
0 0.537500 0.100000 0.235000 0.200000
0 0.550000 0.756250 0.250000 0.406250
0 0.761250 0.775000 0.287500 0.343750
0 0.323750 0.187500 0.327500 0.375000
0 0.245000 0.735938 0.065000 0.090625
0 0.156250 0.551562 0.312500 0.415625
0 0.697500 0.117188 0.215000 0.234375
0 0.096250 0.937500 0.192500 0.125000
