0 0.093750 0.106250 0.187500 0.212500
0 0.453750 0.457813 0.352500 0.371875
0 0.648750 0.340625 0.212500 0.462500
0 0.881250 0.389062 0.237500 0.778125
0 0.276250 0.762500 0.362500 0.475000
0 0.873750 0.903125 0.252500 0.193750
0 0.545000 0.100000 0.230000 0.200000
0 0.563750 0.714063 0.247500 0.440625
0 0.761250 0.756250 0.302500 0.387500
0 0.331250 0.185938 0.327500 0.371875
0 0.272500 0.726562 0.070000 0.103125
0 0.173750 0.440625 0.347500 0.293750
0 0.725000 0.120313 0.210000 0.240625
0 0.060000 0.954688 0.120000 0.090625
