0 0.067500 0.087500 0.135000 0.175000
0 0.360000 0.457813 0.385000 0.346875
0 0.638750 0.381250 0.322500 0.356250
0 0.885000 0.390625 0.230000 0.781250
0 0.296250 0.778125 0.317500 0.443750
0 0.848750 0.867188 0.302500 0.265625
0 0.532500 0.100000 0.240000 0.200000
0 0.551250 0.784375 0.262500 0.400000
0 0.761250 0.789062 0.272500 0.321875
0 0.326250 0.200000 0.322500 0.381250
0 0.281250 0.728125 0.062500 0.081250
0 0.142500 0.620313 0.285000 0.465625
0 0.678750 0.114062 0.217500 0.228125
0 0.107500 0.917188 0.215000 0.165625
