0 0.071250 0.092188 0.142500 0.184375
0 0.375000 0.456250 0.380000 0.350000
0 0.641250 0.371875 0.322500 0.350000
0 0.887500 0.396875 0.225000 0.793750
0 0.291250 0.778125 0.322500 0.443750
0 0.850000 0.870313 0.300000 0.259375
0 0.533750 0.100000 0.237500 0.200000
0 0.548750 0.773438 0.257500 0.403125
0 0.761250 0.785937 0.282500 0.321875
0 0.322500 0.192188 0.325000 0.378125
0 0.266250 0.732812 0.062500 0.084375
0 0.147500 0.598437 0.295000 0.453125
0 0.686250 0.114062 0.217500 0.228125
0 0.103750 0.925000 0.207500 0.150000
