0 0.073750 0.095312 0.147500 0.190625
0 0.383750 0.457813 0.377500 0.353125
0 0.640000 0.368750 0.310000 0.362500
0 0.887500 0.395313 0.225000 0.790625
0 0.288750 0.778125 0.327500 0.443750
0 0.852500 0.873437 0.295000 0.253125
0 0.536250 0.100000 0.237500 0.200000
0 0.550000 0.767188 0.255000 0.403125
0 0.760000 0.779687 0.285000 0.328125
0 0.321250 0.189062 0.327500 0.378125
0 0.256250 0.732812 0.062500 0.084375
0 0.151250 0.582812 0.302500 0.446875
0 0.691250 0.115625 0.217500 0.231250
0 0.102500 0.929688 0.205000 0.140625
