0 0.067500 0.085938 0.135000 0.171875
0 0.357500 0.457813 0.385000 0.346875
0 0.641250 0.385937 0.322500 0.359375
0 0.885000 0.390625 0.230000 0.781250
0 0.298750 0.778125 0.317500 0.443750
0 0.848750 0.867188 0.302500 0.265625
0 0.532500 0.100000 0.240000 0.200000
0 0.548750 0.787500 0.262500 0.400000
0 0.762500 0.790625 0.270000 0.325000
0 0.326250 0.200000 0.322500 0.381250
0 0.283750 0.728125 0.062500 0.081250
0 0.141250 0.628125 0.282500 0.468750
0 0.680000 0.114062 0.220000 0.228125
0 0.107500 0.915625 0.215000 0.168750
