0 0.056250 0.070312 0.112500 0.146875
0 0.317500 0.537500 0.395000 0.337500
0 0.642500 0.418750 0.315000 0.384375
0 0.877500 0.153125 0.245000 0.743750
0 0.310000 0.746875 0.300000 0.440625
0 0.852500 0.912500 0.295000 0.271875
0 0.528750 0.157812 0.252500 0.196875
0 0.557500 0.781250 0.265000 0.384375
0 0.767500 0.781250 0.235000 0.343750
0 0.335000 0.218750 0.315000 0.384375
0 0.313750 0.723437 0.062500 0.081250
0 0.128750 0.601562 0.257500 0.496875
0 0.665000 0.143750 0.225000 0.225000
0 0.116250 0.939063 0.232500 0.206250
