0 0.076250 0.098437 0.152500 0.196875
0 0.391250 0.456250 0.377500 0.356250
0 0.641250 0.367188 0.302500 0.371875
0 0.886250 0.395313 0.227500 0.790625
0 0.287500 0.776563 0.330000 0.446875
0 0.853750 0.876563 0.292500 0.246875
0 0.536250 0.100000 0.237500 0.200000
0 0.550000 0.764062 0.255000 0.403125
0 0.760000 0.779687 0.285000 0.334375
0 0.321250 0.189062 0.327500 0.378125
0 0.248750 0.734375 0.062500 0.087500
0 0.152500 0.571875 0.305000 0.437500
0 0.692500 0.115625 0.215000 0.231250
0 0.101250 0.932813 0.202500 0.134375
