0 0.057500 0.071875 0.115000 0.146875
0 0.320000 0.537500 0.395000 0.337500
0 0.640000 0.418750 0.315000 0.384375
0 0.878750 0.151562 0.242500 0.746875
0 0.308750 0.748437 0.302500 0.440625
0 0.852500 0.912500 0.295000 0.271875
0 0.528750 0.157812 0.252500 0.196875
0 0.557500 0.778125 0.265000 0.387500
0 0.766250 0.782813 0.237500 0.343750
0 0.335000 0.218750 0.315000 0.384375
0 0.311250 0.723437 0.062500 0.081250
0 0.130000 0.600000 0.260000 0.496875
0 0.663750 0.142187 0.222500 0.225000
0 0.115000 0.940625 0.230000 0.203125
