0 0.050000 0.064062 0.100000 0.128125
0 0.305000 0.487500 0.375000 0.343750
0 0.642500 0.432812 0.310000 0.403125
0 0.872500 0.359375 0.255000 0.718750
0 0.320000 0.781250 0.290000 0.437500
0 0.855000 0.860938 0.290000 0.278125
0 0.525000 0.096875 0.260000 0.193750
0 0.571250 0.817187 0.262500 0.365625
0 0.768750 0.820312 0.207500 0.359375
0 0.340000 0.226562 0.310000 0.390625
0 0.336250 0.721875 0.062500 0.081250
0 0.118750 0.687500 0.237500 0.543750
0 0.658750 0.150000 0.237500 0.237500
0 0.126250 0.890625 0.252500 0.218750
0 0.068750 0.407813 0.137500 0.278125
