0 0.030000 0.037500 0.060000 0.075000
0 0.288750 0.567187 0.327500 0.353125
0 0.645000 0.440625 0.300000 0.437500
0 0.861250 0.173437 0.277500 0.693750
0 0.341250 0.723437 0.262500 0.440625
0 0.861250 0.889062 0.277500 0.284375
0 0.517500 0.171875 0.275000 0.190625
0 0.596250 0.829688 0.252500 0.328125
0 0.805000 0.809375 0.260000 0.353125
0 0.350000 0.234375 0.300000 0.396875
0 0.376250 0.714063 0.062500 0.081250
0 0.098750 0.370312 0.197500 0.668750
0 0.648750 0.242188 0.262500 0.259375
0 0.145000 0.950000 0.290000 0.231250
0 0.086250 0.323437 0.172500 0.343750
