0 0.023750 0.029687 0.047500 0.059375
0 0.285000 0.553125 0.315000 0.356250
0 0.645000 0.482812 0.300000 0.446875
0 0.858750 0.345313 0.282500 0.690625
0 0.351250 0.778125 0.252500 0.443750
0 0.862500 0.856250 0.275000 0.287500
0 0.517500 0.093750 0.280000 0.187500
0 0.601250 0.835938 0.247500 0.328125
0 0.815000 0.825000 0.275000 0.350000
0 0.353750 0.248438 0.297500 0.396875
0 0.383750 0.693750 0.062500 0.081250
0 0.092500 0.551562 0.185000 0.703125
0 0.647500 0.221875 0.270000 0.262500
0 0.151250 0.881250 0.302500 0.237500
0 0.092500 0.384375 0.185000 0.362500
0 0.031250 0.092188 0.062500 0.078125
