0 0.018750 0.023438 0.037500 0.046875
0 0.282500 0.564063 0.305000 0.359375
0 0.640000 0.487500 0.300000 0.443750
0 0.856250 0.343750 0.287500 0.687500
0 0.357500 0.776563 0.245000 0.446875
0 0.863750 0.856250 0.272500 0.287500
0 0.516250 0.093750 0.282500 0.187500
0 0.606250 0.837500 0.242500 0.325000
0 0.823750 0.826562 0.287500 0.346875
0 0.355000 0.253125 0.295000 0.400000
0 0.388750 0.681250 0.062500 0.081250
0 0.088750 0.532813 0.177500 0.728125
0 0.643750 0.231250 0.272500 0.268750
0 0.155000 0.879687 0.310000 0.240625
0 0.095000 0.381250 0.190000 0.375000
0 0.035000 0.096875 0.070000 0.087500
