0 0.047500 0.059375 0.095000 0.121875
0 0.301250 0.551562 0.367500 0.343750
0 0.641250 0.426563 0.307500 0.409375
0 0.871250 0.160938 0.257500 0.712500
0 0.320000 0.740625 0.285000 0.437500
0 0.856250 0.901563 0.287500 0.278125
0 0.523750 0.164062 0.262500 0.193750
0 0.575000 0.803125 0.260000 0.359375
0 0.771250 0.773438 0.212500 0.359375
0 0.341250 0.223438 0.307500 0.390625
0 0.341250 0.720313 0.062500 0.081250
0 0.116250 0.539062 0.232500 0.559375
0 0.657500 0.187500 0.240000 0.240625
0 0.128750 0.942187 0.257500 0.218750
0 0.071250 0.351562 0.142500 0.287500
