0 0.012500 0.015625 0.025000 0.028125
0 0.271250 0.585938 0.277500 0.365625
0 0.630000 0.475000 0.305000 0.440625
0 0.850000 0.187500 0.300000 0.681250
0 0.380000 0.687500 0.225000 0.453125
0 0.865000 0.878125 0.270000 0.290625
0 0.515000 0.181250 0.290000 0.187500
0 0.617500 0.815625 0.225000 0.325000
0 0.842500 0.850000 0.315000 0.343750
0 0.356250 0.229687 0.292500 0.415625
0 0.403750 0.639062 0.062500 0.081250
0 0.092500 0.268750 0.185000 0.681250
0 0.635000 0.265625 0.265000 0.281250
0 0.160000 0.943750 0.320000 0.256250
0 0.098750 0.304688 0.197500 0.393750
0 0.046250 0.110937 0.092500 0.109375
