0 0.047500 0.060937 0.095000 0.121875
0 0.302500 0.496875 0.365000 0.343750
0 0.643750 0.442188 0.307500 0.409375
0 0.871250 0.354687 0.257500 0.709375
0 0.322500 0.781250 0.285000 0.437500
0 0.856250 0.860938 0.287500 0.278125
0 0.523750 0.096875 0.262500 0.193750
0 0.577500 0.820312 0.260000 0.359375
0 0.775000 0.820312 0.215000 0.359375
0 0.341250 0.229687 0.307500 0.390625
0 0.343750 0.718750 0.062500 0.081250
0 0.115000 0.667188 0.230000 0.565625
0 0.656250 0.160938 0.242500 0.240625
0 0.130000 0.890625 0.260000 0.218750
0 0.072500 0.404687 0.145000 0.290625
