0 0.035000 0.045312 0.070000 0.090625
0 0.291250 0.528125 0.337500 0.350000
0 0.643750 0.462500 0.302500 0.431250
0 0.863750 0.348438 0.272500 0.696875
0 0.335000 0.781250 0.270000 0.437500
0 0.860000 0.857812 0.280000 0.284375
0 0.521250 0.095312 0.272500 0.190625
0 0.590000 0.831250 0.255000 0.337500
0 0.796250 0.823438 0.247500 0.353125
0 0.348750 0.240625 0.302500 0.393750
0 0.368750 0.715625 0.062500 0.081250
0 0.102500 0.604688 0.205000 0.640625
0 0.651250 0.195312 0.257500 0.253125
0 0.141250 0.885938 0.282500 0.228125
0 0.082500 0.393750 0.165000 0.331250
