0 0.277500 0.621875 0.255000 0.371875
0 0.608750 0.535937 0.317500 0.431250
0 0.833750 0.207813 0.332500 0.662500
0 0.383750 0.757812 0.262500 0.406250
0 0.863750 0.876563 0.272500 0.293750
0 0.522500 0.184375 0.295000 0.200000
0 0.637500 0.803125 0.205000 0.325000
0 0.861250 0.751563 0.277500 0.368750
0 0.356250 0.198437 0.282500 0.459375
0 0.378750 0.710938 0.062500 0.081250
0 0.110000 0.262500 0.215000 0.546875
0 0.607500 0.259375 0.245000 0.315625
0 0.140000 0.831250 0.280000 0.343750
0 0.086250 0.301563 0.172500 0.375000
0 0.076250 0.126562 0.152500 0.156250
