0 0.291250 0.667188 0.262500 0.371875
0 0.595000 0.581250 0.325000 0.425000
0 0.825000 0.325000 0.350000 0.650000
0 0.363750 0.826562 0.322500 0.346875
0 0.863750 0.853125 0.272500 0.293750
0 0.530000 0.103125 0.300000 0.206250
0 0.640000 0.837500 0.215000 0.325000
0 0.862500 0.721875 0.275000 0.343750
0 0.358750 0.250000 0.277500 0.487500
0 0.343750 0.765625 0.062500 0.081250
0 0.158750 0.371875 0.262500 0.506250
0 0.595000 0.270313 0.235000 0.334375
0 0.133750 0.804688 0.267500 0.390625
0 0.080000 0.385937 0.160000 0.365625
0 0.091250 0.096875 0.182500 0.175000
