0 0.278750 0.626563 0.257500 0.371875
0 0.607500 0.543750 0.320000 0.428125
0 0.831250 0.210938 0.337500 0.662500
0 0.378750 0.773438 0.272500 0.396875
0 0.863750 0.876563 0.272500 0.293750
0 0.526250 0.185938 0.297500 0.200000
0 0.638750 0.804688 0.207500 0.325000
0 0.862500 0.743750 0.275000 0.371875
0 0.358750 0.195312 0.282500 0.465625
0 0.371250 0.720313 0.062500 0.081250
0 0.118750 0.264062 0.222500 0.540625
0 0.605000 0.259375 0.245000 0.318750
0 0.138750 0.823438 0.277500 0.350000
0 0.085000 0.303125 0.170000 0.371875
0 0.080000 0.125000 0.160000 0.162500
