0 0.268750 0.612500 0.262500 0.368750
0 0.626250 0.515625 0.307500 0.437500
0 0.846250 0.339062 0.307500 0.678125
0 0.391250 0.770312 0.212500 0.459375
0 0.865000 0.853125 0.270000 0.293750
0 0.515000 0.095312 0.290000 0.190625
0 0.623750 0.837500 0.217500 0.325000
0 0.846250 0.812500 0.307500 0.350000
0 0.357500 0.253125 0.290000 0.425000
0 0.411250 0.615625 0.062500 0.081250
0 0.096250 0.470313 0.192500 0.646875
0 0.627500 0.245312 0.260000 0.290625
0 0.156250 0.862500 0.312500 0.275000
0 0.096250 0.378125 0.192500 0.387500
0 0.052500 0.115625 0.105000 0.125000
