0 0.287500 0.664062 0.260000 0.371875
0 0.597500 0.575000 0.325000 0.425000
0 0.825000 0.326562 0.350000 0.653125
0 0.366250 0.820312 0.312500 0.359375
0 0.863750 0.853125 0.272500 0.293750
0 0.530000 0.101562 0.300000 0.203125
0 0.638750 0.837500 0.212500 0.325000
0 0.863750 0.729688 0.272500 0.353125
0 0.356250 0.251563 0.277500 0.484375
0 0.351250 0.756250 0.062500 0.081250
0 0.148750 0.375000 0.252500 0.512500
0 0.596250 0.268750 0.237500 0.331250
0 0.132500 0.807813 0.265000 0.384375
0 0.080000 0.385937 0.160000 0.365625
0 0.090000 0.098437 0.180000 0.171875
