0 0.295000 0.676562 0.265000 0.371875
0 0.592500 0.589063 0.330000 0.421875
0 0.825000 0.320312 0.350000 0.640625
0 0.366250 0.835938 0.337500 0.328125
0 0.862500 0.851562 0.275000 0.296875
0 0.530000 0.103125 0.300000 0.206250
0 0.641250 0.837500 0.217500 0.325000
0 0.862500 0.704688 0.275000 0.328125
0 0.357500 0.248438 0.275000 0.496875
0 0.331250 0.784375 0.062500 0.081250
0 0.173750 0.362500 0.277500 0.493750
0 0.587500 0.275000 0.230000 0.343750
0 0.135000 0.796875 0.270000 0.406250
0 0.081250 0.385937 0.162500 0.384375
0 0.092500 0.098437 0.185000 0.178125
