0 0.297500 0.676562 0.265000 0.371875
0 0.590000 0.592187 0.330000 0.421875
0 0.825000 0.318750 0.350000 0.637500
0 0.368750 0.837500 0.337500 0.325000
0 0.862500 0.851562 0.275000 0.296875
0 0.531250 0.103125 0.297500 0.206250
0 0.641250 0.837500 0.217500 0.325000
0 0.861250 0.703125 0.277500 0.325000
0 0.357500 0.248438 0.275000 0.496875
0 0.331250 0.787500 0.062500 0.081250
0 0.177500 0.360938 0.280000 0.490625
0 0.587500 0.275000 0.230000 0.343750
0 0.135000 0.796875 0.270000 0.406250
0 0.082500 0.385937 0.165000 0.384375
0 0.093750 0.098437 0.187500 0.178125
