0 0.327500 0.709375 0.280000 0.375000
0 0.628750 0.642188 0.347500 0.390625
0 0.822500 0.221875 0.355000 0.578125
0 0.336250 1.029688 0.327500 0.175000
0 0.861250 0.876563 0.277500 0.296875
0 0.533750 0.179688 0.287500 0.212500
0 0.635000 0.843750 0.240000 0.306250
0 0.856250 0.667188 0.287500 0.231250
0 0.338750 0.189062 0.302500 0.503125
0 0.353750 0.804688 0.062500 0.075000
0 0.307500 0.296875 0.265000 0.490625
0 0.557500 0.218750 0.205000 0.393750
0 0.147500 0.715625 0.295000 0.421875
0 0.095000 0.253125 0.190000 0.496875
0 0.106250 0.132812 0.212500 0.209375
