0 0.361250 0.768750 0.297500 0.375000
0 0.672500 0.646875 0.365000 0.356250
0 0.815000 0.260937 0.370000 0.521875
0 0.295000 0.915625 0.400000 0.168750
0 0.857500 0.848437 0.285000 0.303125
0 0.520000 0.110937 0.285000 0.221875
0 0.616250 0.870313 0.267500 0.259375
0 0.868750 0.553125 0.262500 0.262500
0 0.320000 0.245312 0.310000 0.490625
0 0.338750 0.815625 0.062500 0.081250
0 0.333750 0.442188 0.327500 0.528125
0 0.567500 0.304688 0.250000 0.440625
0 0.148750 0.740625 0.297500 0.381250
0 0.103750 0.404687 0.207500 0.490625
0 0.115000 0.134375 0.230000 0.268750
