0 0.371250 0.785937 0.302500 0.378125
0 0.673750 0.704688 0.367500 0.350000
0 0.812500 0.234375 0.375000 0.500000
0 0.283750 1.067187 0.377500 0.168750
0 0.856250 0.876563 0.287500 0.303125
0 0.511250 0.179688 0.287500 0.228125
0 0.608750 0.920312 0.272500 0.250000
0 0.873750 0.573438 0.252500 0.262500
0 0.316250 0.189062 0.302500 0.471875
0 0.303750 0.814063 0.062500 0.081250
0 0.338750 0.414062 0.352500 0.543750
0 0.573750 0.254688 0.272500 0.459375
0 0.145000 0.743750 0.290000 0.403125
0 0.106250 0.301563 0.212500 0.487500
0 0.108750 0.135937 0.217500 0.312500
