0 0.375000 0.789062 0.305000 0.378125
0 0.673750 0.650000 0.367500 0.350000
0 0.812500 0.248438 0.375000 0.496875
0 0.281250 0.915625 0.372500 0.168750
0 0.855000 0.846875 0.290000 0.306250
0 0.508750 0.114062 0.287500 0.228125
0 0.607500 0.875000 0.275000 0.250000
0 0.875000 0.545312 0.250000 0.259375
0 0.315000 0.232813 0.300000 0.465625
0 0.283750 0.831250 0.067500 0.075000
0 0.340000 0.467187 0.350000 0.540625
0 0.576250 0.315625 0.277500 0.462500
0 0.145000 0.768750 0.290000 0.406250
0 0.107500 0.410938 0.215000 0.484375
0 0.107500 0.160938 0.215000 0.321875
