0 0.373750 0.810937 0.297500 0.359375
0 0.666250 0.704688 0.367500 0.350000
0 0.812500 0.234375 0.375000 0.484375
0 0.261250 1.039062 0.332500 0.168750
0 0.851250 0.876563 0.297500 0.309375
0 0.493750 0.182812 0.292500 0.262500
0 0.593750 0.942187 0.282500 0.234375
0 0.883750 0.554688 0.232500 0.253125
0 0.303750 0.176563 0.282500 0.431250
0 0.206250 0.835938 0.057500 0.068750
0 0.351250 0.414062 0.322500 0.509375
0 0.590000 0.293750 0.310000 0.459375
0 0.137500 0.768750 0.275000 0.403125
0 0.102500 0.343750 0.205000 0.434375
0 0.097500 0.121875 0.195000 0.387500
