0 0.373750 0.785937 0.302500 0.378125
0 0.673750 0.650000 0.367500 0.350000
0 0.812500 0.250000 0.375000 0.500000
0 0.282500 0.915625 0.375000 0.168750
0 0.855000 0.846875 0.290000 0.306250
0 0.508750 0.114062 0.287500 0.228125
0 0.608750 0.875000 0.272500 0.250000
0 0.873750 0.546875 0.252500 0.262500
0 0.315000 0.234375 0.300000 0.468750
0 0.296250 0.821875 0.062500 0.081250
0 0.341250 0.465625 0.352500 0.543750
0 0.575000 0.314063 0.275000 0.459375
0 0.145000 0.765625 0.290000 0.406250
0 0.106250 0.412500 0.212500 0.487500
0 0.107500 0.159375 0.215000 0.318750
