0 0.371250 0.785937 0.302500 0.378125
0 0.676250 0.704688 0.367500 0.350000
0 0.812500 0.234375 0.375000 0.503125
0 0.285000 1.068750 0.380000 0.168750
0 0.856250 0.876563 0.287500 0.303125
0 0.511250 0.179688 0.287500 0.228125
0 0.611250 0.920312 0.272500 0.250000
0 0.872500 0.575000 0.255000 0.262500
0 0.316250 0.189062 0.302500 0.471875
0 0.311250 0.804688 0.062500 0.081250
0 0.340000 0.409375 0.350000 0.540625
0 0.572500 0.253125 0.270000 0.456250
0 0.145000 0.740625 0.290000 0.400000
0 0.106250 0.298438 0.212500 0.487500
0 0.108750 0.135937 0.217500 0.309375
