0 0.365000 0.775000 0.300000 0.375000
0 0.676250 0.704688 0.367500 0.350000
0 0.813750 0.232813 0.372500 0.515625
0 0.291250 1.076563 0.392500 0.168750
0 0.857500 0.875000 0.285000 0.303125
0 0.517500 0.178125 0.285000 0.225000
0 0.615000 0.912500 0.270000 0.256250
0 0.870000 0.581250 0.260000 0.262500
0 0.318750 0.192188 0.307500 0.484375
0 0.333750 0.804688 0.062500 0.081250
0 0.336250 0.392188 0.337500 0.534375
0 0.568750 0.245312 0.257500 0.446875
0 0.147500 0.737500 0.295000 0.390625
0 0.105000 0.293750 0.210000 0.490625
0 0.112500 0.140625 0.225000 0.284375
