0 0.368750 0.867188 0.277500 0.306250
0 0.672500 0.709375 0.335000 0.328125
0 0.820000 0.225000 0.360000 0.487500
0 0.182500 1.053125 0.355000 0.168750
0 0.836250 0.885938 0.327500 0.318750
0 0.482500 0.184375 0.295000 0.515625
0 0.573750 1.039062 0.192500 0.081250
0 0.876250 0.576562 0.247500 0.250000
0 0.270000 0.134375 0.215000 0.309375
0 0.123750 0.879687 0.057500 0.065625
0 0.385000 0.443750 0.300000 0.490625
0 0.628750 0.404687 0.372500 0.387500
0 0.135000 0.696875 0.270000 0.334375
0 0.097500 0.453125 0.195000 0.303125
0 0.088750 0.110937 0.177500 0.434375
