0 0.363750 0.870313 0.282500 0.306250
0 0.678750 0.710938 0.322500 0.318750
0 0.821250 0.223438 0.357500 0.484375
0 0.180000 1.053125 0.355000 0.168750
0 0.831250 0.892188 0.337500 0.318750
0 0.480000 0.178125 0.285000 0.521875
0 0.873750 0.582812 0.252500 0.253125
0 0.268750 0.132812 0.212500 0.303125
0 0.116250 0.889062 0.057500 0.068750
0 0.390000 0.440625 0.295000 0.500000
0 0.630000 0.400000 0.365000 0.390625
0 0.137500 0.671875 0.275000 0.331250
0 0.102500 0.456250 0.205000 0.303125
0 0.087500 0.109375 0.175000 0.431250
0 0.531250 0.998437 0.097500 0.062500
0 0.612500 1.003125 0.110000 0.065625
