0 0.366250 0.870313 0.282500 0.306250
0 0.677500 0.709375 0.325000 0.321875
0 0.821250 0.223438 0.357500 0.487500
0 0.180000 1.053125 0.355000 0.168750
0 0.831250 0.892188 0.337500 0.318750
0 0.480000 0.178125 0.285000 0.521875
0 0.875000 0.581250 0.250000 0.253125
0 0.267500 0.131250 0.210000 0.303125
0 0.116250 0.889062 0.057500 0.065625
0 0.388750 0.442188 0.297500 0.496875
0 0.631250 0.401562 0.367500 0.390625
0 0.137500 0.678125 0.275000 0.331250
0 0.101250 0.454688 0.202500 0.303125
0 0.087500 0.109375 0.175000 0.431250
0 0.531250 1.004687 0.097500 0.056250
0 0.613750 1.010938 0.102500 0.053125
