0 0.357500 0.846875 0.300000 0.306250
0 0.700000 0.671875 0.340000 0.312500
0 0.817500 0.231250 0.365000 0.462500
0 0.178750 0.910937 0.357500 0.178125
0 0.816250 0.840625 0.367500 0.318750
0 0.463750 0.268750 0.247500 0.537500
0 0.871250 0.554688 0.257500 0.253125
0 0.273750 0.156250 0.222500 0.312500
0 0.105000 0.904687 0.055000 0.071875
0 0.403750 0.528125 0.282500 0.525000
0 0.635000 0.365625 0.340000 0.393750
0 0.140000 0.617188 0.280000 0.353125
0 0.116250 0.475000 0.232500 0.306250
0 0.085000 0.210938 0.170000 0.421875
0 0.526250 0.970313 0.062500 0.059375
0 0.580000 0.904687 0.165000 0.190625
0 0.491250 0.062500 0.137500 0.125000
