0 0.343750 0.898438 0.327500 0.306250
0 0.730000 0.765625 0.400000 0.312500
0 0.812500 0.234375 0.375000 0.431250
0 0.186250 0.960938 0.372500 0.271875
0 0.787500 0.950000 0.415000 0.309375
0 0.451250 0.179688 0.242500 0.553125
0 0.876250 0.582812 0.247500 0.253125
0 0.278750 0.148438 0.237500 0.328125
0 0.057500 0.915625 0.055000 0.071875
0 0.413750 0.589063 0.422500 0.425000
0 0.637500 0.353125 0.305000 0.400000
0 0.142500 0.550000 0.285000 0.365625
0 0.098750 0.454688 0.197500 0.300000
0 0.081250 0.101562 0.162500 0.406250
0 0.546250 0.870313 0.167500 0.234375
0 0.508750 0.107813 0.172500 0.146875
