0 0.348750 0.892188 0.317500 0.306250
0 0.720000 0.753125 0.380000 0.312500
0 0.813750 0.232813 0.372500 0.440625
0 0.183750 0.989062 0.367500 0.240625
0 0.800000 0.934375 0.400000 0.315625
0 0.453750 0.157812 0.232500 0.553125
0 0.875000 0.584375 0.250000 0.253125
0 0.276250 0.145313 0.232500 0.325000
0 0.072500 0.912500 0.055000 0.071875
0 0.410000 0.540625 0.375000 0.456250
0 0.637500 0.362500 0.315000 0.400000
0 0.141250 0.557813 0.282500 0.384375
0 0.107500 0.459375 0.215000 0.303125
0 0.082500 0.103125 0.165000 0.409375
0 0.552500 0.875000 0.180000 0.237500
0 0.502500 0.100000 0.160000 0.140625
