0 0.340000 0.903125 0.335000 0.306250
0 0.738750 0.773438 0.412500 0.309375
0 0.807500 0.240625 0.385000 0.431250
0 0.187500 0.943750 0.375000 0.290625
0 0.758750 0.979688 0.417500 0.281250
0 0.447500 0.196875 0.250000 0.556250
0 0.877500 0.581250 0.245000 0.253125
0 0.281250 0.151562 0.242500 0.334375
0 0.060000 0.909375 0.055000 0.071875
0 0.421250 0.607812 0.412500 0.431250
0 0.635000 0.343750 0.295000 0.400000
0 0.142500 0.543750 0.285000 0.343750
0 0.090000 0.446875 0.180000 0.296875
0 0.080000 0.100000 0.160000 0.406250
0 0.542500 0.868750 0.160000 0.231250
0 0.513750 0.114062 0.182500 0.153125
0 0.051250 0.723437 0.102500 0.181250
