0 0.338750 0.901563 0.332500 0.306250
0 0.783750 0.782813 0.432500 0.278125
0 0.795000 0.256250 0.410000 0.431250
0 0.187500 0.968750 0.375000 0.265625
0 0.720000 0.984375 0.365000 0.243750
0 0.440000 0.240625 0.270000 0.562500
0 0.882500 0.568750 0.235000 0.265625
0 0.286250 0.157812 0.252500 0.346875
0 0.062500 0.893750 0.055000 0.071875
0 0.450000 0.640625 0.350000 0.484375
0 0.631250 0.320312 0.272500 0.400000
0 0.145000 0.534375 0.290000 0.290625
0 0.070000 0.428125 0.140000 0.287500
0 0.078750 0.098437 0.157500 0.403125
0 0.527500 0.881250 0.135000 0.203125
0 0.522500 0.125000 0.200000 0.162500
0 0.075000 0.725000 0.150000 0.221875
