0 0.348750 0.892188 0.317500 0.306250
0 0.790000 0.765625 0.420000 0.293750
0 0.787500 0.265625 0.425000 0.434375
0 0.187500 0.984375 0.375000 0.250000
0 0.718750 0.942187 0.297500 0.243750
0 0.450000 0.265625 0.270000 0.575000
0 0.887500 0.550000 0.225000 0.284375
0 0.290000 0.162500 0.260000 0.353125
0 0.075000 0.900000 0.055000 0.071875
0 0.465000 0.659375 0.315000 0.515625
0 0.630000 0.309375 0.265000 0.415625
0 0.153750 0.539062 0.302500 0.296875
0 0.057500 0.418750 0.115000 0.284375
0 0.076250 0.095312 0.152500 0.396875
0 0.517500 0.900000 0.120000 0.175000
0 0.520000 0.106250 0.170000 0.143750
0 0.141250 0.710938 0.197500 0.281250
