0 0.353750 0.885938 0.307500 0.306250
0 0.792500 0.759375 0.415000 0.300000
0 0.783750 0.270313 0.432500 0.434375
0 0.187500 0.993750 0.375000 0.240625
0 0.720000 0.918750 0.260000 0.243750
0 0.463750 0.282813 0.267500 0.587500
0 0.890000 0.540625 0.220000 0.293750
0 0.292500 0.165625 0.265000 0.356250
0 0.082500 0.903125 0.055000 0.071875
0 0.473750 0.670312 0.297500 0.515625
0 0.628750 0.304688 0.262500 0.437500
0 0.163750 0.545312 0.312500 0.306250
0 0.051250 0.414062 0.102500 0.281250
0 0.075000 0.093750 0.150000 0.384375
0 0.513750 0.914062 0.112500 0.156250
0 0.518750 0.095312 0.152500 0.131250
0 0.186250 0.704688 0.227500 0.315625
