0 0.350000 0.890625 0.315000 0.306250
0 0.791250 0.764062 0.417500 0.293750
0 0.786250 0.267188 0.427500 0.434375
0 0.187500 0.987500 0.375000 0.246875
0 0.720000 0.934375 0.285000 0.243750
0 0.455000 0.271875 0.270000 0.581250
0 0.887500 0.546875 0.225000 0.287500
0 0.291250 0.164062 0.262500 0.353125
0 0.077500 0.900000 0.055000 0.071875
0 0.468750 0.660937 0.307500 0.521875
0 0.628750 0.307812 0.262500 0.425000
0 0.158750 0.542188 0.307500 0.300000
0 0.055000 0.415625 0.110000 0.281250
0 0.076250 0.095312 0.152500 0.390625
0 0.516250 0.904687 0.117500 0.168750
0 0.520000 0.103125 0.165000 0.137500
0 0.156250 0.707812 0.207500 0.293750
