0 0.356250 0.882812 0.302500 0.306250
0 0.795000 0.750000 0.410000 0.306250
0 0.780000 0.275000 0.440000 0.434375
0 0.187500 1.000000 0.375000 0.234375
0 0.717500 0.906250 0.235000 0.240625
0 0.473750 0.292187 0.267500 0.596875
0 0.891250 0.532813 0.217500 0.303125
0 0.293750 0.167187 0.267500 0.359375
0 0.087500 0.903125 0.055000 0.071875
0 0.480000 0.678125 0.290000 0.503125
0 0.627500 0.300000 0.260000 0.453125
0 0.167500 0.550000 0.320000 0.315625
0 0.045000 0.412500 0.090000 0.268750
0 0.073750 0.092188 0.147500 0.375000
0 0.508750 0.920312 0.107500 0.146875
0 0.518750 0.089063 0.142500 0.121875
0 0.196250 0.701562 0.247500 0.325000
