0 0.360000 0.846875 0.310000 0.306250
0 0.802500 0.643750 0.395000 0.325000
0 0.770000 0.218750 0.460000 0.437500
0 0.187500 0.895312 0.375000 0.209375
0 0.690000 0.889062 0.140000 0.221875
0 0.505000 0.481250 0.260000 0.625000
0 0.897500 0.546875 0.205000 0.331250
0 0.275000 0.179688 0.290000 0.359375
0 0.122500 0.876563 0.055000 0.071875
0 0.501250 0.775000 0.257500 0.450000
0 0.623750 0.381250 0.257500 0.506250
0 0.186250 0.518750 0.342500 0.343750
0 0.018750 0.487500 0.037500 0.143750
0 0.070000 0.173437 0.140000 0.346875
0 0.495000 0.940625 0.070000 0.118750
0 0.502500 0.051562 0.090000 0.103125
0 0.232500 0.673438 0.320000 0.346875
