0 0.360000 0.887500 0.310000 0.306250
0 0.803750 0.726562 0.392500 0.325000
0 0.770000 0.287500 0.460000 0.437500
0 0.187500 1.025000 0.375000 0.209375
0 0.690000 0.862500 0.135000 0.221875
0 0.506250 0.332813 0.262500 0.628125
0 0.897500 0.506250 0.205000 0.331250
0 0.273750 0.182812 0.292500 0.359375
0 0.125000 0.871875 0.055000 0.071875
0 0.503750 0.714063 0.257500 0.446875
0 0.623750 0.285938 0.257500 0.509375
0 0.186250 0.560937 0.342500 0.343750
0 0.018750 0.442188 0.037500 0.143750
0 0.068750 0.085938 0.137500 0.343750
0 0.493750 0.923438 0.067500 0.118750
0 0.501250 0.054688 0.087500 0.103125
0 0.236250 0.710938 0.327500 0.343750
