0 0.367500 0.881250 0.300000 0.306250
0 0.811250 0.698438 0.377500 0.346875
0 0.762500 0.296875 0.475000 0.437500
0 0.187500 1.043750 0.375000 0.190625
0 0.668750 0.873437 0.102500 0.190625
0 0.510000 0.359375 0.285000 0.646875
0 0.902500 0.496875 0.195000 0.331250
0 0.258750 0.195312 0.312500 0.359375
0 0.150000 0.881250 0.055000 0.071875
0 0.523750 0.739062 0.232500 0.406250
0 0.622500 0.278125 0.255000 0.556250
0 0.197500 0.571875 0.355000 0.371875
0 0.012500 0.465625 0.025000 0.112500
0 0.065000 0.081250 0.130000 0.318750
0 0.488750 0.920312 0.057500 0.115625
0 0.467500 0.096875 0.155000 0.190625
0 0.281250 0.854688 0.422500 0.287500
