0 0.361250 0.889062 0.312500 0.306250
0 0.803750 0.723437 0.392500 0.328125
0 0.768750 0.289062 0.462500 0.437500
0 0.187500 1.028125 0.375000 0.206250
0 0.687500 0.859375 0.125000 0.218750
0 0.507500 0.337500 0.265000 0.628125
0 0.897500 0.506250 0.205000 0.334375
0 0.272500 0.184375 0.295000 0.359375
0 0.130000 0.868750 0.055000 0.071875
0 0.506250 0.717187 0.252500 0.440625
0 0.623750 0.285938 0.257500 0.515625
0 0.190000 0.562500 0.345000 0.346875
0 0.017500 0.443750 0.035000 0.137500
0 0.068750 0.085938 0.137500 0.340625
0 0.495000 0.925000 0.065000 0.115625
0 0.495000 0.059375 0.095000 0.115625
0 0.242500 0.731250 0.340000 0.337500
