0 0.366250 0.846875 0.302500 0.306250
0 0.810000 0.637500 0.380000 0.343750
0 0.762500 0.220312 0.475000 0.440625
0 0.187500 0.903125 0.375000 0.193750
0 0.672500 0.901563 0.105000 0.196875
0 0.510000 0.503125 0.280000 0.643750
0 0.901250 0.540625 0.197500 0.337500
0 0.261250 0.179688 0.307500 0.359375
0 0.145000 0.879687 0.055000 0.071875
0 0.520000 0.793750 0.235000 0.412500
0 0.622500 0.393750 0.255000 0.550000
0 0.197500 0.532813 0.355000 0.365625
0 0.013750 0.501563 0.027500 0.115625
0 0.066250 0.160938 0.132500 0.321875
0 0.488750 0.942187 0.057500 0.115625
0 0.470000 0.090625 0.150000 0.181250
0 0.273750 0.726562 0.407500 0.296875
