0 0.370000 0.878125 0.295000 0.306250
0 0.813750 0.689063 0.372500 0.350000
0 0.765000 0.293750 0.470000 0.434375
0 0.187500 1.050000 0.375000 0.184375
0 0.662500 0.878125 0.095000 0.181250
0 0.513750 0.370312 0.292500 0.653125
0 0.903750 0.495312 0.192500 0.325000
0 0.253750 0.198437 0.317500 0.359375
0 0.157500 0.884375 0.055000 0.071875
0 0.522500 0.740625 0.235000 0.406250
0 0.621250 0.273438 0.252500 0.568750
0 0.197500 0.571875 0.355000 0.384375
0 0.011250 0.473438 0.022500 0.100000
0 0.063750 0.079687 0.127500 0.312500
0 0.488750 0.920312 0.057500 0.115625
0 0.475000 0.093750 0.150000 0.209375
0 0.296250 0.898438 0.452500 0.268750
