0 0.362500 0.846875 0.310000 0.306250
0 0.805000 0.643750 0.390000 0.331250
0 0.767500 0.218750 0.465000 0.437500
0 0.187500 0.896875 0.375000 0.206250
0 0.685000 0.892188 0.120000 0.215625
0 0.506250 0.487500 0.267500 0.631250
0 0.898750 0.543750 0.202500 0.337500
0 0.271250 0.179688 0.297500 0.359375
0 0.132500 0.870313 0.055000 0.071875
0 0.507500 0.781250 0.250000 0.437500
0 0.623750 0.385937 0.257500 0.521875
0 0.191250 0.521875 0.347500 0.350000
0 0.016250 0.492188 0.032500 0.134375
0 0.068750 0.168750 0.137500 0.337500
0 0.492500 0.942187 0.060000 0.115625
0 0.492500 0.062500 0.105000 0.125000
0 0.247500 0.693750 0.350000 0.331250
