0 0.371250 0.870313 0.282500 0.306250
0 0.830000 0.634375 0.340000 0.390625
0 0.777500 0.278125 0.445000 0.412500
0 0.185000 1.046875 0.370000 0.184375
0 0.672500 0.943750 0.045000 0.084375
0 0.521250 0.423438 0.337500 0.696875
0 0.913750 0.495312 0.172500 0.271875
0 0.247500 0.200000 0.320000 0.378125
0 0.257500 0.890625 0.055000 0.071875
0 0.528750 0.757812 0.252500 0.400000
0 0.646250 0.289062 0.252500 0.600000
0 0.197500 0.578125 0.355000 0.465625
0 0.042500 0.053125 0.085000 0.303125
0 0.480000 0.915625 0.050000 0.115625
0 0.493750 0.092188 0.147500 0.303125
0 0.148750 0.889062 0.297500 0.296875
