0 0.376250 0.870313 0.282500 0.306250
0 0.822500 0.659375 0.355000 0.371875
0 0.771250 0.285938 0.457500 0.421875
0 0.186250 1.048437 0.372500 0.184375
0 0.670000 0.906250 0.070000 0.137500
0 0.518750 0.398438 0.317500 0.675000
0 0.908750 0.495312 0.182500 0.296875
0 0.248750 0.201563 0.322500 0.365625
0 0.210000 0.890625 0.055000 0.071875
0 0.527500 0.750000 0.245000 0.403125
0 0.622500 0.265625 0.250000 0.612500
0 0.197500 0.575000 0.355000 0.428125
0 0.006250 0.498437 0.012500 0.071875
0 0.053750 0.067187 0.107500 0.303125
0 0.483750 0.917188 0.052500 0.115625
0 0.497500 0.084375 0.135000 0.268750
0 0.211250 0.882812 0.377500 0.318750
