0 0.376250 0.846875 0.282500 0.306250
0 0.821250 0.621875 0.357500 0.368750
0 0.770000 0.212500 0.460000 0.425000
0 0.186250 0.907813 0.372500 0.184375
0 0.668750 0.929688 0.072500 0.140625
0 0.517500 0.537500 0.315000 0.675000
0 0.908750 0.531250 0.182500 0.300000
0 0.248750 0.182812 0.322500 0.365625
0 0.200000 0.892188 0.055000 0.071875
0 0.526250 0.798438 0.242500 0.403125
0 0.620000 0.412500 0.250000 0.612500
0 0.197500 0.564063 0.355000 0.421875
0 0.006250 0.526563 0.012500 0.071875
0 0.055000 0.153125 0.110000 0.306250
0 0.483750 0.942187 0.052500 0.115625
0 0.495000 0.131250 0.135000 0.262500
0 0.221250 0.803125 0.387500 0.312500
