0 0.368750 0.846875 0.282500 0.306250
0 0.830000 0.628125 0.340000 0.418750
0 0.776250 0.201563 0.447500 0.403125
0 0.182500 0.907813 0.365000 0.184375
0 0.683750 0.976562 0.032500 0.046875
0 0.528750 0.585938 0.342500 0.678125
0 0.915000 0.518750 0.170000 0.262500
0 0.245000 0.193750 0.315000 0.387500
0 0.270000 0.904687 0.055000 0.071875
0 0.540000 0.823438 0.240000 0.353125
0 0.673750 0.445312 0.257500 0.590625
0 0.200000 0.607812 0.340000 0.484375
0 0.042500 0.159375 0.085000 0.318750
0 0.475000 0.943750 0.050000 0.112500
0 0.482500 0.164062 0.170000 0.328125
0 0.110000 0.895312 0.220000 0.209375
