0 0.366250 0.846875 0.282500 0.306250
0 0.831250 0.635938 0.337500 0.434375
0 0.773750 0.198437 0.452500 0.396875
0 0.182500 0.907813 0.365000 0.184375
0 0.698750 0.982812 0.027500 0.034375
0 0.531250 0.603125 0.342500 0.662500
0 0.915000 0.518750 0.170000 0.268750
0 0.243750 0.198437 0.312500 0.396875
0 0.282500 0.895312 0.055000 0.071875
0 0.558750 0.868750 0.202500 0.262500
0 0.687500 0.456250 0.260000 0.581250
0 0.206250 0.620313 0.322500 0.484375
0 0.045000 0.165625 0.090000 0.331250
0 0.470000 0.945312 0.060000 0.109375
0 0.475000 0.171875 0.185000 0.343750
0 0.092500 0.912500 0.185000 0.175000
