0 0.363750 0.846875 0.282500 0.306250
0 0.831250 0.643750 0.337500 0.450000
0 0.771250 0.196875 0.457500 0.393750
0 0.181250 0.907813 0.362500 0.184375
0 0.708750 0.982812 0.027500 0.034375
0 0.533750 0.620313 0.342500 0.646875
0 0.915000 0.517188 0.170000 0.271875
0 0.243750 0.201563 0.312500 0.403125
0 0.292500 0.892188 0.055000 0.071875
0 0.583750 0.910937 0.187500 0.178125
0 0.700000 0.460938 0.260000 0.565625
0 0.208750 0.629687 0.302500 0.484375
0 0.048750 0.171875 0.097500 0.343750
0 0.466250 0.946875 0.067500 0.106250
0 0.471250 0.178125 0.192500 0.356250
0 0.087500 0.910937 0.175000 0.178125
