0 0.363750 0.870313 0.282500 0.306250
0 0.831250 0.629687 0.337500 0.456250
0 0.770000 0.287500 0.460000 0.390625
0 0.181250 1.042188 0.362500 0.184375
0 0.708750 0.982812 0.027500 0.034375
0 0.533750 0.517188 0.342500 0.643750
0 0.915000 0.487500 0.170000 0.271875
0 0.243750 0.195312 0.312500 0.403125
0 0.297500 0.893750 0.055000 0.071875
0 0.591250 0.960938 0.187500 0.156250
0 0.702500 0.343750 0.260000 0.556250
0 0.211250 0.576562 0.297500 0.484375
0 0.050000 0.062500 0.100000 0.346875
0 0.463750 0.939063 0.067500 0.103125
0 0.470000 0.121875 0.195000 0.359375
0 0.086250 0.929688 0.172500 0.178125
