0 0.361250 0.870313 0.282500 0.306250
0 0.828750 0.642188 0.342500 0.465625
0 0.765000 0.293750 0.470000 0.381250
0 0.206250 1.035937 0.312500 0.159375
0 0.546250 0.564063 0.342500 0.615625
0 0.915000 0.478125 0.170000 0.281250
0 0.243750 0.195312 0.312500 0.403125
0 0.330000 0.921875 0.055000 0.071875
0 0.623750 0.998437 0.197500 0.125000
0 0.732500 0.384375 0.260000 0.475000
0 0.205000 0.581250 0.270000 0.484375
0 0.057500 0.071875 0.115000 0.381250
0 0.463750 0.964063 0.067500 0.078125
0 0.460000 0.134375 0.215000 0.400000
0 0.063750 0.910937 0.127500 0.168750
