0 0.090000 0.873437 0.180000 0.253125
0 0.466250 0.384375 0.427500 0.350000
0 0.236250 0.795312 0.232500 0.409375
0 0.921250 0.217188 0.157500 0.153125
0 0.411250 0.189062 0.152500 0.378125
0 0.610000 0.135937 0.140000 0.271875
0 0.083750 0.351562 0.167500 0.340625
0 0.203750 0.129688 0.192500 0.259375
0 0.950000 0.635938 0.100000 0.334375
0 0.256250 0.401562 0.192500 0.259375
0 0.648750 0.867188 0.242500 0.265625
0 0.480000 0.042188 0.135000 0.084375
0 0.473750 0.664062 0.422500 0.196875
0 0.817500 0.507812 0.155000 0.346875
0 0.862500 0.779687 0.280000 0.440625
