0 0.091250 0.864062 0.182500 0.250000
0 0.466250 0.476562 0.422500 0.350000
0 0.236250 0.748437 0.232500 0.396875
0 0.921250 0.242188 0.157500 0.153125
0 0.408750 0.110937 0.152500 0.365625
0 0.610000 0.093750 0.140000 0.268750
0 0.081250 0.282813 0.162500 0.340625
0 0.205000 0.121875 0.195000 0.262500
0 0.950000 0.540625 0.100000 0.328125
0 0.256250 0.401562 0.192500 0.250000
0 0.646250 0.895312 0.242500 0.256250
0 0.480000 0.084375 0.135000 0.093750
0 0.471250 0.829688 0.417500 0.200000
0 0.816250 0.432812 0.157500 0.343750
0 0.858750 0.745313 0.272500 0.425000
