0 0.090000 0.859375 0.180000 0.253125
0 0.463750 0.476562 0.427500 0.350000
0 0.236250 0.732812 0.232500 0.412500
0 0.921250 0.239063 0.157500 0.153125
0 0.411250 0.092188 0.152500 0.381250
0 0.610000 0.087500 0.140000 0.275000
0 0.083750 0.285938 0.167500 0.340625
0 0.203750 0.120313 0.192500 0.259375
0 0.950000 0.528125 0.100000 0.334375
0 0.256250 0.389062 0.192500 0.262500
0 0.648750 0.882812 0.242500 0.268750
0 0.480000 0.084375 0.135000 0.081250
0 0.473750 0.829688 0.422500 0.193750
0 0.817500 0.431250 0.155000 0.346875
0 0.862500 0.731250 0.280000 0.443750
