0 0.100000 0.884375 0.200000 0.240625
0 0.476250 0.473438 0.387500 0.343750
0 0.233750 0.832812 0.227500 0.309375
0 0.922500 0.250000 0.155000 0.168750
0 0.386250 0.229687 0.152500 0.271875
0 0.605000 0.131250 0.140000 0.234375
0 0.067500 0.278125 0.135000 0.331250
0 0.206250 0.139063 0.202500 0.268750
0 0.950000 0.606250 0.100000 0.303125
0 0.246250 0.479687 0.192500 0.184375
0 0.627500 0.934375 0.230000 0.209375
0 0.475000 0.081250 0.130000 0.162500
0 0.467500 0.821875 0.395000 0.228125
0 0.827500 0.450000 0.180000 0.328125
0 0.831250 0.807813 0.222500 0.331250
0 0.898750 0.089063 0.142500 0.090625
