0 0.095000 0.887500 0.190000 0.231250
0 0.433750 0.476562 0.312500 0.343750
0 0.233750 0.842187 0.217500 0.293750
0 0.922500 0.253125 0.155000 0.175000
0 0.378750 0.267188 0.152500 0.243750
0 0.605000 0.140625 0.140000 0.225000
0 0.063750 0.276562 0.127500 0.328125
0 0.207500 0.143750 0.205000 0.271875
0 0.950000 0.628125 0.100000 0.293750
0 0.241250 0.504687 0.192500 0.162500
0 0.617500 0.925000 0.220000 0.212500
0 0.473750 0.079687 0.127500 0.184375
0 0.472500 0.765625 0.375000 0.275000
0 0.828750 0.454688 0.187500 0.321875
0 0.820000 0.800000 0.215000 0.334375
0 0.888750 0.089063 0.142500 0.109375
