0 0.086250 0.893750 0.172500 0.212500
0 0.322500 0.571875 0.125000 0.337500
0 0.231250 0.870313 0.197500 0.259375
0 0.928750 0.248438 0.142500 0.178125
0 0.353750 0.340625 0.207500 0.200000
0 0.595000 0.162500 0.145000 0.243750
0 0.055000 0.362500 0.110000 0.318750
0 0.210000 0.159375 0.210000 0.275000
0 0.950000 0.746875 0.100000 0.287500
0 0.223750 0.485938 0.192500 0.159375
0 0.596250 0.893750 0.207500 0.212500
0 0.468750 0.109375 0.127500 0.218750
0 0.490000 0.592187 0.325000 0.403125
0 0.843750 0.495312 0.192500 0.315625
0 0.796250 0.826562 0.197500 0.346875
0 0.868750 0.073438 0.142500 0.146875
