0 0.305000 0.487500 0.095000 0.331250
0 0.201250 0.901563 0.257500 0.259375
0 0.931250 0.245312 0.137500 0.178125
0 0.342500 0.415625 0.230000 0.184375
0 0.588750 0.117188 0.147500 0.259375
0 0.051250 0.276562 0.102500 0.309375
0 0.210000 0.156250 0.210000 0.278125
0 0.950000 0.668750 0.100000 0.300000
0 0.216250 0.535937 0.192500 0.159375
0 0.586250 0.926562 0.207500 0.203125
0 0.463750 0.079687 0.127500 0.231250
0 0.496250 0.523438 0.302500 0.456250
0 0.852500 0.453125 0.190000 0.312500
0 0.787500 0.768750 0.190000 0.350000
0 0.866250 0.092188 0.147500 0.159375
