0 0.301250 0.593750 0.087500 0.337500
0 0.217500 0.870313 0.225000 0.259375
0 0.930000 0.248438 0.140000 0.178125
0 0.348750 0.353125 0.217500 0.193750
0 0.590000 0.159375 0.145000 0.250000
0 0.053750 0.365625 0.107500 0.318750
0 0.210000 0.162500 0.210000 0.275000
0 0.950000 0.750000 0.100000 0.293750
0 0.221250 0.489063 0.192500 0.159375
0 0.591250 0.895312 0.207500 0.209375
0 0.466250 0.112500 0.127500 0.225000
0 0.492500 0.576562 0.315000 0.428125
0 0.847500 0.492188 0.190000 0.315625
0 0.791250 0.825000 0.192500 0.350000
0 0.867500 0.078125 0.145000 0.156250
