0 0.086250 0.895312 0.172500 0.212500
0 0.351250 0.479687 0.172500 0.340625
0 0.233750 0.860938 0.202500 0.265625
0 0.926250 0.251563 0.147500 0.178125
0 0.358750 0.345313 0.192500 0.212500
0 0.598750 0.139063 0.142500 0.231250
0 0.057500 0.271875 0.115000 0.321875
0 0.208750 0.151562 0.207500 0.275000
0 0.950000 0.662500 0.100000 0.278125
0 0.228750 0.520312 0.192500 0.159375
0 0.601250 0.914062 0.207500 0.215625
0 0.471250 0.079687 0.127500 0.212500
0 0.483750 0.635938 0.337500 0.371875
0 0.836250 0.457813 0.192500 0.315625
0 0.803750 0.782813 0.202500 0.343750
0 0.873750 0.089063 0.142500 0.137500
