0 0.305000 0.593750 0.095000 0.331250
0 0.205000 0.870313 0.255000 0.259375
0 0.931250 0.248438 0.137500 0.178125
0 0.341250 0.360938 0.227500 0.184375
0 0.588750 0.157812 0.147500 0.259375
0 0.051250 0.364063 0.102500 0.309375
0 0.210000 0.164062 0.210000 0.278125
0 0.950000 0.756250 0.100000 0.300000
0 0.216250 0.495312 0.192500 0.159375
0 0.588750 0.896875 0.207500 0.206250
0 0.466250 0.115625 0.127500 0.231250
0 0.495000 0.564063 0.305000 0.453125
0 0.852500 0.490625 0.190000 0.312500
0 0.787500 0.825000 0.190000 0.350000
0 0.865000 0.079687 0.145000 0.159375
