0 0.086250 0.893750 0.172500 0.212500
0 0.315000 0.581250 0.110000 0.337500
0 0.225000 0.870313 0.210000 0.259375
0 0.928750 0.248438 0.142500 0.178125
0 0.350000 0.345313 0.210000 0.196875
0 0.592500 0.160938 0.145000 0.246875
0 0.053750 0.362500 0.107500 0.318750
0 0.210000 0.162500 0.210000 0.275000
0 0.950000 0.748437 0.100000 0.290625
0 0.223750 0.489063 0.192500 0.159375
0 0.593750 0.895312 0.207500 0.209375
0 0.468750 0.110937 0.127500 0.221875
0 0.490000 0.585938 0.320000 0.415625
0 0.846250 0.492188 0.192500 0.315625
0 0.795000 0.826562 0.195000 0.346875
0 0.868750 0.075000 0.142500 0.150000
