0 0.307500 0.496875 0.100000 0.325000
0 0.181250 0.926562 0.297500 0.259375
0 0.933750 0.245312 0.132500 0.175000
0 0.335000 0.421875 0.230000 0.184375
0 0.582500 0.109375 0.150000 0.271875
0 0.048750 0.279687 0.097500 0.300000
0 0.211250 0.160938 0.212500 0.278125
0 0.950000 0.671875 0.100000 0.309375
0 0.211250 0.542188 0.192500 0.159375
0 0.581250 0.929688 0.207500 0.200000
0 0.461250 0.079687 0.127500 0.237500
0 0.498750 0.473438 0.287500 0.493750
0 0.858750 0.448437 0.187500 0.312500
0 0.783750 0.764062 0.187500 0.353125
0 0.865000 0.093750 0.150000 0.165625
