0 0.311250 0.634375 0.177500 0.306250
0 0.152500 0.929688 0.305000 0.140625
0 0.938750 0.228125 0.122500 0.175000
0 0.272500 0.420312 0.230000 0.184375
0 0.545000 0.192188 0.195000 0.315625
0 0.027500 0.392188 0.055000 0.209375
0 0.215000 0.192188 0.225000 0.290625
0 0.938750 0.790625 0.122500 0.331250
0 0.168750 0.551562 0.192500 0.159375
0 0.533750 0.904687 0.212500 0.190625
0 0.441250 0.143750 0.117500 0.287500
0 0.505000 0.493750 0.270000 0.550000
0 0.885000 0.429688 0.180000 0.296875
0 0.751250 0.823438 0.187500 0.353125
0 0.851250 0.106250 0.177500 0.212500
