0 0.297500 0.612500 0.205000 0.315625
0 0.142500 1.040625 0.285000 0.137500
0 0.951250 0.179688 0.097500 0.140625
0 0.245000 0.493750 0.230000 0.184375
0 0.505000 0.221875 0.195000 0.309375
0 0.017500 0.365625 0.035000 0.156250
0 0.217500 0.196875 0.230000 0.293750
0 0.931250 0.714063 0.137500 0.331250
0 0.148750 0.610938 0.192500 0.159375
0 0.522500 0.950000 0.220000 0.187500
0 0.431250 0.067187 0.107500 0.303125
0 0.502500 0.362500 0.265000 0.565625
0 0.891250 0.398438 0.162500 0.246875
0 0.741250 0.754687 0.187500 0.362500
0 0.841250 0.117188 0.187500 0.228125
