0 0.298750 0.614062 0.207500 0.315625
0 0.141250 1.039062 0.282500 0.137500
0 0.953750 0.173437 0.092500 0.134375
0 0.245000 0.496875 0.230000 0.184375
0 0.501250 0.226562 0.192500 0.309375
0 0.016250 0.367188 0.032500 0.150000
0 0.217500 0.196875 0.230000 0.293750
0 0.930000 0.715625 0.140000 0.331250
0 0.148750 0.614062 0.192500 0.159375
0 0.522500 0.950000 0.220000 0.187500
0 0.431250 0.067187 0.107500 0.306250
0 0.502500 0.362500 0.265000 0.565625
0 0.892500 0.400000 0.160000 0.240625
0 0.741250 0.754687 0.187500 0.362500
0 0.838750 0.117188 0.187500 0.231250
