0 0.306250 0.643750 0.197500 0.312500
0 0.148750 0.929688 0.297500 0.140625
0 0.938750 0.221875 0.122500 0.175000
0 0.262500 0.429688 0.230000 0.184375
0 0.540000 0.204687 0.205000 0.321875
0 0.023750 0.403125 0.047500 0.187500
0 0.216250 0.195312 0.227500 0.290625
0 0.935000 0.790625 0.130000 0.331250
0 0.161250 0.557813 0.192500 0.159375
0 0.530000 0.906250 0.215000 0.187500
0 0.436250 0.146875 0.112500 0.293750
0 0.503750 0.490625 0.267500 0.556250
0 0.888750 0.425000 0.172500 0.275000
0 0.746250 0.821875 0.187500 0.356250
0 0.846250 0.110937 0.182500 0.221875
