0 0.288750 0.614062 0.217500 0.321875
0 0.132500 1.028125 0.265000 0.137500
0 0.946250 0.167187 0.077500 0.121875
0 0.236250 0.501563 0.217500 0.193750
0 0.448750 0.304688 0.177500 0.290625
0 0.015000 0.378125 0.030000 0.137500
0 0.220000 0.209375 0.235000 0.300000
0 0.922500 0.734375 0.155000 0.331250
0 0.142500 0.646875 0.210000 0.159375
0 0.512500 0.959375 0.230000 0.184375
0 0.420000 0.062500 0.100000 0.318750
0 0.503750 0.339062 0.262500 0.581250
0 0.911250 0.376563 0.157500 0.234375
0 0.731250 0.745313 0.187500 0.371875
0 0.830000 0.121875 0.195000 0.243750
