0 0.297500 0.640625 0.210000 0.318750
0 0.140000 0.931250 0.280000 0.137500
0 0.957500 0.173437 0.085000 0.121875
0 0.240000 0.448437 0.230000 0.184375
0 0.490000 0.278125 0.190000 0.306250
0 0.015000 0.429688 0.030000 0.140625
0 0.217500 0.204687 0.230000 0.296875
0 0.928750 0.793750 0.142500 0.331250
0 0.143750 0.576562 0.192500 0.159375
0 0.521250 0.906250 0.222500 0.187500
0 0.427500 0.154688 0.105000 0.309375
0 0.502500 0.478125 0.265000 0.568750
0 0.893750 0.417187 0.157500 0.234375
0 0.738750 0.817187 0.187500 0.365625
0 0.836250 0.117188 0.187500 0.234375
