0 0.281250 0.610938 0.222500 0.328125
0 0.122500 1.012500 0.245000 0.140625
0 0.911250 0.164062 0.077500 0.112500
0 0.232500 0.503125 0.210000 0.200000
0 0.462500 0.296875 0.185000 0.271875
0 0.221250 0.214062 0.237500 0.303125
0 0.916250 0.751563 0.167500 0.331250
0 0.146250 0.673438 0.227500 0.159375
0 0.493750 0.970313 0.237500 0.178125
0 0.405000 0.062500 0.100000 0.312500
0 0.502500 0.328125 0.260000 0.587500
0 0.921250 0.360938 0.157500 0.231250
0 0.728750 0.739062 0.187500 0.378125
0 0.823750 0.123438 0.197500 0.250000
0 0.032500 0.040625 0.065000 0.103125
