0 0.256250 0.629687 0.227500 0.328125
0 0.088750 0.948438 0.177500 0.162500
0 0.868750 0.195312 0.077500 0.103125
0 0.198750 0.523438 0.197500 0.209375
0 0.490000 0.281250 0.200000 0.228125
0 0.168750 0.285938 0.267500 0.259375
0 0.901250 0.785937 0.187500 0.331250
0 0.060000 0.628125 0.120000 0.181250
0 0.448750 0.998437 0.242500 0.153125
0 0.373750 0.070312 0.112500 0.400000
0 0.493750 0.379688 0.262500 0.546875
0 0.921250 0.329688 0.137500 0.234375
0 0.698750 0.679688 0.172500 0.428125
0 0.815000 0.125000 0.200000 0.256250
0 0.082500 0.103125 0.165000 0.178125
0 0.960000 0.050000 0.080000 0.206250
