0 0.243750 0.642188 0.227500 0.328125
0 0.067500 0.921875 0.135000 0.162500
0 0.861250 0.223438 0.077500 0.103125
0 0.158750 0.551562 0.197500 0.209375
0 0.506250 0.264062 0.202500 0.209375
0 0.146250 0.320312 0.282500 0.237500
0 0.888750 0.785937 0.187500 0.331250
0 0.031250 0.607812 0.062500 0.181250
0 0.427500 1.009375 0.240000 0.140625
0 0.358750 0.076563 0.122500 0.462500
0 0.486250 0.423438 0.262500 0.512500
0 0.685000 0.653125 0.165000 0.450000
0 0.813750 0.123438 0.197500 0.256250
0 0.103750 0.132812 0.207500 0.209375
0 0.948750 0.064062 0.102500 0.206250
0 0.898750 0.439063 0.092500 0.134375
0 0.931250 0.279687 0.092500 0.156250
