0 0.261250 0.648438 0.227500 0.328125
0 0.092500 0.918750 0.185000 0.162500
0 0.871250 0.192188 0.077500 0.103125
0 0.208750 0.498437 0.197500 0.209375
0 0.486250 0.276562 0.197500 0.234375
0 0.177500 0.245312 0.265000 0.265625
0 0.903750 0.834375 0.187500 0.331250
0 0.067500 0.640625 0.135000 0.181250
0 0.455000 0.921875 0.245000 0.156250
0 0.377500 0.192188 0.110000 0.384375
0 0.495000 0.482812 0.260000 0.553125
0 0.925000 0.357812 0.145000 0.221875
0 0.702500 0.789062 0.175000 0.421875
0 0.816250 0.128125 0.202500 0.256250
0 0.076250 0.084375 0.152500 0.168750
0 0.962500 0.103125 0.075000 0.206250
