0 0.213750 0.684375 0.237500 0.337500
0 0.041250 0.935937 0.082500 0.128125
0 0.826250 0.207813 0.077500 0.103125
0 0.097500 0.579688 0.195000 0.209375
0 0.586250 0.106250 0.152500 0.181250
0 0.142500 0.314063 0.285000 0.234375
0 0.866250 0.832812 0.187500 0.321875
0 0.380000 0.946875 0.220000 0.106250
0 0.338750 0.350000 0.127500 0.256250
0 0.472500 0.534375 0.275000 0.493750
0 0.662500 0.795312 0.165000 0.409375
0 0.811250 0.126562 0.192500 0.253125
0 0.142500 0.139063 0.285000 0.209375
0 0.898750 0.285938 0.082500 0.165625
0 0.911250 0.503125 0.122500 0.287500
0 0.973750 0.201563 0.052500 0.278125
0 0.071250 0.025000 0.142500 0.050000
0 0.330000 0.054688 0.100000 0.109375
