0 0.231250 0.673438 0.227500 0.328125
0 0.051250 0.918750 0.102500 0.162500
0 0.853750 0.239063 0.077500 0.103125
0 0.126250 0.557813 0.197500 0.209375
0 0.542500 0.179688 0.180000 0.196875
0 0.142500 0.285938 0.285000 0.234375
0 0.878750 0.834375 0.187500 0.331250
0 0.012500 0.676562 0.025000 0.153125
0 0.407500 0.935937 0.235000 0.128125
0 0.346250 0.296875 0.127500 0.375000
0 0.481250 0.532813 0.267500 0.490625
0 0.675000 0.782813 0.165000 0.434375
0 0.812500 0.126562 0.195000 0.253125
0 0.121250 0.123438 0.242500 0.209375
0 0.923750 0.189062 0.087500 0.171875
0 0.906250 0.479687 0.107500 0.209375
0 0.965000 0.237500 0.070000 0.250000
