0 0.207500 0.685937 0.245000 0.340625
0 0.036250 0.942187 0.072500 0.115625
0 0.811250 0.185938 0.077500 0.103125
0 0.097500 0.582812 0.195000 0.209375
0 0.601250 0.084375 0.142500 0.168750
0 0.142500 0.323437 0.285000 0.234375
0 0.858750 0.829688 0.187500 0.309375
0 0.368750 0.950000 0.212500 0.100000
0 0.340000 0.350000 0.130000 0.256250
0 0.468750 0.534375 0.277500 0.493750
0 0.657500 0.800000 0.165000 0.400000
0 0.811250 0.125000 0.192500 0.250000
0 0.141250 0.143750 0.282500 0.212500
0 0.892500 0.301563 0.095000 0.190625
0 0.922500 0.510938 0.120000 0.328125
0 0.973750 0.192188 0.052500 0.278125
0 0.077500 0.023438 0.155000 0.046875
0 0.322500 0.059375 0.100000 0.118750
