0 0.173750 0.692187 0.272500 0.356250
0 0.013750 0.970313 0.027500 0.046875
0 0.778750 0.107813 0.077500 0.103125
0 0.091250 0.607812 0.182500 0.206250
0 0.645000 0.043750 0.070000 0.062500
0 0.142500 0.431250 0.285000 0.234375
0 0.821250 0.810937 0.187500 0.237500
0 0.311250 1.042188 0.192500 0.078125
0 0.342500 0.303125 0.135000 0.243750
0 0.453750 0.467187 0.292500 0.500000
0 0.603750 0.732812 0.182500 0.381250
0 0.807500 0.115625 0.185000 0.246875
0 0.137500 0.218750 0.275000 0.237500
0 0.885000 0.343750 0.125000 0.259375
0 0.960000 0.484375 0.080000 0.359375
0 0.968750 0.051562 0.062500 0.290625
0 0.091250 0.114062 0.182500 0.053125
0 0.293750 0.064062 0.102500 0.150000
