0 0.183750 0.685937 0.262500 0.353125
0 0.017500 0.965625 0.035000 0.056250
0 0.786250 0.123438 0.077500 0.103125
0 0.092500 0.603125 0.185000 0.209375
0 0.628750 0.064062 0.102500 0.100000
0 0.142500 0.415625 0.285000 0.234375
0 0.833750 0.804688 0.187500 0.262500
0 0.331250 1.042188 0.192500 0.078125
0 0.341250 0.304688 0.132500 0.246875
0 0.458750 0.464062 0.287500 0.496875
0 0.630000 0.725000 0.170000 0.381250
0 0.808750 0.117188 0.187500 0.250000
0 0.138750 0.217188 0.277500 0.228125
0 0.882500 0.312500 0.125000 0.259375
0 0.948750 0.392188 0.102500 0.440625
0 0.972500 0.059375 0.055000 0.281250
0 0.097500 0.121875 0.195000 0.043750
0 0.297500 0.062500 0.100000 0.140625
