0 0.176250 0.692187 0.272500 0.359375
0 0.013750 0.970313 0.027500 0.046875
0 0.778750 0.107813 0.077500 0.103125
0 0.091250 0.607812 0.182500 0.206250
0 0.641250 0.048438 0.077500 0.071875
0 0.142500 0.428125 0.285000 0.234375
0 0.823750 0.810937 0.187500 0.240625
0 0.316250 1.042188 0.192500 0.078125
0 0.342500 0.303125 0.135000 0.243750
0 0.453750 0.467187 0.292500 0.500000
0 0.610000 0.731250 0.180000 0.381250
0 0.808750 0.117188 0.187500 0.246875
0 0.137500 0.215625 0.275000 0.234375
0 0.885000 0.337500 0.125000 0.259375
0 0.957500 0.465625 0.085000 0.378125
0 0.970000 0.053125 0.060000 0.287500
0 0.093750 0.117188 0.187500 0.050000
0 0.292500 0.062500 0.100000 0.150000
