0 0.173750 0.698438 0.272500 0.353125
0 0.776250 0.114062 0.077500 0.103125
0 0.088750 0.603125 0.177500 0.206250
0 0.647500 0.006250 0.070000 0.012500
0 0.142500 0.389062 0.285000 0.234375
0 0.813750 0.806250 0.187500 0.237500
0 0.290000 0.960938 0.185000 0.078125
0 0.346250 0.337500 0.137500 0.237500
0 0.446250 0.534375 0.297500 0.500000
0 0.575000 0.807813 0.195000 0.384375
0 0.807500 0.123438 0.185000 0.246875
0 0.135000 0.173437 0.270000 0.246875
0 0.890000 0.423438 0.125000 0.259375
0 0.971250 0.684375 0.057500 0.281250
0 0.963750 0.150000 0.072500 0.300000
0 0.081250 0.031250 0.162500 0.062500
0 0.291250 0.079687 0.102500 0.159375
