0 0.173750 0.692187 0.272500 0.353125
0 0.776250 0.110937 0.077500 0.103125
0 0.088750 0.610938 0.177500 0.206250
0 0.647500 0.043750 0.070000 0.025000
0 0.142500 0.443750 0.285000 0.234375
0 0.816250 0.807813 0.187500 0.237500
0 0.295000 1.040625 0.190000 0.078125
0 0.343750 0.304688 0.137500 0.240625
0 0.448750 0.470313 0.297500 0.503125
0 0.583750 0.739062 0.192500 0.381250
0 0.807500 0.115625 0.185000 0.246875
0 0.136250 0.217188 0.272500 0.243750
0 0.887500 0.365625 0.125000 0.259375
0 0.968750 0.554688 0.062500 0.300000
0 0.965000 0.046875 0.070000 0.296875
0 0.083750 0.104688 0.167500 0.059375
0 0.291250 0.064062 0.102500 0.156250
