0 0.171250 0.693750 0.272500 0.350000
0 0.771250 0.117188 0.077500 0.103125
0 0.086250 0.609375 0.172500 0.206250
0 0.140000 0.398438 0.280000 0.234375
0 0.808750 0.803125 0.187500 0.237500
0 0.266250 0.960938 0.172500 0.078125
0 0.347500 0.335938 0.140000 0.234375
0 0.446250 0.531250 0.302500 0.487500
0 0.557500 0.807813 0.210000 0.384375
0 0.806250 0.121875 0.182500 0.243750
0 0.133750 0.181250 0.267500 0.256250
0 0.895000 0.451562 0.125000 0.259375
0 0.977500 0.715625 0.045000 0.243750
0 0.963750 0.142187 0.072500 0.265625
0 0.077500 0.034375 0.150000 0.068750
0 0.290000 0.082812 0.105000 0.165625
