0 0.168750 0.681250 0.272500 0.337500
0 0.771250 0.104688 0.077500 0.103125
0 0.075000 0.618750 0.150000 0.256250
0 0.133750 0.407813 0.267500 0.234375
0 0.793750 0.793750 0.187500 0.237500
0 0.192500 0.951562 0.180000 0.096875
0 0.350000 0.326562 0.145000 0.221875
0 0.446250 0.525000 0.312500 0.450000
0 0.526250 0.801562 0.257500 0.396875
0 0.802500 0.120313 0.175000 0.240625
0 0.132500 0.200000 0.265000 0.262500
0 0.907500 0.520312 0.125000 0.259375
0 0.971250 0.096875 0.057500 0.193750
0 0.097500 0.025000 0.150000 0.050000
0 0.281250 0.078125 0.107500 0.156250
0 0.630000 0.056250 0.110000 0.112500
