0 0.168750 0.682813 0.272500 0.337500
0 0.771250 0.101562 0.077500 0.103125
0 0.076250 0.585938 0.152500 0.253125
0 0.133750 0.457813 0.267500 0.234375
0 0.793750 0.792188 0.187500 0.237500
0 0.195000 1.018750 0.180000 0.093750
0 0.350000 0.306250 0.145000 0.221875
0 0.446250 0.495312 0.312500 0.450000
0 0.527500 0.762500 0.255000 0.396875
0 0.803750 0.110937 0.177500 0.240625
0 0.132500 0.234375 0.265000 0.262500
0 0.907500 0.465625 0.125000 0.259375
0 0.971250 0.035937 0.057500 0.196875
0 0.095000 0.093750 0.150000 0.050000
0 0.281250 0.067187 0.107500 0.159375
0 0.631250 0.067187 0.107500 0.109375
