0 0.171250 0.689063 0.272500 0.343750
0 0.768750 0.114062 0.077500 0.103125
0 0.083750 0.604688 0.167500 0.221875
0 0.138750 0.457813 0.277500 0.234375
0 0.803750 0.798438 0.187500 0.237500
0 0.246250 1.023438 0.167500 0.081250
0 0.348750 0.304688 0.142500 0.231250
0 0.447500 0.481250 0.305000 0.475000
0 0.550000 0.753125 0.225000 0.387500
0 0.805000 0.112500 0.180000 0.243750
0 0.132500 0.221875 0.265000 0.262500
0 0.897500 0.421875 0.125000 0.259375
0 0.982500 0.665625 0.035000 0.206250
0 0.963750 0.057813 0.072500 0.237500
0 0.082500 0.093750 0.150000 0.062500
0 0.288750 0.067187 0.107500 0.171875
