0 0.161250 0.692187 0.272500 0.315625
0 0.773750 0.095312 0.077500 0.103125
0 0.072500 0.578125 0.145000 0.256250
0 0.130000 0.459375 0.260000 0.234375
0 0.788750 0.792188 0.187500 0.237500
0 0.173750 1.004687 0.192500 0.115625
0 0.353750 0.307812 0.147500 0.215625
0 0.443750 0.504687 0.317500 0.431250
0 0.547500 0.771875 0.230000 0.371875
0 0.803750 0.107813 0.172500 0.240625
0 0.132500 0.243750 0.265000 0.262500
0 0.917500 0.490625 0.130000 0.268750
0 0.965000 0.043750 0.070000 0.140625
0 0.107500 0.093750 0.150000 0.040625
0 0.275000 0.065625 0.105000 0.137500
0 0.620000 0.078125 0.125000 0.150000
0 0.046250 0.057813 0.092500 0.115625
