0 0.156250 0.679688 0.272500 0.303125
0 0.773750 0.095312 0.077500 0.103125
0 0.072500 0.610938 0.145000 0.246875
0 0.128750 0.417187 0.257500 0.234375
0 0.786250 0.793750 0.187500 0.237500
0 0.166250 0.939063 0.197500 0.121875
0 0.356250 0.323437 0.147500 0.215625
0 0.445000 0.521875 0.320000 0.425000
0 0.555000 0.820312 0.220000 0.359375
0 0.803750 0.118750 0.172500 0.237500
0 0.132500 0.212500 0.265000 0.262500
0 0.920000 0.553125 0.130000 0.275000
0 0.963750 0.059375 0.072500 0.118750
0 0.123750 0.015625 0.112500 0.031250
0 0.275000 0.065625 0.105000 0.131250
0 0.618750 0.078125 0.127500 0.156250
0 0.057500 0.060937 0.115000 0.121875
