0 0.138750 0.681250 0.272500 0.250000
0 0.773750 0.089063 0.077500 0.103125
0 0.072500 0.595313 0.145000 0.209375
0 0.125000 0.423438 0.250000 0.234375
0 0.780000 0.792188 0.195000 0.240625
0 0.165000 0.925000 0.210000 0.150000
0 0.368750 0.329688 0.147500 0.215625
0 0.433750 0.517188 0.342500 0.434375
0 0.577500 0.845313 0.205000 0.309375
0 0.801250 0.118750 0.167500 0.237500
0 0.132500 0.225000 0.265000 0.262500
0 0.930000 0.578125 0.135000 0.293750
0 0.958750 0.048438 0.082500 0.096875
0 0.145000 0.009375 0.065000 0.018750
0 0.275000 0.065625 0.110000 0.131250
0 0.610000 0.087500 0.140000 0.175000
0 0.068750 0.067187 0.137500 0.134375
