0 0.127500 0.692187 0.255000 0.240625
0 0.768750 0.089063 0.077500 0.103125
0 0.071250 0.592187 0.142500 0.184375
0 0.125000 0.445312 0.250000 0.234375
0 0.770000 0.792188 0.210000 0.246875
0 0.180000 0.910937 0.220000 0.178125
0 0.378750 0.332813 0.147500 0.215625
0 0.426250 0.512500 0.367500 0.443750
0 0.588750 0.851562 0.202500 0.296875
0 0.798750 0.125000 0.172500 0.250000
0 0.132500 0.237500 0.265000 0.262500
0 0.932500 0.598437 0.135000 0.296875
0 0.956250 0.040625 0.087500 0.081250
0 0.145000 0.009375 0.065000 0.018750
0 0.276250 0.068750 0.117500 0.137500
0 0.606250 0.095312 0.147500 0.190625
0 0.065000 0.075000 0.130000 0.150000
