0 0.133750 0.685937 0.267500 0.240625
0 0.771250 0.089063 0.077500 0.103125
0 0.072500 0.589063 0.145000 0.190625
0 0.125000 0.432812 0.250000 0.234375
0 0.775000 0.790625 0.200000 0.243750
0 0.172500 0.918750 0.215000 0.162500
0 0.373750 0.329688 0.147500 0.215625
0 0.430000 0.515625 0.355000 0.437500
0 0.587500 0.862500 0.210000 0.275000
0 0.801250 0.117188 0.167500 0.234375
0 0.132500 0.231250 0.265000 0.262500
0 0.932500 0.589063 0.135000 0.296875
0 0.957500 0.045312 0.085000 0.090625
0 0.145000 0.009375 0.065000 0.018750
0 0.273750 0.067187 0.112500 0.134375
0 0.607500 0.092188 0.145000 0.184375
0 0.067500 0.070312 0.135000 0.140625
