0 0.131250 0.732812 0.262500 0.240625
0 0.771250 0.085938 0.077500 0.103125
0 0.072500 0.584375 0.145000 0.187500
0 0.125000 0.478125 0.250000 0.234375
0 0.773750 0.795312 0.202500 0.243750
0 0.172500 0.965625 0.215000 0.168750
0 0.376250 0.314063 0.147500 0.215625
0 0.428750 0.517188 0.357500 0.440625
0 0.590000 0.856250 0.210000 0.275000
0 0.798750 0.104688 0.167500 0.237500
0 0.132500 0.265625 0.265000 0.262500
0 0.932500 0.528125 0.135000 0.296875
0 0.957500 0.053125 0.085000 0.087500
0 0.145000 0.040625 0.065000 0.018750
0 0.275000 0.071875 0.115000 0.134375
0 0.606250 0.092188 0.147500 0.190625
0 0.066250 0.082812 0.132500 0.143750
