0 0.105000 0.734375 0.210000 0.240625
0 0.746250 0.148438 0.077500 0.103125
0 0.065000 0.606250 0.130000 0.165625
0 0.132500 0.525000 0.265000 0.234375
0 0.755000 0.809375 0.235000 0.259375
0 0.215000 0.984375 0.210000 0.146875
0 0.401250 0.314063 0.147500 0.215625
0 0.400000 0.512500 0.415000 0.512500
0 0.585000 0.728125 0.175000 0.381250
0 0.787500 0.118750 0.190000 0.300000
0 0.143750 0.304688 0.287500 0.271875
0 0.932500 0.565625 0.135000 0.296875
0 0.935000 0.046875 0.075000 0.193750
0 0.145000 0.040625 0.065000 0.018750
0 0.277500 0.081250 0.130000 0.153125
0 0.618750 0.092188 0.147500 0.190625
0 0.067500 0.084375 0.135000 0.165625
