0 0.075000 0.718750 0.150000 0.240625
0 0.718750 0.229687 0.077500 0.103125
0 0.041250 0.598437 0.082500 0.159375
0 0.145000 0.559375 0.290000 0.234375
0 0.745000 0.815625 0.255000 0.265625
0 0.238750 1.020312 0.202500 0.106250
0 0.425000 0.325000 0.165000 0.246875
0 0.375000 0.531250 0.480000 0.581250
0 0.576250 0.729688 0.152500 0.365625
0 0.778750 0.123438 0.197500 0.356250
0 0.161250 0.345313 0.322500 0.284375
0 0.932500 0.575000 0.135000 0.296875
0 0.942500 0.087500 0.100000 0.237500
0 0.145000 0.040625 0.065000 0.018750
0 0.297500 0.084375 0.135000 0.156250
0 0.631250 0.092188 0.147500 0.190625
0 0.078750 0.098437 0.157500 0.168750
