0 0.078750 0.723437 0.157500 0.240625
0 0.718750 0.223438 0.077500 0.103125
0 0.045000 0.600000 0.090000 0.159375
0 0.143750 0.557813 0.287500 0.234375
0 0.745000 0.815625 0.255000 0.265625
0 0.236250 1.017187 0.202500 0.109375
0 0.423750 0.323437 0.162500 0.243750
0 0.377500 0.528125 0.475000 0.578125
0 0.576250 0.723437 0.152500 0.371875
0 0.778750 0.123438 0.197500 0.350000
0 0.160000 0.340625 0.320000 0.284375
0 0.932500 0.575000 0.135000 0.296875
0 0.945000 0.087500 0.100000 0.234375
0 0.145000 0.040625 0.065000 0.018750
0 0.295000 0.084375 0.135000 0.156250
0 0.631250 0.092188 0.147500 0.190625
0 0.077500 0.096875 0.155000 0.168750
