0 0.098750 0.732812 0.197500 0.240625
0 0.738750 0.173437 0.077500 0.103125
0 0.063750 0.610938 0.127500 0.159375
0 0.135000 0.482812 0.270000 0.234375
0 0.751250 0.790625 0.242500 0.262500
0 0.225000 0.932813 0.205000 0.134375
0 0.407500 0.331250 0.150000 0.218750
0 0.393750 0.510938 0.427500 0.540625
0 0.583750 0.809375 0.167500 0.381250
0 0.783750 0.156250 0.192500 0.312500
0 0.148750 0.268750 0.297500 0.275000
0 0.932500 0.635938 0.135000 0.296875
0 0.938750 0.109375 0.082500 0.206250
0 0.145000 0.009375 0.065000 0.018750
0 0.280000 0.078125 0.135000 0.156250
0 0.623750 0.095312 0.147500 0.190625
0 0.071250 0.082812 0.142500 0.165625
