0 0.093750 0.739062 0.187500 0.240625
0 0.731250 0.192188 0.077500 0.103125
0 0.060000 0.612500 0.120000 0.159375
0 0.138750 0.542188 0.277500 0.234375
0 0.748750 0.814063 0.247500 0.262500
0 0.230000 1.003125 0.205000 0.125000
0 0.412500 0.318750 0.155000 0.228125
0 0.387500 0.503125 0.440000 0.562500
0 0.580000 0.718750 0.160000 0.381250
0 0.781250 0.123438 0.197500 0.325000
0 0.153750 0.326562 0.307500 0.278125
0 0.932500 0.575000 0.135000 0.296875
0 0.938750 0.067187 0.087500 0.215625
0 0.145000 0.040625 0.065000 0.018750
0 0.285000 0.084375 0.135000 0.156250
0 0.626250 0.092188 0.147500 0.190625
0 0.073750 0.092188 0.147500 0.165625
