0 0.063750 0.745313 0.127500 0.240625
0 0.723750 0.232813 0.077500 0.103125
0 0.031250 0.632812 0.062500 0.159375
0 0.147500 0.501563 0.295000 0.234375
0 0.745000 0.789062 0.255000 0.265625
0 0.242500 0.946875 0.200000 0.106250
0 0.432500 0.351562 0.170000 0.259375
0 0.368750 0.526563 0.502500 0.590625
0 0.571250 0.828125 0.152500 0.343750
0 0.776250 0.187500 0.197500 0.375000
0 0.166250 0.290625 0.332500 0.287500
0 0.932500 0.639062 0.135000 0.296875
0 0.946250 0.157812 0.107500 0.246875
0 0.305000 0.078125 0.135000 0.156250
0 0.636250 0.095312 0.147500 0.190625
0 0.081250 0.084375 0.162500 0.168750
