0 0.043750 0.682813 0.087500 0.240625
0 0.738750 0.232813 0.077500 0.103125
0 0.031250 0.582812 0.062500 0.159375
0 0.151250 0.585938 0.302500 0.234375
0 0.745000 0.815625 0.255000 0.265625
0 0.246250 1.007812 0.192500 0.112500
0 0.437500 0.334375 0.180000 0.240625
0 0.357500 0.575000 0.545000 0.606250
0 0.563750 0.789062 0.147500 0.303125
0 0.771250 0.123438 0.197500 0.409375
0 0.170000 0.362500 0.340000 0.290625
0 0.932500 0.575000 0.135000 0.296875
0 0.946250 0.101562 0.107500 0.246875
0 0.317500 0.084375 0.135000 0.156250
0 0.643750 0.092188 0.147500 0.190625
0 0.086250 0.107813 0.172500 0.171875
