0 0.073750 0.717187 0.147500 0.240625
0 0.718750 0.229687 0.077500 0.103125
0 0.040000 0.596875 0.080000 0.159375
0 0.145000 0.562500 0.290000 0.234375
0 0.745000 0.815625 0.255000 0.265625
0 0.241250 1.023438 0.202500 0.103125
0 0.425000 0.325000 0.165000 0.250000
0 0.375000 0.534375 0.485000 0.581250
0 0.573750 0.735938 0.152500 0.359375
0 0.776250 0.123438 0.197500 0.359375
0 0.162500 0.346875 0.325000 0.287500
0 0.932500 0.575000 0.135000 0.296875
0 0.943750 0.092188 0.102500 0.237500
0 0.145000 0.040625 0.065000 0.018750
0 0.297500 0.084375 0.135000 0.156250
0 0.633750 0.092188 0.147500 0.190625
0 0.078750 0.098437 0.157500 0.168750
