0 0.578750 0.806250 0.162500 0.262500
0 0.438750 0.206250 0.117500 0.218750
0 0.326250 0.725000 0.322500 0.300000
0 0.580000 0.968750 0.115000 0.062500
0 0.526250 0.907813 0.097500 0.096875
0 0.617500 0.109375 0.155000 0.218750
0 0.142500 0.378125 0.120000 0.406250
0 0.575000 0.345313 0.145000 0.196875
0 0.662500 0.164062 0.115000 0.240625
0 0.693750 0.490625 0.197500 0.262500
0 0.802500 0.235937 0.200000 0.234375
0 0.960000 0.662500 0.080000 0.262500
0 0.971250 0.260937 0.057500 0.190625
0 0.536250 0.464062 0.107500 0.278125
0 0.956250 0.417187 0.087500 0.190625
0 0.880000 0.057813 0.130000 0.115625
