0 0.573750 0.773438 0.162500 0.262500
0 0.443750 0.164062 0.107500 0.218750
0 0.327500 0.790625 0.320000 0.284375
0 0.583750 1.004687 0.112500 0.065625
0 0.526250 0.895312 0.087500 0.100000
0 0.606250 0.092188 0.147500 0.234375
0 0.145000 0.256250 0.125000 0.412500
0 0.580000 0.337500 0.145000 0.196875
0 0.682500 0.075000 0.115000 0.240625
0 0.701250 0.482812 0.197500 0.262500
0 0.805000 0.225000 0.195000 0.246875
0 0.960000 0.568750 0.080000 0.246875
0 0.970000 0.187500 0.060000 0.200000
0 0.535000 0.387500 0.105000 0.256250
0 0.955000 0.368750 0.090000 0.203125
0 0.893750 0.070312 0.112500 0.103125
