0 0.588750 0.776563 0.162500 0.262500
0 0.428750 0.182812 0.137500 0.221875
0 0.320000 0.746875 0.325000 0.331250
0 0.528750 0.995313 0.137500 0.090625
0 0.552500 0.962500 0.115000 0.087500
0 0.632500 0.096875 0.155000 0.206250
0 0.138750 0.239063 0.112500 0.400000
0 0.597500 0.378125 0.145000 0.196875
0 0.632500 0.203125 0.130000 0.218750
0 0.683750 0.489063 0.197500 0.262500
0 0.797500 0.281250 0.200000 0.228125
0 0.960000 0.600000 0.080000 0.309375
0 0.972500 0.246875 0.055000 0.156250
0 0.536250 0.395313 0.107500 0.318750
0 0.960000 0.396875 0.080000 0.181250
0 0.858750 0.085938 0.137500 0.159375
