0 0.588750 0.770312 0.162500 0.262500
0 0.410000 0.246875 0.155000 0.168750
0 0.317500 0.743750 0.325000 0.331250
0 0.510000 0.990625 0.145000 0.100000
0 0.563750 0.970313 0.117500 0.084375
0 0.638750 0.095312 0.152500 0.206250
0 0.136250 0.239063 0.112500 0.400000
0 0.605000 0.387500 0.145000 0.196875
0 0.628750 0.235937 0.142500 0.200000
0 0.681250 0.492188 0.197500 0.262500
0 0.796250 0.295312 0.202500 0.228125
0 0.957500 0.615625 0.080000 0.321875
0 0.973750 0.248438 0.052500 0.159375
0 0.536250 0.398438 0.107500 0.334375
0 0.961250 0.410938 0.077500 0.196875
0 0.843750 0.092188 0.147500 0.178125
