0 0.591250 0.787500 0.162500 0.262500
0 0.372500 0.265625 0.180000 0.112500
0 0.310000 0.703125 0.325000 0.331250
0 0.498750 0.942187 0.157500 0.115625
0 0.571250 0.945312 0.117500 0.084375
0 0.642500 0.096875 0.150000 0.193750
0 0.136250 0.362500 0.112500 0.400000
0 0.618750 0.414062 0.142500 0.196875
0 0.611250 0.257812 0.157500 0.171875
0 0.651250 0.559375 0.162500 0.268750
0 0.795000 0.301563 0.210000 0.221875
0 0.957500 0.765625 0.085000 0.337500
0 0.975000 0.300000 0.050000 0.162500
0 0.538750 0.515625 0.107500 0.362500
0 0.960000 0.459375 0.075000 0.193750
0 0.820000 0.106250 0.165000 0.212500
