0 0.582500 0.840625 0.195000 0.156250
0 0.351250 0.268750 0.187500 0.112500
0 0.303750 0.698438 0.322500 0.334375
0 0.501250 0.935937 0.167500 0.128125
0 0.572500 0.940625 0.120000 0.087500
0 0.643750 0.089063 0.147500 0.178125
0 0.133750 0.356250 0.112500 0.400000
0 0.630000 0.432812 0.120000 0.196875
0 0.575000 0.270313 0.155000 0.171875
0 0.590000 0.687500 0.085000 0.287500
0 0.793750 0.337500 0.207500 0.212500
0 0.956250 0.831250 0.082500 0.300000
0 0.977500 0.309375 0.045000 0.168750
0 0.538750 0.535937 0.107500 0.390625
0 0.958750 0.428125 0.072500 0.162500
0 0.813750 0.132812 0.187500 0.234375
