0 0.585000 0.859375 0.190000 0.178125
0 0.353750 0.329688 0.187500 0.112500
0 0.305000 0.737500 0.325000 0.331250
0 0.500000 0.978125 0.165000 0.125000
0 0.571250 0.970313 0.117500 0.084375
0 0.643750 0.092188 0.147500 0.178125
0 0.136250 0.229687 0.112500 0.400000
0 0.627500 0.409375 0.125000 0.196875
0 0.580000 0.278125 0.160000 0.162500
0 0.600000 0.584375 0.100000 0.284375
0 0.795000 0.353125 0.210000 0.215625
0 0.955000 0.709375 0.085000 0.318750
0 0.977500 0.253125 0.045000 0.165625
0 0.538750 0.404687 0.107500 0.390625
0 0.958750 0.395313 0.072500 0.168750
0 0.811250 0.123438 0.182500 0.231250
