0 0.587500 0.850000 0.175000 0.131250
0 0.343750 0.265625 0.187500 0.112500
0 0.308750 0.687500 0.317500 0.350000
0 0.503750 0.931250 0.172500 0.137500
0 0.585000 0.945312 0.130000 0.109375
0 0.641250 0.092188 0.152500 0.184375
0 0.133750 0.353125 0.112500 0.400000
0 0.638750 0.442188 0.107500 0.190625
0 0.555000 0.295312 0.135000 0.196875
0 0.583750 0.721875 0.082500 0.262500
0 0.788750 0.365625 0.197500 0.212500
0 0.960000 0.878125 0.080000 0.243750
0 0.978750 0.314063 0.042500 0.171875
0 0.541250 0.542188 0.107500 0.390625
0 0.955000 0.414062 0.070000 0.146875
0 0.825000 0.154688 0.200000 0.240625
