0 0.648750 0.821875 0.117500 0.287500
0 0.326250 0.256250 0.187500 0.112500
0 0.273750 0.656250 0.247500 0.356250
0 0.448750 0.882812 0.267500 0.215625
0 0.628750 0.976562 0.087500 0.046875
0 0.612500 0.118750 0.160000 0.231250
0 0.133750 0.310937 0.122500 0.403125
0 0.658750 0.448437 0.097500 0.159375
0 0.528750 0.335938 0.147500 0.190625
0 0.593750 0.754687 0.082500 0.221875
0 0.772500 0.439063 0.140000 0.221875
0 0.921250 0.912500 0.157500 0.175000
0 0.545000 0.589063 0.125000 0.384375
0 0.937500 0.407813 0.070000 0.146875
0 0.786250 0.240625 0.207500 0.225000
0 0.978750 0.453125 0.042500 0.306250
0 0.753750 0.051562 0.107500 0.103125
