0 0.640000 0.787500 0.125000 0.225000
0 0.333750 0.317188 0.187500 0.112500
0 0.281250 0.648438 0.262500 0.359375
0 0.450000 0.950000 0.275000 0.218750
0 0.626250 0.989062 0.087500 0.065625
0 0.628750 0.101562 0.162500 0.206250
0 0.135000 0.200000 0.120000 0.400000
0 0.658750 0.420312 0.097500 0.162500
0 0.528750 0.329688 0.147500 0.181250
0 0.586250 0.701562 0.082500 0.221875
0 0.771250 0.407813 0.152500 0.228125
0 0.942500 0.912500 0.115000 0.159375
0 0.545000 0.450000 0.115000 0.387500
0 0.942500 0.378125 0.070000 0.146875
0 0.807500 0.221875 0.190000 0.228125
0 0.978750 0.317188 0.042500 0.303125
0 0.758750 0.060937 0.097500 0.093750
