0 0.607500 0.839063 0.140000 0.140625
0 0.343750 0.262500 0.187500 0.112500
0 0.303750 0.681250 0.302500 0.362500
0 0.498750 0.920312 0.187500 0.159375
0 0.611250 0.945312 0.087500 0.109375
0 0.638750 0.093750 0.157500 0.187500
0 0.133750 0.350000 0.112500 0.400000
0 0.647500 0.440625 0.100000 0.168750
0 0.545000 0.304688 0.140000 0.190625
0 0.578750 0.754687 0.082500 0.234375
0 0.770000 0.400000 0.165000 0.225000
0 0.956250 0.900000 0.087500 0.200000
0 0.980000 0.317188 0.040000 0.171875
0 0.541250 0.551562 0.107500 0.390625
0 0.950000 0.410938 0.070000 0.146875
0 0.823750 0.175000 0.202500 0.237500
0 0.985000 0.346875 0.030000 0.112500
