0 0.581250 0.854688 0.192500 0.128125
0 0.346250 0.268750 0.187500 0.112500
0 0.307500 0.692187 0.320000 0.346875
0 0.503750 0.932813 0.172500 0.134375
0 0.581250 0.945312 0.127500 0.103125
0 0.642500 0.090625 0.150000 0.181250
0 0.133750 0.353125 0.112500 0.400000
0 0.636250 0.442188 0.112500 0.196875
0 0.561250 0.284375 0.142500 0.187500
0 0.583750 0.710938 0.082500 0.271875
0 0.792500 0.357812 0.205000 0.209375
0 0.960000 0.867188 0.080000 0.259375
0 0.978750 0.312500 0.042500 0.168750
0 0.538750 0.539062 0.107500 0.390625
0 0.956250 0.415625 0.072500 0.150000
0 0.820000 0.146875 0.195000 0.237500
