0 0.605000 0.856250 0.140000 0.137500
0 0.343750 0.323437 0.187500 0.112500
0 0.305000 0.690625 0.305000 0.362500
0 0.503750 0.957812 0.177500 0.153125
0 0.606250 0.948438 0.092500 0.109375
0 0.638750 0.098437 0.157500 0.187500
0 0.133750 0.220312 0.112500 0.400000
0 0.648750 0.417187 0.102500 0.171875
0 0.547500 0.296875 0.140000 0.190625
0 0.578750 0.682813 0.082500 0.240625
0 0.771250 0.389062 0.167500 0.225000
0 0.957500 0.850000 0.085000 0.203125
0 0.980000 0.256250 0.040000 0.171875
0 0.541250 0.423438 0.107500 0.390625
0 0.950000 0.381250 0.070000 0.146875
0 0.823750 0.179688 0.202500 0.237500
