0 0.638750 0.901563 0.092500 0.196875
0 0.308750 0.265625 0.187500 0.112500
0 0.245000 0.635938 0.190000 0.346875
0 0.433750 0.848437 0.247500 0.215625
0 0.575000 0.184375 0.180000 0.187500
0 0.128750 0.257812 0.132500 0.403125
0 0.636250 0.495312 0.097500 0.140625
0 0.498750 0.392188 0.177500 0.234375
0 0.672500 0.706250 0.180000 0.243750
0 0.757500 0.470313 0.125000 0.171875
0 0.965000 0.960938 0.070000 0.078125
0 0.543750 0.681250 0.092500 0.331250
0 0.923750 0.401562 0.072500 0.146875
0 0.706250 0.345313 0.257500 0.178125
0 0.971250 0.476562 0.057500 0.309375
0 0.748750 0.084375 0.132500 0.168750
0 0.491250 0.087500 0.072500 0.175000
0 0.950000 0.109375 0.100000 0.200000
