0 0.648750 0.745313 0.117500 0.312500
0 0.323750 0.317188 0.187500 0.112500
0 0.268750 0.629687 0.242500 0.356250
0 0.450000 0.937500 0.265000 0.215625
0 0.628750 1.007812 0.087500 0.046875
0 0.607500 0.106250 0.160000 0.240625
0 0.135000 0.181250 0.125000 0.403125
0 0.658750 0.432812 0.097500 0.156250
0 0.528750 0.332813 0.147500 0.193750
0 0.596250 0.695312 0.082500 0.221875
0 0.775000 0.418750 0.135000 0.218750
0 0.907500 0.925000 0.185000 0.190625
0 0.546250 0.482812 0.127500 0.384375
0 0.937500 0.378125 0.070000 0.146875
0 0.773750 0.273438 0.217500 0.221875
0 0.978750 0.329688 0.042500 0.306250
0 0.753750 0.070312 0.112500 0.106250
0 0.478750 0.039062 0.062500 0.153125
