0 0.642500 0.878125 0.100000 0.184375
0 0.308750 0.323437 0.187500 0.112500
0 0.247500 0.584375 0.195000 0.346875
0 0.438750 0.901563 0.247500 0.215625
0 0.582500 0.175000 0.175000 0.206250
0 0.131250 0.145313 0.132500 0.403125
0 0.643750 0.479687 0.097500 0.140625
0 0.506250 0.376563 0.172500 0.231250
0 0.672500 0.696875 0.180000 0.243750
0 0.756250 0.457813 0.122500 0.181250
0 0.962500 0.950000 0.075000 0.096875
0 0.548750 0.539062 0.082500 0.359375
0 0.925000 0.371875 0.070000 0.146875
0 0.713750 0.410938 0.257500 0.178125
0 0.972500 0.356250 0.055000 0.306250
0 0.748750 0.082812 0.132500 0.162500
0 0.490000 0.043750 0.070000 0.171875
0 0.950000 0.068750 0.100000 0.196875
