0 0.642500 0.971875 0.075000 0.075000
0 0.236250 0.320312 0.147500 0.190625
0 0.190000 0.462500 0.135000 0.315625
0 0.327500 0.784375 0.265000 0.240625
0 0.541250 0.267188 0.257500 0.234375
0 0.111250 0.092188 0.132500 0.403125
0 0.655000 0.534375 0.130000 0.115625
0 0.502500 0.459375 0.155000 0.290625
0 0.641250 0.657813 0.132500 0.337500
0 0.791250 0.514062 0.167500 0.128125
0 0.500000 0.734375 0.160000 0.325000
0 0.927500 0.378125 0.085000 0.171875
0 0.646250 0.426563 0.232500 0.190625
0 0.960000 0.540625 0.080000 0.278125
0 0.857500 0.093750 0.150000 0.087500
0 0.942500 0.112500 0.115000 0.203125
0 0.971250 0.810937 0.057500 0.196875
0 0.527500 0.112500 0.075000 0.087500
0 0.491250 0.035937 0.057500 0.065625
