0 0.640000 0.887500 0.090000 0.168750
0 0.306250 0.329688 0.187500 0.112500
0 0.240000 0.568750 0.175000 0.343750
0 0.425000 0.862500 0.265000 0.237500
0 0.557500 0.256250 0.185000 0.150000
0 0.126250 0.132812 0.132500 0.403125
0 0.635000 0.503125 0.105000 0.134375
0 0.497500 0.393750 0.175000 0.250000
0 0.672500 0.700000 0.180000 0.243750
0 0.761250 0.470313 0.132500 0.162500
0 0.968750 0.992188 0.062500 0.046875
0 0.531250 0.639062 0.107500 0.281250
0 0.922500 0.371875 0.080000 0.150000
0 0.693750 0.423438 0.257500 0.178125
0 0.968750 0.364063 0.057500 0.362500
0 0.755000 0.084375 0.135000 0.181250
0 0.493750 0.048438 0.072500 0.181250
0 0.948750 0.079687 0.102500 0.200000
