0 0.648750 0.959375 0.087500 0.081250
0 0.231250 0.325000 0.142500 0.193750
0 0.187500 0.532813 0.135000 0.315625
0 0.327500 0.735938 0.265000 0.240625
0 0.535000 0.229687 0.240000 0.228125
0 0.111250 0.207813 0.132500 0.403125
0 0.658750 0.509375 0.132500 0.118750
0 0.505000 0.514062 0.150000 0.290625
0 0.641250 0.743750 0.132500 0.337500
0 0.792500 0.473438 0.170000 0.128125
0 0.500000 0.803125 0.165000 0.318750
0 0.930000 0.412500 0.085000 0.175000
0 0.647500 0.378125 0.230000 0.193750
0 0.960000 0.632812 0.080000 0.278125
0 0.866250 0.037500 0.147500 0.075000
0 0.941250 0.142187 0.117500 0.203125
0 0.971250 0.876563 0.057500 0.196875
0 0.527500 0.109375 0.075000 0.087500
0 0.491250 0.032813 0.057500 0.065625
