0 0.623750 0.907813 0.087500 0.146875
0 0.262500 0.334375 0.170000 0.178125
0 0.193750 0.495312 0.137500 0.318750
0 0.342500 0.800000 0.265000 0.240625
0 0.562500 0.234375 0.245000 0.231250
0 0.116250 0.104688 0.132500 0.403125
0 0.650000 0.543750 0.125000 0.096875
0 0.493750 0.432812 0.167500 0.281250
0 0.658750 0.682813 0.157500 0.287500
0 0.780000 0.493750 0.155000 0.131250
0 0.507500 0.687500 0.130000 0.303125
0 0.925000 0.371875 0.090000 0.162500
0 0.643750 0.451562 0.257500 0.178125
0 0.957500 0.525000 0.080000 0.278125
0 0.788750 0.095312 0.152500 0.193750
0 0.508750 0.064062 0.087500 0.128125
0 0.943750 0.104688 0.112500 0.200000
0 0.971250 0.798438 0.057500 0.196875
