0 0.722500 0.928125 0.235000 0.143750
0 0.216250 0.404687 0.077500 0.203125
0 0.173750 0.446875 0.167500 0.468750
0 0.303750 0.754687 0.237500 0.221875
0 0.103750 0.107813 0.077500 0.215625
0 0.697500 0.462500 0.080000 0.181250
0 0.536250 0.700000 0.107500 0.225000
0 0.661250 0.746875 0.132500 0.337500
0 0.881250 0.565625 0.142500 0.212500
0 0.485000 0.892188 0.225000 0.215625
0 0.938750 0.426563 0.067500 0.196875
0 0.567500 0.496875 0.130000 0.212500
0 0.962500 0.668750 0.075000 0.256250
0 0.955000 0.109375 0.090000 0.218750
0 0.938750 0.879687 0.122500 0.209375
0 0.872500 0.093750 0.120000 0.175000
0 0.768750 0.115625 0.207500 0.231250
0 0.273750 0.265625 0.117500 0.100000
0 0.568750 0.279687 0.107500 0.178125
0 0.402500 0.335938 0.205000 0.140625
