0 0.810000 0.860938 0.215000 0.278125
0 0.202500 0.487500 0.100000 0.281250
0 0.161250 0.407813 0.172500 0.496875
0 0.290000 0.735938 0.210000 0.221875
0 0.105000 0.068750 0.075000 0.137500
0 0.743750 0.387500 0.087500 0.112500
0 0.558750 0.765625 0.107500 0.212500
0 0.677500 0.753125 0.160000 0.418750
0 0.910000 0.565625 0.170000 0.193750
0 0.480000 0.873437 0.235000 0.253125
0 0.942500 0.443750 0.060000 0.181250
0 0.526250 0.542188 0.127500 0.246875
0 0.970000 0.692187 0.060000 0.184375
0 0.912500 0.148438 0.175000 0.296875
0 0.943750 0.887500 0.112500 0.225000
0 0.768750 0.178125 0.112500 0.162500
0 0.736250 0.115625 0.207500 0.231250
0 0.270000 0.270313 0.120000 0.109375
0 0.607500 0.265625 0.140000 0.256250
0 0.438750 0.395313 0.142500 0.140625
0 0.967500 0.271875 0.065000 0.212500
