0 0.811250 0.839063 0.217500 0.296875
0 0.191250 0.423438 0.107500 0.296875
0 0.156250 0.260937 0.172500 0.496875
0 0.288750 0.748437 0.202500 0.221875
0 0.105000 0.046875 0.075000 0.121875
0 0.743750 0.385937 0.087500 0.109375
0 0.568750 0.717187 0.097500 0.221875
0 0.683750 0.639062 0.167500 0.437500
0 0.917500 0.575000 0.165000 0.181250
0 0.480000 0.893750 0.235000 0.253125
0 0.943750 0.414062 0.062500 0.159375
0 0.513750 0.514062 0.127500 0.268750
0 0.971250 0.629687 0.057500 0.184375
0 0.908750 0.114062 0.182500 0.284375
0 0.945000 0.850000 0.110000 0.218750
0 0.745000 0.181250 0.090000 0.143750
0 0.733750 0.129688 0.207500 0.231250
0 0.275000 0.293750 0.125000 0.118750
0 0.611250 0.207813 0.137500 0.268750
0 0.436250 0.417187 0.142500 0.140625
0 0.962500 0.212500 0.075000 0.215625
