0 0.813750 0.829688 0.222500 0.340625
0 0.173750 0.576562 0.087500 0.290625
0 0.142500 0.237500 0.125000 0.450000
0 0.300000 0.739062 0.185000 0.203125
0 0.102500 0.021875 0.070000 0.043750
0 0.733750 0.384375 0.082500 0.100000
0 0.603750 0.810937 0.087500 0.228125
0 0.696250 0.753125 0.172500 0.456250
0 0.951250 0.573438 0.097500 0.159375
0 0.478750 0.865625 0.227500 0.268750
0 0.948750 0.492188 0.062500 0.090625
0 0.502500 0.634375 0.130000 0.350000
0 0.975000 0.662500 0.050000 0.187500
0 0.955000 0.881250 0.090000 0.200000
0 0.680000 0.281250 0.130000 0.131250
0 0.742500 0.065625 0.170000 0.131250
0 0.290000 0.298438 0.145000 0.159375
0 0.626250 0.217188 0.127500 0.321875
0 0.461250 0.420312 0.142500 0.140625
0 0.931250 0.298438 0.137500 0.246875
0 0.490000 0.070312 0.130000 0.140625
0 0.922500 0.081250 0.155000 0.162500
