0 0.803750 0.879687 0.212500 0.253125
0 0.215000 0.390625 0.090000 0.259375
0 0.161250 0.276562 0.172500 0.496875
0 0.290000 0.762500 0.220000 0.221875
0 0.103750 0.045312 0.072500 0.159375
0 0.726250 0.392188 0.087500 0.134375
0 0.551250 0.726562 0.112500 0.209375
0 0.673750 0.648438 0.152500 0.396875
0 0.901250 0.564063 0.152500 0.221875
0 0.482500 0.893750 0.235000 0.253125
0 0.943750 0.364063 0.057500 0.206250
0 0.543750 0.485938 0.127500 0.246875
0 0.968750 0.648438 0.062500 0.184375
0 0.923750 0.095312 0.152500 0.275000
0 0.942500 0.846875 0.115000 0.218750
0 0.798750 0.151562 0.137500 0.181250
0 0.738750 0.129688 0.207500 0.231250
0 0.268750 0.289062 0.117500 0.100000
0 0.603750 0.245312 0.142500 0.240625
0 0.446250 0.407813 0.142500 0.140625
