0 0.815000 0.834375 0.225000 0.331250
0 0.182500 0.537500 0.100000 0.293750
0 0.156250 0.368750 0.172500 0.493750
0 0.287500 0.729688 0.185000 0.221875
0 0.105000 0.045312 0.075000 0.090625
0 0.737500 0.384375 0.085000 0.106250
0 0.583750 0.779687 0.087500 0.228125
0 0.688750 0.756250 0.172500 0.456250
0 0.931250 0.568750 0.137500 0.168750
0 0.475000 0.873437 0.235000 0.253125
0 0.940000 0.478125 0.065000 0.118750
0 0.498750 0.629687 0.127500 0.340625
0 0.973750 0.671875 0.052500 0.187500
0 0.941250 0.046875 0.117500 0.093750
0 0.946250 0.896875 0.107500 0.206250
0 0.715000 0.235937 0.095000 0.134375
0 0.737500 0.093750 0.190000 0.187500
0 0.282500 0.284375 0.135000 0.137500
0 0.618750 0.237500 0.132500 0.293750
0 0.448750 0.407813 0.142500 0.140625
0 0.952500 0.279687 0.095000 0.228125
0 0.472500 0.070312 0.130000 0.140625
