0 0.813750 0.804688 0.222500 0.334375
0 0.170000 0.500000 0.095000 0.281250
0 0.143750 0.104688 0.122500 0.425000
0 0.300000 0.756250 0.185000 0.203125
0 0.101250 0.042188 0.067500 0.040625
0 0.733750 0.385937 0.082500 0.100000
0 0.603750 0.754687 0.087500 0.228125
0 0.696250 0.632812 0.172500 0.456250
0 0.953750 0.551562 0.092500 0.159375
0 0.478750 0.870313 0.227500 0.268750
0 0.951250 0.485938 0.062500 0.090625
0 0.503750 0.542188 0.132500 0.350000
0 0.975000 0.600000 0.050000 0.187500
0 0.957500 0.831250 0.085000 0.200000
0 0.676250 0.301563 0.132500 0.131250
0 0.741250 0.104688 0.167500 0.125000
0 0.290000 0.309375 0.145000 0.162500
0 0.625000 0.134375 0.125000 0.325000
0 0.461250 0.439063 0.142500 0.140625
0 0.930000 0.265625 0.140000 0.246875
0 0.492500 0.081250 0.130000 0.140625
0 0.922500 0.096875 0.155000 0.162500
