0 0.816250 0.789062 0.227500 0.353125
0 0.176250 0.479687 0.092500 0.290625
0 0.143750 0.107813 0.137500 0.481250
0 0.293750 0.745313 0.182500 0.209375
0 0.103750 0.045312 0.072500 0.056250
0 0.736250 0.385937 0.082500 0.100000
0 0.598750 0.745313 0.087500 0.228125
0 0.693750 0.632812 0.172500 0.456250
0 0.946250 0.557813 0.107500 0.162500
0 0.477500 0.878125 0.230000 0.262500
0 0.945000 0.484375 0.065000 0.093750
0 0.502500 0.540625 0.130000 0.350000
0 0.975000 0.600000 0.050000 0.187500
0 0.950000 0.859375 0.100000 0.196875
0 0.692500 0.275000 0.115000 0.131250
0 0.740000 0.109375 0.175000 0.143750
0 0.288750 0.304688 0.142500 0.156250
0 0.623750 0.145313 0.127500 0.315625
0 0.458750 0.435937 0.142500 0.140625
0 0.937500 0.250000 0.125000 0.240625
0 0.485000 0.081250 0.130000 0.140625
0 0.920000 0.100000 0.160000 0.178125
