0 0.815000 0.793750 0.225000 0.346875
0 0.175000 0.481250 0.090000 0.290625
0 0.141250 0.092188 0.132500 0.478125
0 0.296250 0.748437 0.182500 0.206250
0 0.102500 0.043750 0.070000 0.053125
0 0.733750 0.385937 0.082500 0.100000
0 0.601250 0.748437 0.087500 0.228125
0 0.693750 0.632812 0.172500 0.456250
0 0.948750 0.557813 0.102500 0.162500
0 0.478750 0.873437 0.227500 0.265625
0 0.946250 0.482812 0.062500 0.090625
0 0.502500 0.540625 0.130000 0.350000
0 0.975000 0.600000 0.050000 0.187500
0 0.952500 0.850000 0.095000 0.196875
0 0.685000 0.284375 0.120000 0.131250
0 0.741250 0.107813 0.172500 0.137500
0 0.288750 0.307812 0.142500 0.156250
0 0.626250 0.142187 0.127500 0.318750
0 0.458750 0.435937 0.142500 0.140625
0 0.935000 0.256250 0.130000 0.243750
0 0.487500 0.081250 0.130000 0.140625
0 0.921250 0.098437 0.157500 0.171875
