0 0.803750 0.860938 0.202500 0.278125
0 0.118750 0.657813 0.187500 0.153125
0 0.156250 0.245312 0.092500 0.203125
0 0.306250 0.743750 0.192500 0.193750
0 0.730000 0.381250 0.080000 0.093750
0 0.623750 0.867188 0.087500 0.228125
0 0.701250 0.743750 0.172500 0.456250
0 0.977500 0.581250 0.045000 0.156250
0 0.483750 0.854688 0.217500 0.290625
0 0.968750 0.501563 0.052500 0.078125
0 0.517500 0.653125 0.140000 0.343750
0 0.981250 0.820312 0.037500 0.209375
0 0.628750 0.335938 0.177500 0.128125
0 0.748750 0.118750 0.162500 0.225000
0 0.298750 0.312500 0.157500 0.187500
0 0.633750 0.196875 0.117500 0.350000
0 0.476250 0.432812 0.142500 0.140625
0 0.916250 0.315625 0.162500 0.268750
0 0.522500 0.092188 0.130000 0.184375
0 0.930000 0.082812 0.140000 0.165625
0 0.741250 0.164062 0.127500 0.078125
