0 0.790000 0.928125 0.175000 0.181250
0 0.080000 0.734375 0.160000 0.087500
0 0.308750 0.776563 0.207500 0.203125
0 0.716250 0.382812 0.077500 0.087500
0 0.640000 0.862500 0.070000 0.181250
0 0.713750 0.573438 0.172500 0.437500
0 0.987500 0.518750 0.025000 0.184375
0 0.513750 0.889062 0.177500 0.221875
0 0.980000 0.481250 0.040000 0.071875
0 0.548750 0.673438 0.157500 0.296875
0 0.966250 0.770312 0.067500 0.234375
0 0.587500 0.400000 0.140000 0.131250
0 0.741250 0.182812 0.212500 0.187500
0 0.298750 0.317188 0.157500 0.153125
0 0.647500 0.062500 0.100000 0.303125
0 0.466250 0.432812 0.142500 0.118750
0 0.885000 0.315625 0.205000 0.278125
0 0.470000 0.159375 0.250000 0.265625
0 0.941250 0.073438 0.117500 0.156250
0 0.716250 0.235937 0.127500 0.078125
0 0.123750 0.057813 0.082500 0.184375
0 0.150000 0.368750 0.145000 0.353125
0 0.972500 0.196875 0.055000 0.121875
