0 0.787500 0.917188 0.170000 0.165625
0 0.071250 0.682813 0.142500 0.084375
0 0.310000 0.748437 0.210000 0.203125
0 0.713750 0.379688 0.077500 0.090625
0 0.641250 0.909375 0.067500 0.181250
0 0.716250 0.665625 0.172500 0.412500
0 0.521250 0.904687 0.167500 0.190625
0 0.981250 0.490625 0.037500 0.068750
0 0.548750 0.726562 0.157500 0.296875
0 0.966250 0.851562 0.067500 0.234375
0 0.583750 0.384375 0.132500 0.143750
0 0.740000 0.145313 0.220000 0.184375
0 0.298750 0.292187 0.157500 0.146875
0 0.648750 0.145313 0.102500 0.290625
0 0.468750 0.409375 0.142500 0.118750
0 0.880000 0.326562 0.210000 0.278125
0 0.470000 0.140625 0.250000 0.275000
0 0.942500 0.076563 0.115000 0.153125
0 0.701250 0.201563 0.127500 0.078125
0 0.118750 0.085938 0.072500 0.165625
0 0.150000 0.456250 0.145000 0.356250
0 0.972500 0.229687 0.055000 0.121875
