0 0.797500 0.884375 0.190000 0.234375
0 0.103750 0.726562 0.187500 0.118750
0 0.305000 0.771875 0.200000 0.200000
0 0.726250 0.382812 0.077500 0.090625
0 0.633750 0.842187 0.082500 0.209375
0 0.706250 0.601562 0.172500 0.456250
0 0.983750 0.523438 0.032500 0.171875
0 0.487500 0.825000 0.210000 0.303125
0 0.977500 0.493750 0.045000 0.075000
0 0.536250 0.635938 0.152500 0.309375
0 0.972500 0.750000 0.055000 0.221875
0 0.607500 0.406250 0.165000 0.109375
0 0.747500 0.140625 0.185000 0.209375
0 0.298750 0.317188 0.157500 0.175000
0 0.636250 0.073438 0.102500 0.340625
0 0.466250 0.432812 0.142500 0.125000
0 0.903750 0.292187 0.177500 0.275000
0 0.503750 0.114062 0.182500 0.221875
0 0.935000 0.081250 0.130000 0.162500
0 0.733750 0.217188 0.127500 0.078125
0 0.135000 0.090625 0.115000 0.259375
0 0.148750 0.360938 0.142500 0.334375
