0 0.805000 0.859375 0.205000 0.281250
0 0.121250 0.656250 0.187500 0.156250
0 0.156250 0.245312 0.092500 0.203125
0 0.306250 0.746875 0.192500 0.193750
0 0.730000 0.381250 0.080000 0.093750
0 0.623750 0.860938 0.087500 0.228125
0 0.701250 0.746875 0.172500 0.456250
0 0.976250 0.579688 0.047500 0.153125
0 0.483750 0.853125 0.217500 0.287500
0 0.966250 0.500000 0.052500 0.081250
0 0.513750 0.650000 0.137500 0.350000
0 0.980000 0.823438 0.040000 0.209375
0 0.628750 0.332813 0.177500 0.128125
0 0.750000 0.117188 0.160000 0.228125
0 0.297500 0.310937 0.155000 0.184375
0 0.635000 0.198437 0.120000 0.353125
0 0.473750 0.432812 0.142500 0.140625
0 0.917500 0.314063 0.160000 0.265625
0 0.520000 0.089063 0.130000 0.178125
0 0.928750 0.082812 0.142500 0.165625
0 0.741250 0.160938 0.127500 0.078125
