0 0.790000 0.906250 0.175000 0.187500
0 0.083750 0.676562 0.167500 0.090625
0 0.308750 0.748437 0.207500 0.203125
0 0.720000 0.378125 0.075000 0.087500
0 0.638750 0.909375 0.072500 0.181250
0 0.711250 0.695312 0.172500 0.453125
0 0.987500 0.595313 0.025000 0.184375
0 0.508750 0.878125 0.182500 0.237500
0 0.980000 0.495312 0.040000 0.071875
0 0.546250 0.720313 0.157500 0.296875
0 0.966250 0.839063 0.067500 0.234375
0 0.588750 0.378125 0.142500 0.125000
0 0.742500 0.139063 0.210000 0.190625
0 0.298750 0.296875 0.157500 0.156250
0 0.643750 0.156250 0.097500 0.312500
0 0.466250 0.403125 0.142500 0.118750
0 0.887500 0.321875 0.200000 0.275000
0 0.470000 0.132812 0.250000 0.259375
0 0.940000 0.078125 0.120000 0.156250
0 0.726250 0.192188 0.127500 0.078125
0 0.123750 0.106250 0.087500 0.193750
0 0.150000 0.450000 0.145000 0.350000
0 0.972500 0.217188 0.055000 0.121875
