0 0.810000 0.818750 0.215000 0.315625
0 0.152500 0.575000 0.130000 0.234375
0 0.150000 0.162500 0.105000 0.293750
0 0.306250 0.767188 0.187500 0.193750
0 0.732500 0.384375 0.080000 0.096875
0 0.611250 0.770312 0.087500 0.228125
0 0.698750 0.632812 0.172500 0.456250
0 0.962500 0.543750 0.075000 0.156250
0 0.481250 0.860938 0.222500 0.275000
0 0.956250 0.489063 0.057500 0.087500
0 0.506250 0.542188 0.132500 0.353125
0 0.975000 0.600000 0.050000 0.187500
0 0.965000 0.800000 0.070000 0.203125
0 0.658750 0.332813 0.152500 0.131250
0 0.746250 0.101562 0.162500 0.131250
0 0.292500 0.312500 0.150000 0.168750
0 0.630000 0.121875 0.125000 0.334375
0 0.466250 0.442188 0.142500 0.140625
0 0.921250 0.276562 0.152500 0.253125
0 0.500000 0.081250 0.130000 0.140625
0 0.925000 0.093750 0.150000 0.165625
0 0.746250 0.192188 0.127500 0.078125
