0 0.778750 0.943750 0.152500 0.112500
0 0.021250 0.682813 0.042500 0.084375
0 0.312500 0.750000 0.215000 0.206250
0 0.702500 0.378125 0.080000 0.100000
0 0.646250 0.907813 0.062500 0.184375
0 0.731250 0.593750 0.172500 0.312500
0 0.545000 0.929688 0.125000 0.140625
0 0.983750 0.479687 0.032500 0.065625
0 0.556250 0.748437 0.157500 0.296875
0 0.966250 0.882812 0.067500 0.234375
0 0.563750 0.429688 0.112500 0.171875
0 0.760000 0.140625 0.230000 0.175000
0 0.296250 0.282813 0.162500 0.128125
0 0.661250 0.120313 0.112500 0.240625
0 0.476250 0.418750 0.142500 0.118750
0 0.861250 0.309375 0.267500 0.268750
0 0.470000 0.160938 0.250000 0.315625
0 0.948750 0.075000 0.102500 0.150000
0 0.633750 0.220312 0.127500 0.078125
0 0.115000 0.067187 0.060000 0.134375
0 0.168750 0.492188 0.122500 0.359375
0 0.960000 0.281250 0.080000 0.118750
