0 0.318750 0.753125 0.227500 0.212500
0 0.746250 0.354687 0.052500 0.065625
0 0.762500 0.540625 0.180000 0.293750
0 0.578750 0.776563 0.137500 0.328125
0 0.945000 0.854688 0.110000 0.190625
0 0.486250 0.623437 0.097500 0.221875
0 0.875000 0.159375 0.180000 0.200000
0 0.246250 0.282813 0.267500 0.128125
0 0.666250 0.093750 0.102500 0.187500
0 0.486250 0.431250 0.142500 0.118750
0 0.761250 0.273438 0.197500 0.196875
0 0.478750 0.220312 0.232500 0.196875
0 0.956250 0.070312 0.087500 0.140625
0 0.475000 0.257812 0.155000 0.090625
0 0.115000 0.067187 0.060000 0.134375
0 0.183750 0.537500 0.107500 0.362500
0 0.888750 0.328125 0.097500 0.150000
