0 0.338750 0.751563 0.197500 0.215625
0 0.753750 0.332813 0.057500 0.071875
0 0.801250 0.467187 0.137500 0.115625
0 0.588750 0.629687 0.127500 0.340625
0 0.935000 0.868750 0.125000 0.218750
0 0.503750 0.762500 0.147500 0.231250
0 0.843750 0.279687 0.182500 0.209375
0 0.215000 0.301563 0.285000 0.140625
0 0.663750 0.079687 0.087500 0.159375
0 0.480000 0.439063 0.145000 0.171875
0 0.626250 0.346875 0.222500 0.168750
0 0.376250 0.435937 0.157500 0.315625
0 0.950000 0.068750 0.100000 0.137500
0 0.378750 0.217188 0.172500 0.178125
0 0.191250 0.592187 0.127500 0.409375
0 0.696250 0.257812 0.117500 0.121875
0 0.515000 0.104688 0.070000 0.209375
0 0.567500 0.956250 0.110000 0.087500
0 0.970000 0.271875 0.060000 0.200000
0 0.865000 0.103125 0.110000 0.131250
