0 0.322500 0.790625 0.230000 0.215625
0 0.738750 0.364063 0.052500 0.065625
0 0.783750 0.532813 0.212500 0.278125
0 0.586250 0.629687 0.127500 0.340625
0 0.938750 0.832812 0.122500 0.196875
0 0.501250 0.717187 0.142500 0.231250
0 0.882500 0.246875 0.180000 0.200000
0 0.225000 0.403125 0.285000 0.128125
0 0.668750 0.060937 0.097500 0.165625
0 0.482500 0.450000 0.145000 0.146875
0 0.673750 0.317188 0.212500 0.190625
0 0.458750 0.323437 0.207500 0.190625
0 0.952500 0.059375 0.095000 0.137500
0 0.410000 0.287500 0.180000 0.128125
0 0.181250 0.435937 0.112500 0.362500
0 0.820000 0.318750 0.115000 0.146875
0 0.505000 0.046875 0.070000 0.178125
0 0.547500 0.987500 0.110000 0.081250
