0 0.341250 0.753125 0.187500 0.212500
0 0.757500 0.323437 0.060000 0.071875
0 0.803750 0.465625 0.137500 0.112500
0 0.591250 0.626563 0.127500 0.340625
0 0.930000 0.870313 0.130000 0.215625
0 0.503750 0.762500 0.147500 0.231250
0 0.835000 0.289062 0.185000 0.215625
0 0.215000 0.304688 0.285000 0.146875
0 0.665000 0.078125 0.085000 0.156250
0 0.480000 0.439063 0.145000 0.171875
0 0.656250 0.356250 0.187500 0.168750
0 0.363750 0.462500 0.157500 0.306250
0 0.951250 0.068750 0.097500 0.137500
0 0.376250 0.193750 0.182500 0.200000
0 0.201250 0.621875 0.137500 0.443750
0 0.665000 0.240625 0.115000 0.112500
0 0.516250 0.118750 0.072500 0.206250
0 0.573750 0.954688 0.112500 0.090625
0 0.962500 0.284375 0.075000 0.218750
0 0.853750 0.110937 0.112500 0.134375
