0 0.365000 0.765625 0.145000 0.175000
0 0.803750 0.210938 0.072500 0.084375
0 0.611250 0.529687 0.127500 0.340625
0 0.868750 0.910937 0.177500 0.190625
0 0.508750 0.760938 0.147500 0.228125
0 0.716250 0.314063 0.197500 0.162500
0 0.210000 0.418750 0.285000 0.206250
0 0.661250 0.048438 0.077500 0.146875
0 0.495000 0.453125 0.135000 0.171875
0 0.252500 0.559375 0.165000 0.225000
0 0.895000 0.131250 0.210000 0.128125
0 0.378750 0.073438 0.117500 0.128125
0 0.230000 0.712500 0.145000 0.328125
0 0.498750 0.223438 0.087500 0.162500
0 0.481250 0.329688 0.162500 0.218750
0 0.590000 0.859375 0.110000 0.203125
0 0.903750 0.217188 0.137500 0.215625
0 0.745000 0.178125 0.140000 0.140625
0 0.857500 0.471875 0.190000 0.131250
0 0.738750 0.542188 0.167500 0.300000
0 0.675000 0.340625 0.100000 0.115625
0 0.586250 0.329688 0.092500 0.134375
