0 0.352500 0.764062 0.140000 0.190625
0 0.787500 0.262500 0.070000 0.081250
0 0.603750 0.623437 0.127500 0.340625
0 0.890000 0.887500 0.160000 0.200000
0 0.508750 0.775000 0.147500 0.231250
0 0.771250 0.265625 0.197500 0.237500
0 0.212500 0.331250 0.285000 0.187500
0 0.661250 0.073438 0.077500 0.146875
0 0.477500 0.457813 0.130000 0.184375
0 0.682500 0.362500 0.140000 0.143750
0 0.285000 0.557813 0.150000 0.221875
0 0.908750 0.078125 0.182500 0.156250
0 0.343750 0.106250 0.162500 0.212500
0 0.222500 0.756250 0.155000 0.337500
0 0.557500 0.257812 0.075000 0.103125
0 0.485000 0.332813 0.160000 0.215625
0 0.597500 0.918750 0.105000 0.162500
0 0.928750 0.253125 0.122500 0.212500
0 0.757500 0.160938 0.140000 0.140625
0 0.842500 0.431250 0.165000 0.106250
0 0.736250 0.571875 0.137500 0.268750
