0 0.366250 0.762500 0.142500 0.175000
0 0.806250 0.204687 0.072500 0.084375
0 0.611250 0.620313 0.127500 0.340625
0 0.866250 0.896875 0.177500 0.187500
0 0.508750 0.784375 0.147500 0.225000
0 0.711250 0.275000 0.197500 0.156250
0 0.210000 0.345313 0.285000 0.209375
0 0.661250 0.073438 0.077500 0.146875
0 0.495000 0.454688 0.135000 0.171875
0 0.245000 0.575000 0.170000 0.225000
0 0.895000 0.062500 0.210000 0.125000
0 0.381250 0.062500 0.117500 0.125000
0 0.232500 0.787500 0.145000 0.331250
0 0.493750 0.248438 0.087500 0.165625
0 0.478750 0.337500 0.162500 0.218750
0 0.590000 0.890625 0.110000 0.206250
0 0.901250 0.239063 0.137500 0.215625
0 0.742500 0.160938 0.140000 0.140625
0 0.855000 0.418750 0.190000 0.131250
0 0.738750 0.589063 0.167500 0.303125
0 0.672500 0.335938 0.100000 0.115625
0 0.582500 0.326562 0.095000 0.140625
