0 0.356250 0.765625 0.142500 0.181250
0 0.793750 0.250000 0.072500 0.081250
0 0.606250 0.620313 0.127500 0.340625
0 0.882500 0.889062 0.165000 0.196875
0 0.508750 0.775000 0.147500 0.231250
0 0.758750 0.248438 0.197500 0.234375
0 0.212500 0.337500 0.285000 0.193750
0 0.661250 0.073438 0.077500 0.146875
0 0.483750 0.454688 0.132500 0.178125
0 0.672500 0.359375 0.140000 0.143750
0 0.280000 0.554688 0.150000 0.221875
0 0.902500 0.078125 0.195000 0.156250
0 0.351250 0.093750 0.147500 0.187500
0 0.225000 0.768750 0.155000 0.318750
0 0.536250 0.254688 0.072500 0.109375
0 0.483750 0.337500 0.162500 0.218750
0 0.598750 0.907813 0.102500 0.184375
0 0.920000 0.251563 0.130000 0.215625
0 0.752500 0.160938 0.140000 0.140625
0 0.847500 0.428125 0.175000 0.112500
0 0.741250 0.576562 0.157500 0.284375
