0 0.395000 0.750000 0.130000 0.181250
0 0.816250 0.082812 0.072500 0.084375
0 0.620000 0.635938 0.125000 0.340625
0 0.820000 0.915625 0.215000 0.168750
0 0.502500 0.842187 0.140000 0.171875
0 0.548750 0.192188 0.152500 0.134375
0 0.205000 0.378125 0.285000 0.250000
0 0.531250 0.453125 0.142500 0.143750
0 0.082500 0.748437 0.165000 0.246875
0 0.820000 0.043750 0.160000 0.087500
0 0.431250 0.046875 0.112500 0.093750
0 0.243750 0.832812 0.137500 0.303125
0 0.471250 0.343750 0.162500 0.218750
0 0.557500 0.818750 0.125000 0.287500
0 0.865000 0.220312 0.170000 0.190625
0 0.686250 0.164062 0.147500 0.140625
0 0.848750 0.401562 0.177500 0.153125
0 0.726250 0.618750 0.187500 0.343750
0 0.617500 0.298438 0.100000 0.115625
0 0.583750 0.381250 0.127500 0.162500
0 0.978750 0.593750 0.042500 0.293750
0 0.492500 0.337500 0.060000 0.068750
0 0.490000 0.260937 0.070000 0.059375
