0 0.410000 0.753125 0.145000 0.215625
0 0.803750 0.085938 0.072500 0.084375
0 0.617500 0.546875 0.120000 0.343750
0 0.808750 0.976562 0.212500 0.156250
0 0.500000 0.840625 0.140000 0.171875
0 0.540000 0.187500 0.150000 0.140625
0 0.202500 0.443750 0.285000 0.250000
0 0.542500 0.475000 0.145000 0.137500
0 0.097500 0.750000 0.180000 0.250000
0 0.801250 0.092188 0.147500 0.078125
0 0.436250 0.076563 0.117500 0.115625
0 0.248750 0.867188 0.147500 0.212500
0 0.468750 0.339062 0.162500 0.218750
0 0.543750 0.739062 0.127500 0.268750
0 0.870000 0.234375 0.170000 0.190625
0 0.682500 0.187500 0.155000 0.140625
0 0.850000 0.437500 0.170000 0.140625
0 0.723750 0.564063 0.182500 0.346875
0 0.628750 0.289062 0.097500 0.125000
0 0.583750 0.364063 0.127500 0.162500
0 0.978750 0.467187 0.042500 0.296875
0 0.495000 0.353125 0.060000 0.068750
0 0.487500 0.300000 0.070000 0.062500
