0 0.438750 0.832812 0.192500 0.309375
0 0.791250 0.079687 0.072500 0.084375
0 0.616250 0.654687 0.117500 0.346875
0 0.797500 0.926562 0.210000 0.146875
0 0.490000 0.832812 0.150000 0.159375
0 0.543750 0.153125 0.142500 0.156250
0 0.197500 0.400000 0.285000 0.250000
0 0.551250 0.453125 0.147500 0.131250
0 0.108750 0.778125 0.192500 0.256250
0 0.781250 0.034375 0.132500 0.068750
0 0.445000 0.082812 0.115000 0.128125
0 0.252500 0.912500 0.155000 0.150000
0 0.468750 0.346875 0.162500 0.218750
0 0.528750 0.767188 0.127500 0.240625
0 0.870000 0.223438 0.170000 0.190625
0 0.677500 0.157812 0.160000 0.140625
0 0.850000 0.403125 0.160000 0.131250
0 0.720000 0.626563 0.175000 0.346875
0 0.650000 0.293750 0.095000 0.143750
0 0.586250 0.346875 0.127500 0.162500
0 0.975000 0.581250 0.050000 0.300000
0 0.495000 0.362500 0.060000 0.068750
0 0.485000 0.318750 0.070000 0.068750
0 0.945000 0.907813 0.080000 0.178125
