0 0.406250 0.839063 0.202500 0.121875
0 0.781250 0.093750 0.072500 0.081250
0 0.613750 0.679688 0.107500 0.334375
0 0.810000 0.932813 0.170000 0.134375
0 0.460000 0.776563 0.115000 0.090625
0 0.436250 0.209375 0.147500 0.175000
0 0.190000 0.393750 0.285000 0.218750
0 0.466250 0.423438 0.147500 0.121875
0 0.091250 0.842187 0.182500 0.309375
0 0.757500 0.023438 0.145000 0.046875
0 0.435000 0.131250 0.110000 0.112500
0 0.291250 0.943750 0.172500 0.112500
0 0.492500 0.581250 0.130000 0.250000
0 0.465000 0.675000 0.125000 0.200000
0 0.643750 0.139063 0.177500 0.140625
0 0.850000 0.400000 0.135000 0.093750
0 0.706250 0.634375 0.142500 0.343750
0 0.692500 0.310937 0.150000 0.178125
0 0.565000 0.300000 0.150000 0.206250
0 0.971250 0.534375 0.057500 0.325000
0 0.490000 0.550000 0.060000 0.068750
0 0.493750 0.476562 0.072500 0.071875
0 0.952500 0.889062 0.080000 0.215625
0 0.800000 0.187500 0.130000 0.100000
0 0.915000 0.343750 0.075000 0.087500
0 0.896250 0.039062 0.097500 0.078125
0 0.493750 0.939063 0.117500 0.096875
