0 0.401250 0.835938 0.202500 0.121875
0 0.781250 0.093750 0.072500 0.081250
0 0.613750 0.673438 0.107500 0.321875
0 0.811250 0.934375 0.167500 0.131250
0 0.457500 0.773438 0.110000 0.090625
0 0.426250 0.209375 0.147500 0.175000
0 0.190000 0.392188 0.285000 0.215625
0 0.461250 0.423438 0.147500 0.121875
0 0.091250 0.842187 0.182500 0.309375
0 0.757500 0.023438 0.145000 0.046875
0 0.416250 0.131250 0.112500 0.106250
0 0.296250 0.948438 0.172500 0.103125
0 0.502500 0.612500 0.125000 0.256250
0 0.463750 0.665625 0.122500 0.193750
0 0.638750 0.139063 0.177500 0.140625
0 0.850000 0.398438 0.135000 0.090625
0 0.705000 0.634375 0.140000 0.343750
0 0.693750 0.312500 0.152500 0.181250
0 0.563750 0.295312 0.152500 0.203125
0 0.971250 0.529687 0.057500 0.328125
0 0.492500 0.556250 0.060000 0.068750
0 0.493750 0.489063 0.072500 0.071875
0 0.952500 0.887500 0.080000 0.218750
0 0.790000 0.187500 0.120000 0.100000
0 0.916250 0.348438 0.072500 0.084375
0 0.897500 0.040625 0.095000 0.081250
0 0.498750 0.939063 0.122500 0.096875
