0 0.440000 0.837500 0.190000 0.306250
0 0.791250 0.079687 0.072500 0.084375
0 0.616250 0.654687 0.117500 0.346875
0 0.795000 0.926562 0.210000 0.146875
0 0.487500 0.831250 0.150000 0.156250
0 0.542500 0.150000 0.140000 0.156250
0 0.197500 0.403125 0.285000 0.250000
0 0.548750 0.453125 0.147500 0.131250
0 0.108750 0.782813 0.192500 0.259375
0 0.780000 0.034375 0.135000 0.068750
0 0.445000 0.082812 0.115000 0.128125
0 0.253750 0.914062 0.157500 0.146875
0 0.468750 0.346875 0.162500 0.218750
0 0.526250 0.762500 0.127500 0.237500
0 0.870000 0.223438 0.170000 0.190625
0 0.677500 0.157812 0.160000 0.140625
0 0.848750 0.403125 0.157500 0.131250
0 0.718750 0.626563 0.172500 0.346875
0 0.651250 0.295312 0.092500 0.146875
0 0.586250 0.345313 0.127500 0.165625
0 0.973750 0.581250 0.052500 0.300000
0 0.495000 0.362500 0.060000 0.068750
0 0.485000 0.321875 0.070000 0.068750
0 0.945000 0.909375 0.080000 0.181250
