0 0.445000 0.818750 0.180000 0.281250
0 0.791250 0.085938 0.072500 0.084375
0 0.615000 0.556250 0.115000 0.346875
0 0.791250 0.989062 0.207500 0.140625
0 0.482500 0.850000 0.155000 0.150000
0 0.541250 0.151562 0.137500 0.165625
0 0.195000 0.462500 0.285000 0.250000
0 0.538750 0.476562 0.147500 0.131250
0 0.105000 0.778125 0.190000 0.271875
0 0.776250 0.085938 0.137500 0.062500
0 0.448750 0.098437 0.112500 0.137500
0 0.257500 0.950000 0.160000 0.140625
0 0.466250 0.339062 0.162500 0.218750
0 0.520000 0.718750 0.130000 0.225000
0 0.870000 0.234375 0.170000 0.190625
0 0.675000 0.187500 0.165000 0.140625
0 0.848750 0.435937 0.152500 0.125000
0 0.717500 0.559375 0.170000 0.343750
0 0.663750 0.289062 0.102500 0.153125
0 0.582500 0.334375 0.125000 0.171875
0 0.971250 0.464062 0.057500 0.303125
0 0.495000 0.371875 0.060000 0.068750
0 0.486250 0.348438 0.072500 0.068750
0 0.945000 0.862500 0.080000 0.184375
