0 0.403750 0.742188 0.132500 0.193750
0 0.806250 0.085938 0.072500 0.084375
0 0.618750 0.545312 0.122500 0.343750
0 0.811250 0.973437 0.212500 0.159375
0 0.500000 0.840625 0.140000 0.171875
0 0.538750 0.195312 0.152500 0.134375
0 0.202500 0.440625 0.285000 0.250000
0 0.540000 0.475000 0.145000 0.140625
0 0.092500 0.743750 0.175000 0.250000
0 0.805000 0.093750 0.150000 0.081250
0 0.433750 0.073438 0.117500 0.109375
0 0.247500 0.840625 0.145000 0.234375
0 0.471250 0.339062 0.162500 0.218750
0 0.547500 0.740625 0.125000 0.275000
0 0.870000 0.234375 0.170000 0.190625
0 0.683750 0.189062 0.152500 0.140625
0 0.847500 0.434375 0.170000 0.143750
0 0.723750 0.564063 0.182500 0.346875
0 0.622500 0.293750 0.100000 0.121875
0 0.583750 0.367188 0.127500 0.162500
0 0.978750 0.467187 0.042500 0.296875
0 0.495000 0.350000 0.060000 0.068750
0 0.487500 0.293750 0.070000 0.062500
