0 0.338750 0.832812 0.267500 0.140625
0 0.753750 0.112500 0.072500 0.068750
0 0.617500 0.612500 0.105000 0.156250
0 0.803750 0.939063 0.162500 0.121875
0 0.333750 0.745313 0.257500 0.078125
0 0.293750 0.192188 0.197500 0.190625
0 0.175000 0.384375 0.265000 0.212500
0 0.378750 0.379688 0.262500 0.140625
0 0.035000 0.929688 0.070000 0.140625
0 0.757500 0.023438 0.145000 0.046875
0 0.261250 0.142187 0.127500 0.084375
0 0.545000 0.807813 0.110000 0.228125
0 0.422500 0.637500 0.110000 0.143750
0 0.605000 0.081250 0.155000 0.150000
0 0.852500 0.389062 0.135000 0.071875
0 0.698750 0.615625 0.117500 0.300000
0 0.670000 0.293750 0.190000 0.193750
0 0.556250 0.246875 0.192500 0.193750
0 0.975000 0.515625 0.050000 0.312500
0 0.520000 0.790625 0.060000 0.068750
0 0.528750 0.832812 0.072500 0.071875
0 0.955000 0.856250 0.080000 0.281250
0 0.693750 0.251563 0.112500 0.178125
0 0.950000 0.420312 0.075000 0.121875
0 0.877500 0.054688 0.100000 0.109375
0 0.567500 0.928125 0.180000 0.125000
0 0.406250 0.060937 0.167500 0.121875
