0 0.343750 0.856250 0.237500 0.131250
0 0.746250 0.117188 0.072500 0.065625
0 0.800000 0.942187 0.165000 0.115625
0 0.231250 0.721875 0.267500 0.137500
0 0.236250 0.176563 0.197500 0.190625
0 0.165000 0.390625 0.250000 0.225000
0 0.371250 0.373437 0.282500 0.134375
0 0.035000 0.929688 0.070000 0.140625
0 0.226250 0.114062 0.127500 0.084375
0 0.547500 0.835938 0.120000 0.190625
0 0.390000 0.748437 0.135000 0.090625
0 0.583750 0.076563 0.147500 0.153125
0 0.860000 0.389062 0.135000 0.071875
0 0.706250 0.560937 0.117500 0.209375
0 0.670000 0.309375 0.190000 0.193750
0 0.576250 0.237500 0.197500 0.200000
0 0.975000 0.510938 0.050000 0.303125
0 0.525000 0.821875 0.060000 0.068750
0 0.521250 0.885938 0.072500 0.071875
0 0.955000 0.818750 0.080000 0.281250
0 0.606250 0.317188 0.137500 0.134375
0 0.962500 0.420312 0.075000 0.121875
0 0.876250 0.059375 0.102500 0.118750
0 0.575000 0.920312 0.165000 0.159375
0 0.368750 0.060937 0.177500 0.121875
0 0.576250 0.667188 0.137500 0.153125
0 0.585000 0.521875 0.125000 0.125000
