0 0.338750 0.942187 0.237500 0.131250
0 0.746250 0.129688 0.072500 0.065625
0 0.797500 0.990625 0.165000 0.112500
0 0.188750 0.776563 0.257500 0.184375
0 0.223750 0.192188 0.197500 0.190625
0 0.158750 0.432812 0.242500 0.231250
0 0.370000 0.487500 0.295000 0.128125
0 0.211250 0.135937 0.127500 0.084375
0 0.548750 0.845313 0.127500 0.171875
0 0.396250 0.835938 0.147500 0.084375
0 0.571250 0.092188 0.147500 0.150000
0 0.862500 0.437500 0.135000 0.071875
0 0.700000 0.521875 0.120000 0.206250
0 0.693750 0.367188 0.207500 0.168750
0 0.593750 0.260937 0.197500 0.200000
0 0.976250 0.389062 0.047500 0.296875
0 0.522500 0.818750 0.060000 0.068750
0 0.521250 0.889062 0.072500 0.071875
0 0.955000 0.693750 0.080000 0.281250
0 0.567500 0.375000 0.155000 0.121875
0 0.962500 0.406250 0.075000 0.121875
0 0.876250 0.064062 0.102500 0.125000
0 0.578750 0.914062 0.137500 0.171875
0 0.360000 0.112500 0.180000 0.121875
0 0.545000 0.693750 0.175000 0.181250
0 0.570000 0.534375 0.140000 0.131250
