0 0.392500 0.831250 0.210000 0.125000
0 0.776250 0.095312 0.072500 0.078125
0 0.612500 0.664062 0.105000 0.296875
0 0.815000 0.934375 0.160000 0.131250
0 0.456250 0.771875 0.112500 0.093750
0 0.403750 0.209375 0.147500 0.175000
0 0.190000 0.385937 0.285000 0.209375
0 0.448750 0.417187 0.152500 0.121875
0 0.086250 0.853125 0.172500 0.287500
0 0.757500 0.023438 0.145000 0.046875
0 0.378750 0.132812 0.122500 0.090625
0 0.310000 0.954688 0.170000 0.090625
0 0.520000 0.681250 0.110000 0.268750
0 0.461250 0.646875 0.117500 0.181250
0 0.626250 0.135937 0.177500 0.140625
0 0.850000 0.395313 0.135000 0.084375
0 0.703750 0.637500 0.137500 0.343750
0 0.693750 0.312500 0.157500 0.187500
0 0.561250 0.282813 0.162500 0.190625
0 0.972500 0.525000 0.055000 0.331250
0 0.495000 0.575000 0.060000 0.068750
0 0.496250 0.514062 0.072500 0.071875
0 0.952500 0.884375 0.080000 0.225000
0 0.767500 0.184375 0.100000 0.100000
0 0.921250 0.356250 0.062500 0.075000
0 0.897500 0.042188 0.095000 0.084375
0 0.506250 0.934375 0.137500 0.093750
0 0.462500 0.046875 0.105000 0.093750
