0 0.360000 0.915625 0.255000 0.146875
0 0.761250 0.114062 0.072500 0.071875
0 0.615000 0.593750 0.105000 0.193750
0 0.808750 0.976562 0.162500 0.125000
0 0.412500 0.812500 0.160000 0.093750
0 0.346250 0.223438 0.187500 0.187500
0 0.182500 0.450000 0.275000 0.203125
0 0.383750 0.464062 0.247500 0.146875
0 0.057500 0.900000 0.115000 0.171875
0 0.757500 0.090625 0.145000 0.046875
0 0.306250 0.182812 0.127500 0.084375
0 0.321250 1.029688 0.167500 0.075000
0 0.543750 0.720313 0.102500 0.253125
0 0.445000 0.606250 0.110000 0.159375
0 0.615000 0.140625 0.175000 0.143750
0 0.850000 0.437500 0.135000 0.078125
0 0.695000 0.543750 0.120000 0.343750
0 0.663750 0.295312 0.167500 0.190625
0 0.557500 0.278125 0.185000 0.178125
0 0.973750 0.392188 0.052500 0.318750
0 0.510000 0.703125 0.060000 0.068750
0 0.528750 0.739062 0.072500 0.071875
0 0.955000 0.787500 0.080000 0.259375
0 0.726250 0.195312 0.087500 0.175000
0 0.940000 0.387500 0.070000 0.106250
0 0.886250 0.060937 0.097500 0.100000
0 0.557500 0.965625 0.180000 0.121875
0 0.431250 0.095312 0.152500 0.118750
