0 0.341250 0.856250 0.237500 0.131250
0 0.746250 0.117188 0.072500 0.065625
0 0.800000 0.942187 0.165000 0.115625
0 0.226250 0.720313 0.267500 0.140625
0 0.236250 0.176563 0.197500 0.190625
0 0.162500 0.390625 0.250000 0.225000
0 0.372500 0.371875 0.285000 0.131250
0 0.035000 0.929688 0.070000 0.140625
0 0.223750 0.114062 0.127500 0.084375
0 0.548750 0.839063 0.122500 0.190625
0 0.390000 0.754687 0.135000 0.090625
0 0.581250 0.076563 0.147500 0.153125
0 0.860000 0.389062 0.135000 0.071875
0 0.706250 0.559375 0.117500 0.206250
0 0.670000 0.309375 0.190000 0.193750
0 0.576250 0.237500 0.197500 0.200000
0 0.976250 0.510938 0.047500 0.303125
0 0.525000 0.825000 0.060000 0.068750
0 0.521250 0.885938 0.072500 0.071875
0 0.955000 0.815625 0.080000 0.281250
0 0.605000 0.320312 0.140000 0.134375
0 0.962500 0.420312 0.075000 0.121875
0 0.876250 0.059375 0.102500 0.118750
0 0.573750 0.918750 0.162500 0.162500
0 0.368750 0.060937 0.177500 0.121875
0 0.573750 0.668750 0.142500 0.156250
0 0.583750 0.521875 0.127500 0.125000
