0 0.372500 0.909375 0.245000 0.146875
0 0.766250 0.114062 0.072500 0.075000
0 0.615000 0.590625 0.105000 0.215625
0 0.811250 0.976562 0.162500 0.125000
0 0.441250 0.792188 0.127500 0.100000
0 0.356250 0.220312 0.177500 0.184375
0 0.185000 0.453125 0.280000 0.200000
0 0.395000 0.462500 0.230000 0.143750
0 0.063750 0.882812 0.127500 0.196875
0 0.757500 0.090625 0.145000 0.046875
0 0.321250 0.182812 0.127500 0.084375
0 0.321250 1.029688 0.167500 0.075000
0 0.542500 0.706250 0.100000 0.262500
0 0.450000 0.606250 0.110000 0.159375
0 0.616250 0.148438 0.177500 0.140625
0 0.850000 0.437500 0.135000 0.078125
0 0.696250 0.545312 0.122500 0.343750
0 0.666250 0.295312 0.162500 0.190625
0 0.558750 0.282813 0.182500 0.175000
0 0.973750 0.392188 0.052500 0.321875
0 0.505000 0.668750 0.060000 0.068750
0 0.521250 0.685937 0.072500 0.071875
0 0.955000 0.796875 0.080000 0.250000
0 0.737500 0.184375 0.080000 0.171875
0 0.936250 0.382812 0.067500 0.096875
0 0.891250 0.060937 0.097500 0.096875
0 0.547500 0.968750 0.175000 0.115625
0 0.438750 0.089063 0.142500 0.115625
