0 0.340000 0.931250 0.265000 0.140625
0 0.753750 0.123438 0.072500 0.068750
0 0.617500 0.600000 0.105000 0.156250
0 0.803750 0.982812 0.162500 0.118750
0 0.326250 0.873437 0.267500 0.075000
0 0.288750 0.220312 0.197500 0.190625
0 0.175000 0.443750 0.265000 0.212500
0 0.380000 0.475000 0.265000 0.140625
0 0.035000 0.903125 0.070000 0.140625
0 0.258750 0.179688 0.127500 0.084375
0 0.546250 0.767188 0.112500 0.225000
0 0.420000 0.646875 0.110000 0.137500
0 0.603750 0.098437 0.152500 0.150000
0 0.852500 0.437500 0.135000 0.071875
0 0.698750 0.539062 0.117500 0.293750
0 0.670000 0.315625 0.190000 0.193750
0 0.555000 0.268750 0.195000 0.193750
0 0.975000 0.390625 0.050000 0.312500
0 0.520000 0.793750 0.060000 0.068750
0 0.528750 0.851562 0.072500 0.071875
0 0.955000 0.762500 0.080000 0.281250
0 0.690000 0.234375 0.115000 0.178125
0 0.952500 0.406250 0.075000 0.121875
0 0.877500 0.062500 0.100000 0.109375
0 0.567500 0.975000 0.180000 0.128125
0 0.403750 0.104688 0.167500 0.121875
