0 0.338750 0.954688 0.262500 0.181250
0 0.787500 1.006250 0.170000 0.100000
0 0.136250 0.626563 0.217500 0.375000
0 0.120000 0.146875 0.235000 0.112500
0 0.152500 0.396875 0.195000 0.259375
0 0.317500 0.393750 0.215000 0.118750
0 0.068750 0.085938 0.137500 0.059375
0 0.531250 0.782813 0.127500 0.171875
0 0.488750 0.779687 0.152500 0.084375
0 0.526250 0.092188 0.147500 0.115625
0 0.866250 0.501563 0.192500 0.065625
0 0.665000 0.475000 0.130000 0.218750
0 0.805000 0.437500 0.240000 0.118750
0 0.658750 0.267188 0.197500 0.200000
0 0.978750 0.385937 0.042500 0.275000
0 0.535000 0.784375 0.060000 0.068750
0 0.541250 0.832812 0.072500 0.071875
0 0.956250 0.595313 0.082500 0.293750
0 0.472500 0.331250 0.185000 0.128125
0 0.962500 0.406250 0.075000 0.121875
0 0.876250 0.064062 0.102500 0.150000
0 0.627500 0.659375 0.090000 0.178125
0 0.350000 0.118750 0.190000 0.134375
0 0.421250 0.654687 0.137500 0.159375
0 0.508750 0.492188 0.112500 0.178125
0 0.946250 0.951562 0.107500 0.115625
0 0.745000 0.050000 0.080000 0.090625
0 0.528750 0.926562 0.122500 0.146875
