0 0.342500 0.959375 0.275000 0.200000
0 0.782500 1.012500 0.170000 0.093750
0 0.130000 0.612500 0.210000 0.393750
0 0.120000 0.150000 0.240000 0.100000
0 0.162500 0.381250 0.175000 0.262500
0 0.307500 0.371875 0.190000 0.106250
0 0.068750 0.085938 0.137500 0.059375
0 0.528750 0.779687 0.127500 0.171875
0 0.513750 0.779687 0.167500 0.084375
0 0.521250 0.092188 0.147500 0.115625
0 0.865000 0.484375 0.175000 0.068750
0 0.670000 0.462500 0.140000 0.187500
0 0.848750 0.439063 0.212500 0.156250
0 0.658750 0.273438 0.197500 0.200000
0 0.978750 0.382812 0.042500 0.268750
0 0.550000 0.787500 0.060000 0.068750
0 0.546250 0.842187 0.072500 0.071875
0 0.952500 0.584375 0.085000 0.306250
0 0.448750 0.317188 0.177500 0.134375
0 0.962500 0.406250 0.075000 0.121875
0 0.873750 0.070312 0.102500 0.153125
0 0.648750 0.607812 0.082500 0.137500
0 0.347500 0.115625 0.185000 0.128125
0 0.396250 0.642188 0.127500 0.168750
0 0.498750 0.457813 0.102500 0.218750
0 0.932500 0.956250 0.135000 0.128125
0 0.742500 0.056250 0.090000 0.109375
0 0.511250 0.907813 0.142500 0.171875
