0 0.340000 0.884375 0.265000 0.187500
0 0.787500 0.951562 0.170000 0.096875
0 0.136250 0.679688 0.217500 0.378125
0 0.120000 0.050000 0.240000 0.100000
0 0.153750 0.404687 0.192500 0.259375
0 0.315000 0.317188 0.210000 0.115625
0 0.068750 0.029687 0.137500 0.059375
0 0.531250 0.789062 0.127500 0.171875
0 0.495000 0.726562 0.155000 0.084375
0 0.526250 0.057813 0.147500 0.115625
0 0.866250 0.414062 0.197500 0.065625
0 0.662500 0.501563 0.130000 0.215625
0 0.807500 0.350000 0.240000 0.118750
0 0.658750 0.243750 0.197500 0.200000
0 0.978750 0.495312 0.042500 0.271875
0 0.537500 0.781250 0.060000 0.068750
0 0.541250 0.826562 0.072500 0.071875
0 0.956250 0.689063 0.082500 0.296875
0 0.470000 0.276562 0.185000 0.128125
0 0.962500 0.420312 0.075000 0.121875
0 0.876250 0.076563 0.102500 0.153125
0 0.631250 0.675000 0.087500 0.162500
0 0.350000 0.068750 0.190000 0.137500
0 0.413750 0.650000 0.132500 0.162500
0 0.507500 0.507812 0.110000 0.184375
0 0.943750 0.942187 0.112500 0.115625
0 0.746250 0.046875 0.082500 0.093750
0 0.526250 0.918750 0.127500 0.150000
