0 0.342500 0.889062 0.275000 0.203125
0 0.782500 0.953125 0.170000 0.093750
0 0.126250 0.679688 0.207500 0.396875
0 0.120000 0.050000 0.240000 0.100000
0 0.165000 0.404687 0.170000 0.265625
0 0.302500 0.301563 0.185000 0.109375
0 0.526250 0.785937 0.127500 0.171875
0 0.517500 0.717187 0.170000 0.084375
0 0.518750 0.057813 0.147500 0.115625
0 0.870000 0.401562 0.140000 0.071875
0 0.673750 0.459375 0.142500 0.181250
0 0.858750 0.393750 0.202500 0.168750
0 0.661250 0.248438 0.197500 0.203125
0 0.978750 0.490625 0.042500 0.268750
0 0.550000 0.784375 0.060000 0.068750
0 0.548750 0.835938 0.072500 0.071875
0 0.953750 0.685937 0.087500 0.309375
0 0.445000 0.279687 0.170000 0.140625
0 0.962500 0.420312 0.075000 0.121875
0 0.871250 0.085938 0.102500 0.153125
0 0.653750 0.615625 0.082500 0.137500
0 0.347500 0.062500 0.185000 0.125000
0 0.393750 0.648438 0.127500 0.171875
0 0.495000 0.501563 0.100000 0.228125
0 0.931250 0.937500 0.137500 0.125000
0 0.743750 0.056250 0.092500 0.112500
0 0.505000 0.903125 0.145000 0.175000
