0 0.315000 0.870313 0.290000 0.259375
0 0.772500 0.976562 0.190000 0.046875
0 0.067500 0.728125 0.135000 0.225000
0 0.165000 0.396875 0.120000 0.243750
0 0.180000 0.209375 0.125000 0.150000
0 0.526250 0.785937 0.127500 0.171875
0 0.546250 0.735938 0.187500 0.084375
0 0.488750 0.045312 0.107500 0.090625
0 0.901250 0.464062 0.197500 0.053125
0 0.697500 0.387500 0.140000 0.068750
0 0.908750 0.448437 0.182500 0.165625
0 0.728750 0.278125 0.237500 0.143750
0 0.618750 0.712500 0.087500 0.206250
0 0.556250 0.804688 0.072500 0.071875
0 0.936250 0.589063 0.122500 0.228125
0 0.365000 0.298438 0.200000 0.209375
0 0.881250 0.082812 0.102500 0.153125
0 0.718750 0.467187 0.122500 0.090625
0 0.332500 0.042188 0.155000 0.084375
0 0.343750 0.704688 0.132500 0.190625
0 0.487500 0.476562 0.135000 0.284375
0 0.951250 0.920312 0.097500 0.159375
0 0.665000 0.060937 0.140000 0.115625
0 0.471250 0.873437 0.172500 0.203125
0 0.966250 0.126562 0.067500 0.228125
0 0.733750 0.401562 0.127500 0.084375
0 0.773750 0.087500 0.087500 0.175000
