0 0.335000 0.885938 0.285000 0.228125
0 0.776250 0.967187 0.182500 0.065625
0 0.103750 0.653125 0.207500 0.400000
0 0.165000 0.401562 0.135000 0.259375
0 0.238750 0.240625 0.142500 0.143750
0 0.526250 0.785937 0.127500 0.171875
0 0.543750 0.720313 0.187500 0.084375
0 0.505000 0.043750 0.110000 0.087500
0 0.901250 0.451562 0.197500 0.053125
0 0.660000 0.467187 0.125000 0.196875
0 0.892500 0.415625 0.185000 0.175000
0 0.688750 0.229687 0.207500 0.228125
0 0.563750 0.762500 0.062500 0.075000
0 0.551250 0.807813 0.072500 0.071875
0 0.947500 0.667188 0.090000 0.321875
0 0.395000 0.307812 0.165000 0.190625
0 0.868750 0.095312 0.102500 0.153125
0 0.716250 0.507812 0.107500 0.109375
0 0.337500 0.050000 0.165000 0.100000
0 0.370000 0.643750 0.130000 0.187500
0 0.505000 0.487500 0.100000 0.256250
0 0.947500 0.957812 0.105000 0.084375
0 0.711250 0.053125 0.107500 0.106250
0 0.488750 0.893750 0.162500 0.193750
0 0.973750 0.132812 0.052500 0.240625
