0 0.331250 0.882812 0.287500 0.234375
0 0.775000 0.970313 0.185000 0.059375
0 0.095000 0.670312 0.190000 0.359375
0 0.162500 0.400000 0.125000 0.256250
0 0.222500 0.221875 0.125000 0.150000
0 0.526250 0.785937 0.127500 0.171875
0 0.541250 0.726562 0.187500 0.084375
0 0.501250 0.043750 0.107500 0.087500
0 0.901250 0.454688 0.197500 0.053125
0 0.661250 0.462500 0.122500 0.187500
0 0.905000 0.418750 0.185000 0.156250
0 0.697500 0.242188 0.215000 0.209375
0 0.582500 0.753125 0.070000 0.112500
0 0.556250 0.807813 0.072500 0.071875
0 0.945000 0.660937 0.090000 0.321875
0 0.381250 0.307812 0.187500 0.203125
0 0.871250 0.092188 0.102500 0.153125
0 0.731250 0.485938 0.122500 0.090625
0 0.335000 0.045312 0.160000 0.090625
0 0.365000 0.659375 0.130000 0.187500
0 0.506250 0.481250 0.102500 0.262500
0 0.947500 0.950000 0.105000 0.100000
0 0.696250 0.051562 0.122500 0.103125
0 0.486250 0.892188 0.167500 0.196875
0 0.972500 0.131250 0.055000 0.237500
0 0.730000 0.401562 0.120000 0.084375
