0 0.320000 0.873437 0.290000 0.253125
0 0.772500 0.976562 0.190000 0.046875
0 0.071250 0.726562 0.142500 0.246875
0 0.163750 0.398438 0.117500 0.246875
0 0.190000 0.209375 0.120000 0.150000
0 0.526250 0.785937 0.127500 0.171875
0 0.543750 0.735938 0.187500 0.084375
0 0.491250 0.045312 0.107500 0.090625
0 0.901250 0.460938 0.197500 0.053125
0 0.691250 0.400000 0.137500 0.087500
0 0.908750 0.440625 0.182500 0.150000
0 0.721250 0.271875 0.232500 0.156250
0 0.626250 0.728125 0.087500 0.206250
0 0.558750 0.807813 0.072500 0.071875
0 0.937500 0.592187 0.120000 0.234375
0 0.367500 0.301563 0.200000 0.209375
0 0.881250 0.085938 0.102500 0.153125
0 0.728750 0.470313 0.122500 0.090625
0 0.332500 0.042188 0.155000 0.084375
0 0.347500 0.700000 0.130000 0.187500
0 0.490000 0.478125 0.130000 0.281250
0 0.951250 0.925000 0.097500 0.150000
0 0.670000 0.057813 0.140000 0.109375
0 0.473750 0.876563 0.172500 0.203125
0 0.967500 0.128125 0.065000 0.231250
0 0.733750 0.401562 0.127500 0.084375
0 0.775000 0.082812 0.085000 0.165625
