0 0.337500 0.953125 0.285000 0.225000
0 0.777500 1.043750 0.180000 0.068750
0 0.106250 0.585938 0.207500 0.400000
0 0.163750 0.357812 0.137500 0.259375
0 0.243750 0.270313 0.147500 0.143750
0 0.526250 0.779687 0.127500 0.171875
0 0.543750 0.792188 0.187500 0.084375
0 0.505000 0.071875 0.115000 0.090625
0 0.901250 0.548438 0.197500 0.053125
0 0.661250 0.448437 0.127500 0.193750
0 0.888750 0.442188 0.187500 0.181250
0 0.686250 0.251563 0.207500 0.225000
0 0.978750 0.379688 0.042500 0.268750
0 0.560000 0.765625 0.060000 0.068750
0 0.551250 0.820312 0.072500 0.071875
0 0.947500 0.565625 0.090000 0.321875
0 0.401250 0.314063 0.157500 0.184375
0 0.866250 0.082812 0.102500 0.153125
0 0.707500 0.521875 0.100000 0.118750
0 0.338750 0.104688 0.167500 0.103125
0 0.372500 0.628125 0.130000 0.184375
0 0.505000 0.425000 0.100000 0.253125
0 0.946250 0.992188 0.107500 0.075000
0 0.720000 0.062500 0.100000 0.109375
0 0.490000 0.900000 0.160000 0.190625
0 0.975000 0.043750 0.050000 0.240625
