0 0.346250 0.964063 0.282500 0.212500
0 0.778750 1.023438 0.172500 0.084375
0 0.118750 0.601562 0.207500 0.400000
0 0.120000 0.150000 0.240000 0.100000
0 0.167500 0.365625 0.155000 0.265625
0 0.276250 0.326562 0.172500 0.128125
0 0.526250 0.779687 0.127500 0.171875
0 0.535000 0.781250 0.180000 0.084375
0 0.513750 0.082812 0.132500 0.106250
0 0.885000 0.493750 0.165000 0.062500
0 0.673750 0.451562 0.142500 0.171875
0 0.878750 0.432812 0.187500 0.187500
0 0.671250 0.260937 0.202500 0.212500
0 0.978750 0.379688 0.042500 0.268750
0 0.555000 0.778125 0.060000 0.068750
0 0.551250 0.845313 0.072500 0.071875
0 0.948750 0.576562 0.087500 0.315625
0 0.425000 0.309375 0.145000 0.159375
0 0.868750 0.079687 0.102500 0.153125
0 0.676250 0.557813 0.082500 0.137500
0 0.343750 0.110937 0.177500 0.115625
0 0.383750 0.635938 0.127500 0.178125
0 0.497500 0.440625 0.100000 0.240625
0 0.940000 0.987500 0.120000 0.087500
0 0.733750 0.057813 0.092500 0.112500
0 0.501250 0.901563 0.152500 0.181250
