0 0.337500 0.885938 0.285000 0.228125
0 0.775000 0.965625 0.180000 0.068750
0 0.106250 0.653125 0.207500 0.400000
0 0.163750 0.401562 0.137500 0.259375
0 0.240000 0.243750 0.145000 0.143750
0 0.526250 0.785937 0.127500 0.171875
0 0.543750 0.717187 0.187500 0.084375
0 0.506250 0.045312 0.112500 0.090625
0 0.901250 0.451562 0.197500 0.053125
0 0.661250 0.467187 0.127500 0.196875
0 0.891250 0.417187 0.187500 0.178125
0 0.686250 0.232813 0.207500 0.228125
0 0.560000 0.762500 0.060000 0.068750
0 0.551250 0.807813 0.072500 0.071875
0 0.947500 0.670312 0.090000 0.321875
0 0.396250 0.306250 0.162500 0.187500
0 0.868750 0.095312 0.102500 0.153125
0 0.711250 0.512500 0.102500 0.112500
0 0.337500 0.050000 0.165000 0.100000
0 0.372500 0.640625 0.130000 0.187500
0 0.505000 0.485938 0.100000 0.253125
0 0.946250 0.959375 0.107500 0.081250
0 0.715000 0.054688 0.105000 0.109375
0 0.491250 0.892188 0.162500 0.190625
0 0.975000 0.132812 0.050000 0.240625
