0 0.296250 0.907813 0.292500 0.271875
0 0.772500 1.071875 0.190000 0.046875
0 0.062500 0.706250 0.125000 0.121875
0 0.176250 0.364063 0.142500 0.215625
0 0.132500 0.212500 0.155000 0.156250
0 0.526250 0.779687 0.127500 0.171875
0 0.617500 0.818750 0.160000 0.128125
0 0.478750 0.067187 0.107500 0.093750
0 0.732500 0.440625 0.140000 0.068750
0 0.911250 0.479687 0.177500 0.246875
0 0.763750 0.432812 0.307500 0.118750
0 0.571250 0.551562 0.087500 0.206250
0 0.553750 0.817187 0.072500 0.071875
0 0.913750 0.554688 0.122500 0.228125
0 0.350000 0.309375 0.200000 0.209375
0 0.893750 0.067187 0.102500 0.153125
0 0.686250 0.473438 0.122500 0.090625
0 0.323750 0.698438 0.142500 0.203125
0 0.456250 0.423438 0.142500 0.312500
0 0.952500 0.890625 0.095000 0.168750
0 0.623750 0.064062 0.097500 0.140625
0 0.456250 0.845313 0.172500 0.203125
0 0.961250 0.060937 0.077500 0.221875
0 0.762500 0.462500 0.120000 0.146875
0 0.751250 0.070312 0.102500 0.240625
