0 0.306250 0.864062 0.292500 0.271875
0 0.772500 0.976562 0.190000 0.046875
0 0.065000 0.703125 0.130000 0.156250
0 0.172500 0.387500 0.135000 0.225000
0 0.150000 0.198437 0.145000 0.153125
0 0.526250 0.785937 0.127500 0.171875
0 0.583750 0.782813 0.187500 0.084375
0 0.481250 0.046875 0.107500 0.093750
0 0.720000 0.387500 0.140000 0.068750
0 0.908750 0.478125 0.182500 0.225000
0 0.751250 0.292187 0.282500 0.128125
0 0.586250 0.646875 0.087500 0.206250
0 0.543750 0.804688 0.072500 0.071875
0 0.921250 0.592187 0.122500 0.228125
0 0.355000 0.292187 0.200000 0.209375
0 0.891250 0.079687 0.102500 0.153125
0 0.686250 0.448437 0.122500 0.090625
0 0.330000 0.709375 0.140000 0.200000
0 0.467500 0.485938 0.140000 0.303125
0 0.952500 0.915625 0.095000 0.168750
0 0.638750 0.070312 0.117500 0.134375
0 0.461250 0.851562 0.172500 0.203125
0 0.962500 0.125000 0.075000 0.225000
0 0.753750 0.439063 0.122500 0.121875
0 0.761250 0.117188 0.097500 0.221875
