0 0.291250 0.860938 0.292500 0.271875
0 0.772500 0.976562 0.190000 0.046875
0 0.058750 0.678125 0.117500 0.106250
0 0.178750 0.379688 0.147500 0.209375
0 0.125000 0.193750 0.160000 0.156250
0 0.526250 0.785937 0.127500 0.171875
0 0.648750 0.778125 0.132500 0.175000
0 0.476250 0.048438 0.107500 0.096875
0 0.742500 0.387500 0.140000 0.068750
0 0.923750 0.501563 0.152500 0.228125
0 0.776250 0.307812 0.327500 0.109375
0 0.556250 0.562500 0.087500 0.206250
0 0.561250 0.810937 0.072500 0.078125
0 0.911250 0.598437 0.122500 0.228125
0 0.343750 0.292187 0.197500 0.209375
0 0.898750 0.079687 0.102500 0.153125
0 0.686250 0.435937 0.122500 0.090625
0 0.315000 0.717187 0.145000 0.209375
0 0.448750 0.496875 0.142500 0.312500
0 0.952500 0.915625 0.095000 0.168750
0 0.608750 0.073438 0.097500 0.140625
0 0.446250 0.823438 0.172500 0.203125
0 0.961250 0.123438 0.077500 0.221875
0 0.772500 0.479687 0.120000 0.165625
0 0.741250 0.131250 0.112500 0.250000
0 0.616250 0.951562 0.127500 0.096875
0 0.976250 0.765625 0.047500 0.156250
