0 0.281250 0.857812 0.292500 0.271875
0 0.772500 0.976562 0.190000 0.046875
0 0.051250 0.668750 0.102500 0.106250
0 0.181250 0.376563 0.152500 0.203125
0 0.118750 0.185938 0.167500 0.153125
0 0.526250 0.785937 0.127500 0.171875
0 0.658750 0.771875 0.172500 0.262500
0 0.471250 0.048438 0.107500 0.096875
0 0.787500 0.390625 0.140000 0.068750
0 0.941250 0.515625 0.117500 0.206250
0 0.791250 0.314063 0.357500 0.096875
0 0.561250 0.500000 0.087500 0.137500
0 0.573750 0.823438 0.082500 0.109375
0 0.908750 0.610938 0.122500 0.228125
0 0.336250 0.325000 0.187500 0.218750
0 0.903750 0.076563 0.102500 0.153125
0 0.687500 0.439063 0.120000 0.109375
0 0.307500 0.720313 0.150000 0.215625
0 0.446250 0.507812 0.142500 0.303125
0 0.952500 0.915625 0.095000 0.168750
0 0.588750 0.070312 0.097500 0.140625
0 0.433750 0.798438 0.172500 0.203125
0 0.961250 0.123438 0.077500 0.221875
0 0.785000 0.504687 0.115000 0.190625
0 0.726250 0.139063 0.127500 0.259375
0 0.612500 0.946875 0.140000 0.106250
0 0.968750 0.765625 0.062500 0.156250
0 0.752500 0.046875 0.115000 0.093750
0 0.862500 0.953125 0.080000 0.093750
