0 0.698750 0.746875 0.102500 0.431250
0 0.936250 0.618750 0.127500 0.162500
0 0.120000 0.121875 0.240000 0.218750
0 0.088750 0.934375 0.177500 0.131250
0 0.272500 0.254688 0.175000 0.471875
0 0.783750 0.587500 0.147500 0.318750
0 0.900000 0.860938 0.200000 0.278125
0 0.860000 0.321875 0.135000 0.325000
0 0.512500 0.179688 0.240000 0.334375
0 0.686250 0.318750 0.087500 0.437500
0 0.211250 0.096875 0.097500 0.187500
0 0.933750 0.093750 0.127500 0.187500
0 0.443750 0.882812 0.357500 0.234375
0 0.978750 0.481250 0.042500 0.125000
