0 0.707500 0.743750 0.100000 0.425000
0 0.933750 0.629687 0.132500 0.159375
0 0.123750 0.126562 0.247500 0.228125
0 0.087500 0.934375 0.175000 0.131250
0 0.275000 0.276562 0.175000 0.471875
0 0.785000 0.592187 0.130000 0.315625
0 0.901250 0.862500 0.197500 0.275000
0 0.853750 0.334375 0.142500 0.312500
0 0.507500 0.168750 0.240000 0.318750
0 0.688750 0.314063 0.097500 0.446875
0 0.213750 0.093750 0.097500 0.187500
0 0.928750 0.089063 0.132500 0.178125
0 0.438750 0.904687 0.297500 0.190625
0 0.981250 0.479687 0.037500 0.128125
