0 0.712500 0.718750 0.135000 0.375000
0 0.932500 0.642188 0.135000 0.146875
0 0.096250 0.107813 0.192500 0.190625
0 0.273750 0.306250 0.202500 0.581250
0 0.802500 0.604688 0.120000 0.296875
0 0.912500 0.823438 0.175000 0.196875
0 0.836250 0.332813 0.147500 0.303125
0 0.502500 0.160938 0.240000 0.315625
0 0.701250 0.306250 0.112500 0.462500
0 0.210000 0.078125 0.125000 0.156250
0 0.896250 0.039062 0.202500 0.078125
0 0.428750 0.942187 0.197500 0.115625
0 0.970000 0.481250 0.060000 0.143750
0 0.955000 0.207813 0.090000 0.178125
