0 0.640000 0.471875 0.190000 0.303125
0 0.941250 0.632812 0.117500 0.137500
0 0.051250 0.076563 0.102500 0.131250
0 0.246250 0.279687 0.257500 0.525000
0 0.802500 0.575000 0.155000 0.284375
0 0.917500 0.800000 0.165000 0.193750
0 0.861250 0.176563 0.132500 0.415625
0 0.467500 0.150000 0.240000 0.315625
0 0.705000 0.181250 0.210000 0.406250
0 0.226250 0.085938 0.137500 0.137500
0 0.911250 0.104688 0.167500 0.115625
0 0.941250 0.148438 0.117500 0.287500
0 0.935000 0.975000 0.130000 0.106250
0 0.542500 0.821875 0.240000 0.328125
0 0.763750 0.914062 0.162500 0.187500
