0 0.632500 0.478125 0.190000 0.303125
0 0.941250 0.607812 0.117500 0.137500
0 0.053750 0.082812 0.107500 0.137500
0 0.248750 0.295312 0.257500 0.525000
0 0.798750 0.595313 0.177500 0.259375
0 0.908750 0.801562 0.182500 0.203125
0 0.871250 0.173437 0.132500 0.415625
0 0.456250 0.151562 0.242500 0.287500
0 0.742500 0.140625 0.145000 0.421875
0 0.231250 0.095312 0.147500 0.128125
0 0.946250 0.129688 0.107500 0.296875
0 0.933750 0.967187 0.132500 0.115625
0 0.536250 0.810937 0.262500 0.353125
0 0.736250 0.917188 0.182500 0.196875
