0 0.548750 0.514062 0.242500 0.271875
0 0.928750 0.639062 0.142500 0.106250
0 0.065000 0.121875 0.130000 0.178125
0 0.276250 0.448437 0.292500 0.428125
0 0.753750 0.626563 0.177500 0.259375
0 0.915000 0.756250 0.170000 0.184375
0 0.880000 0.187500 0.220000 0.459375
0 0.325000 0.128125 0.205000 0.187500
0 0.706250 0.251563 0.202500 0.400000
0 0.198750 0.167187 0.152500 0.196875
0 0.973750 0.032813 0.052500 0.190625
0 0.927500 0.928125 0.145000 0.162500
0 0.467500 0.721875 0.240000 0.421875
0 0.703750 0.942187 0.262500 0.221875
0 0.070000 0.906250 0.135000 0.178125
