0 0.627500 0.475000 0.190000 0.303125
0 0.941250 0.604688 0.117500 0.137500
0 0.053750 0.085938 0.107500 0.140625
0 0.251250 0.301563 0.257500 0.525000
0 0.793750 0.601562 0.177500 0.259375
0 0.905000 0.803125 0.190000 0.206250
0 0.873750 0.170313 0.132500 0.415625
0 0.451250 0.151562 0.242500 0.271875
0 0.753750 0.129688 0.122500 0.425000
0 0.230000 0.100000 0.150000 0.131250
0 0.947500 0.125000 0.105000 0.293750
0 0.933750 0.964063 0.132500 0.118750
0 0.532500 0.806250 0.265000 0.359375
0 0.733750 0.917188 0.192500 0.203125
