0 0.568750 0.470313 0.252500 0.337500
0 0.936250 0.632812 0.127500 0.112500
0 0.058750 0.101562 0.117500 0.156250
0 0.262500 0.350000 0.270000 0.525000
0 0.766250 0.632812 0.177500 0.259375
0 0.913750 0.754687 0.172500 0.209375
0 0.886250 0.148438 0.167500 0.459375
0 0.391250 0.126562 0.202500 0.190625
0 0.757500 0.168750 0.120000 0.425000
0 0.223750 0.135937 0.152500 0.143750
0 0.955000 0.096875 0.090000 0.212500
0 0.933750 0.942187 0.132500 0.140625
0 0.502500 0.743750 0.255000 0.412500
0 0.721250 0.932813 0.257500 0.228125
0 0.070000 0.906250 0.135000 0.178125
