0 0.563750 0.470313 0.252500 0.337500
0 0.936250 0.635938 0.127500 0.112500
0 0.060000 0.103125 0.120000 0.159375
0 0.265000 0.356250 0.275000 0.525000
0 0.766250 0.632812 0.177500 0.259375
0 0.913750 0.751563 0.172500 0.209375
0 0.888750 0.151562 0.172500 0.459375
0 0.386250 0.126562 0.202500 0.190625
0 0.751250 0.173437 0.122500 0.425000
0 0.223750 0.139063 0.152500 0.146875
0 0.955000 0.090625 0.090000 0.212500
0 0.933750 0.939063 0.132500 0.143750
0 0.498750 0.739062 0.252500 0.412500
0 0.720000 0.934375 0.260000 0.228125
0 0.070000 0.906250 0.135000 0.178125
