0 0.596250 0.493750 0.217500 0.318750
0 0.938750 0.606250 0.122500 0.125000
0 0.056250 0.100000 0.112500 0.150000
0 0.253750 0.421875 0.257500 0.525000
0 0.778750 0.639062 0.177500 0.259375
0 0.905000 0.770312 0.190000 0.209375
0 0.882500 0.282813 0.150000 0.440625
0 0.426250 0.106250 0.227500 0.212500
0 0.756250 0.289062 0.117500 0.428125
0 0.227500 0.093750 0.150000 0.137500
0 0.952500 0.176563 0.095000 0.234375
0 0.933750 0.934375 0.132500 0.131250
0 0.520000 0.803125 0.265000 0.393750
0 0.723750 0.889062 0.237500 0.221875
