0 0.915000 0.579688 0.170000 0.103125
0 0.132500 0.123438 0.105000 0.128125
0 0.205000 0.485938 0.205000 0.471875
0 0.743750 0.660937 0.132500 0.234375
0 0.901250 0.712500 0.197500 0.231250
0 0.852500 0.276562 0.275000 0.240625
0 0.645000 0.410938 0.365000 0.265625
0 0.176250 0.221875 0.137500 0.137500
0 0.947500 0.931250 0.105000 0.137500
0 0.435000 0.720313 0.200000 0.521875
0 0.652500 0.875000 0.225000 0.250000
0 0.638750 0.103125 0.347500 0.125000
0 0.250000 0.109375 0.105000 0.206250
0 0.431250 0.026562 0.237500 0.053125
0 0.600000 0.528125 0.120000 0.212500
