0 0.916250 0.579688 0.167500 0.103125
0 0.120000 0.167187 0.110000 0.134375
0 0.226250 0.496875 0.267500 0.443750
0 0.756250 0.651563 0.142500 0.259375
0 0.901250 0.725000 0.197500 0.231250
0 0.871250 0.254688 0.247500 0.278125
0 0.683750 0.351562 0.287500 0.384375
0 0.180000 0.264062 0.140000 0.121875
0 0.975000 0.076563 0.050000 0.153125
0 0.937500 0.921875 0.125000 0.156250
0 0.448750 0.742188 0.212500 0.490625
0 0.665000 0.885938 0.225000 0.228125
0 0.668750 0.098437 0.287500 0.115625
0 0.247500 0.110937 0.135000 0.171875
0 0.440000 0.026562 0.255000 0.053125
0 0.590000 0.512500 0.125000 0.168750
