0 0.623750 0.598437 0.142500 0.168750
0 0.920000 0.631250 0.160000 0.103125
0 0.100000 0.153125 0.120000 0.153125
0 0.241250 0.470313 0.292500 0.428125
0 0.753750 0.601562 0.142500 0.290625
0 0.903750 0.735938 0.192500 0.221875
0 0.873750 0.217188 0.232500 0.325000
0 0.683750 0.339062 0.287500 0.384375
0 0.177500 0.271875 0.175000 0.146875
0 0.975000 0.031250 0.050000 0.153125
0 0.930000 0.921875 0.140000 0.165625
0 0.452500 0.659375 0.220000 0.468750
0 0.673750 0.923438 0.227500 0.218750
0 0.680000 0.206250 0.265000 0.109375
0 0.241250 0.148438 0.147500 0.150000
0 0.421250 0.135937 0.217500 0.071875
