0 0.623750 0.593750 0.142500 0.168750
0 0.920000 0.582812 0.160000 0.103125
0 0.100000 0.156250 0.120000 0.156250
0 0.241250 0.501563 0.292500 0.428125
0 0.753750 0.656250 0.142500 0.293750
0 0.905000 0.728125 0.190000 0.218750
0 0.873750 0.232813 0.232500 0.328125
0 0.683750 0.351562 0.287500 0.384375
0 0.176250 0.235937 0.177500 0.146875
0 0.975000 0.076563 0.050000 0.153125
0 0.930000 0.917188 0.140000 0.165625
0 0.453750 0.759375 0.222500 0.468750
0 0.675000 0.890625 0.230000 0.218750
0 0.680000 0.095312 0.265000 0.109375
0 0.241250 0.131250 0.147500 0.150000
0 0.418750 0.037500 0.212500 0.075000
