0 0.918750 0.582812 0.162500 0.103125
0 0.106250 0.159375 0.117500 0.150000
0 0.236250 0.504687 0.292500 0.428125
0 0.753750 0.654687 0.142500 0.284375
0 0.902500 0.726562 0.195000 0.228125
0 0.873750 0.239063 0.237500 0.315625
0 0.683750 0.351562 0.287500 0.384375
0 0.177500 0.240625 0.170000 0.143750
0 0.975000 0.076563 0.050000 0.153125
0 0.932500 0.918750 0.135000 0.162500
0 0.451250 0.753125 0.217500 0.475000
0 0.671250 0.889062 0.227500 0.221875
0 0.677500 0.096875 0.270000 0.112500
0 0.241250 0.121875 0.147500 0.150000
0 0.431250 0.031250 0.237500 0.062500
0 0.583750 0.514062 0.127500 0.134375
