0 0.918750 0.582812 0.162500 0.103125
0 0.107500 0.160938 0.115000 0.146875
0 0.235000 0.501563 0.290000 0.428125
0 0.753750 0.654687 0.142500 0.278125
0 0.901250 0.725000 0.197500 0.231250
0 0.872500 0.243750 0.240000 0.306250
0 0.683750 0.351562 0.287500 0.384375
0 0.177500 0.245312 0.165000 0.140625
0 0.975000 0.076563 0.050000 0.153125
0 0.933750 0.918750 0.132500 0.162500
0 0.451250 0.751563 0.217500 0.478125
0 0.671250 0.889062 0.227500 0.221875
0 0.675000 0.096875 0.275000 0.112500
0 0.243750 0.112500 0.147500 0.150000
0 0.438750 0.028125 0.252500 0.056250
0 0.586250 0.515625 0.127500 0.143750
