0 0.556250 0.567187 0.237500 0.165625
0 0.925000 0.592187 0.150000 0.103125
0 0.067500 0.139063 0.135000 0.184375
0 0.268750 0.498437 0.292500 0.428125
0 0.750000 0.650000 0.165000 0.281250
0 0.915000 0.732812 0.170000 0.184375
0 0.877500 0.265625 0.235000 0.431250
0 0.331250 0.089063 0.212500 0.178125
0 0.692500 0.339062 0.250000 0.390625
0 0.185000 0.201563 0.175000 0.184375
0 0.975000 0.076563 0.050000 0.153125
0 0.922500 0.914062 0.155000 0.171875
0 0.457500 0.784375 0.235000 0.431250
0 0.687500 0.893750 0.240000 0.212500
0 0.697500 0.090625 0.230000 0.100000
