0 0.917500 0.631250 0.165000 0.103125
0 0.117500 0.165625 0.110000 0.137500
0 0.227500 0.446875 0.270000 0.440625
0 0.756250 0.607812 0.142500 0.262500
0 0.901250 0.732812 0.197500 0.231250
0 0.870000 0.265625 0.245000 0.281250
0 0.683750 0.339062 0.287500 0.384375
0 0.180000 0.287500 0.145000 0.125000
0 0.975000 0.031250 0.050000 0.153125
0 0.936250 0.923438 0.127500 0.156250
0 0.448750 0.632812 0.212500 0.487500
0 0.668750 0.914062 0.227500 0.228125
0 0.670000 0.218750 0.285000 0.115625
0 0.246250 0.114062 0.137500 0.165625
0 0.441250 0.160938 0.257500 0.053125
0 0.590000 0.509375 0.125000 0.162500
