0 0.915000 0.631250 0.170000 0.103125
0 0.130000 0.153125 0.105000 0.128125
0 0.216250 0.401562 0.232500 0.462500
0 0.748750 0.620313 0.137500 0.246875
0 0.901250 0.729688 0.197500 0.231250
0 0.865000 0.312500 0.260000 0.243750
0 0.663750 0.423438 0.327500 0.325000
0 0.187500 0.268750 0.155000 0.140625
0 0.943750 0.923438 0.112500 0.146875
0 0.446250 0.595313 0.202500 0.512500
0 0.658750 0.898438 0.222500 0.240625
0 0.655000 0.237500 0.315000 0.121875
0 0.255000 0.068750 0.105000 0.218750
0 0.435000 0.153125 0.245000 0.053125
0 0.597500 0.475000 0.120000 0.209375
