0 0.623750 0.593750 0.142500 0.168750
0 0.921250 0.585938 0.157500 0.103125
0 0.093750 0.151562 0.122500 0.159375
0 0.246250 0.501563 0.292500 0.428125
0 0.753750 0.657813 0.142500 0.303125
0 0.907500 0.728125 0.185000 0.212500
0 0.875000 0.225000 0.230000 0.343750
0 0.331250 0.089063 0.212500 0.178125
0 0.683750 0.351562 0.287500 0.384375
0 0.177500 0.232813 0.185000 0.153125
0 0.975000 0.076563 0.050000 0.153125
0 0.927500 0.915625 0.145000 0.168750
0 0.455000 0.760938 0.225000 0.459375
0 0.677500 0.893750 0.230000 0.212500
0 0.683750 0.095312 0.257500 0.109375
