0 0.131250 0.035937 0.082500 0.071875
0 0.190000 0.367188 0.125000 0.396875
0 0.730000 0.760938 0.125000 0.196875
0 0.891250 0.703125 0.197500 0.231250
0 0.811250 0.242188 0.222500 0.284375
0 0.618750 0.218750 0.182500 0.275000
0 0.146250 0.121875 0.077500 0.112500
0 0.365000 0.617188 0.225000 0.571875
0 0.622500 0.885938 0.230000 0.228125
0 0.547500 0.107813 0.500000 0.134375
0 0.055000 0.070312 0.110000 0.140625
0 0.565000 0.507812 0.130000 0.228125
0 0.955000 0.235937 0.090000 0.134375
0 0.971250 0.923438 0.057500 0.090625
0 0.910000 0.942187 0.105000 0.115625
