0 0.127500 0.028125 0.085000 0.056250
0 0.187500 0.364063 0.125000 0.403125
0 0.727500 0.760938 0.125000 0.196875
0 0.890000 0.698438 0.195000 0.228125
0 0.810000 0.239063 0.220000 0.290625
0 0.613750 0.198437 0.182500 0.240625
0 0.136250 0.115625 0.077500 0.112500
0 0.360000 0.617188 0.225000 0.571875
0 0.622500 0.885938 0.230000 0.228125
0 0.546250 0.107813 0.497500 0.134375
0 0.045000 0.070312 0.090000 0.140625
0 0.556250 0.509375 0.137500 0.237500
0 0.956250 0.242188 0.087500 0.134375
0 0.970000 0.920312 0.060000 0.103125
0 0.905000 0.934375 0.105000 0.131250
