0 0.915000 0.585938 0.170000 0.103125
0 0.137500 0.059375 0.090000 0.112500
0 0.207500 0.376563 0.125000 0.396875
0 0.748750 0.734375 0.127500 0.218750
0 0.896250 0.693750 0.197500 0.231250
0 0.816250 0.268750 0.262500 0.250000
0 0.597500 0.295312 0.285000 0.315625
0 0.182500 0.193750 0.115000 0.125000
0 0.952500 0.939063 0.095000 0.121875
0 0.391250 0.701562 0.217500 0.559375
0 0.630000 0.870313 0.250000 0.259375
0 0.578750 0.107813 0.467500 0.134375
0 0.232500 0.101562 0.120000 0.140625
0 0.435000 0.026562 0.245000 0.053125
0 0.595000 0.512500 0.120000 0.212500
0 0.948750 0.206250 0.102500 0.131250
