0 0.915000 0.585938 0.170000 0.103125
0 0.137500 0.064062 0.095000 0.115625
0 0.202500 0.401562 0.145000 0.421875
0 0.755000 0.725000 0.130000 0.231250
0 0.898750 0.690625 0.197500 0.231250
0 0.818750 0.279687 0.282500 0.246875
0 0.621250 0.331250 0.287500 0.293750
0 0.202500 0.226562 0.165000 0.140625
0 0.952500 0.939063 0.095000 0.121875
0 0.391250 0.710938 0.212500 0.546875
0 0.632500 0.867188 0.255000 0.265625
0 0.587500 0.106250 0.450000 0.131250
0 0.235000 0.098437 0.120000 0.140625
0 0.433750 0.026562 0.242500 0.053125
0 0.597500 0.518750 0.120000 0.212500
0 0.948750 0.203125 0.102500 0.131250
