0 0.150000 0.026562 0.085000 0.053125
0 0.168750 0.367188 0.127500 0.521875
0 0.730000 0.764062 0.120000 0.178125
0 0.872500 0.653125 0.175000 0.200000
0 0.797500 0.251563 0.200000 0.290625
0 0.493750 0.067187 0.212500 0.134375
0 0.162500 0.078125 0.105000 0.081250
0 0.340000 0.554688 0.225000 0.571875
0 0.623750 0.884375 0.222500 0.231250
0 0.628750 0.103125 0.302500 0.193750
0 0.547500 0.529687 0.135000 0.321875
0 0.948750 0.317188 0.102500 0.240625
0 0.958750 0.898438 0.082500 0.103125
0 0.892500 0.946875 0.105000 0.106250
0 0.967500 0.976562 0.065000 0.046875
0 0.796250 0.929688 0.102500 0.140625
