0 0.206250 0.098437 0.122500 0.318750
0 0.733750 0.754687 0.117500 0.162500
0 0.777500 0.265625 0.205000 0.259375
0 0.397500 0.065625 0.105000 0.056250
0 0.360000 0.340625 0.190000 0.425000
0 0.625000 0.903125 0.215000 0.231250
0 0.627500 0.340625 0.080000 0.103125
0 0.586250 0.476562 0.157500 0.271875
0 0.942500 0.271875 0.115000 0.218750
0 0.956250 0.904687 0.087500 0.109375
0 0.857500 0.971875 0.105000 0.093750
0 0.967500 0.993750 0.065000 0.046875
0 0.786250 0.860938 0.107500 0.206250
0 0.187500 0.896875 0.275000 0.271875
0 0.812500 0.575000 0.115000 0.171875
0 0.913750 0.651563 0.152500 0.181250
0 0.036250 0.120313 0.072500 0.190625
