0 0.150000 0.053125 0.085000 0.053125
0 0.183750 0.160938 0.147500 0.418750
0 0.730000 0.750000 0.120000 0.175000
0 0.793750 0.235937 0.187500 0.290625
0 0.438750 0.098437 0.157500 0.171875
0 0.156250 0.076563 0.082500 0.071875
0 0.340000 0.390625 0.225000 0.571875
0 0.622500 0.906250 0.220000 0.231250
0 0.681250 0.139063 0.197500 0.225000
0 0.551250 0.445312 0.127500 0.340625
0 0.948750 0.264062 0.102500 0.240625
0 0.957500 0.900000 0.085000 0.106250
0 0.890000 0.965625 0.105000 0.100000
0 0.967500 0.993750 0.065000 0.046875
0 0.791250 0.898438 0.102500 0.165625
0 0.102500 0.993750 0.195000 0.128125
0 0.806250 0.582812 0.112500 0.168750
0 0.920000 0.671875 0.145000 0.153125
