0 0.208750 0.154688 0.122500 0.278125
0 0.731250 0.764062 0.117500 0.165625
0 0.783750 0.268750 0.197500 0.268750
0 0.397500 0.046875 0.105000 0.093750
0 0.350000 0.531250 0.220000 0.550000
0 0.623750 0.884375 0.217500 0.231250
0 0.630000 0.300000 0.085000 0.131250
0 0.568750 0.531250 0.132500 0.331250
0 0.947500 0.318750 0.105000 0.237500
0 0.956250 0.904687 0.087500 0.109375
0 0.875000 0.953125 0.105000 0.093750
0 0.967500 0.976562 0.065000 0.046875
0 0.781250 0.892188 0.102500 0.215625
0 0.167500 0.890625 0.275000 0.218750
0 0.807500 0.567187 0.115000 0.171875
0 0.910000 0.639062 0.160000 0.178125
