0 0.206250 0.095312 0.122500 0.303125
0 0.731250 0.754687 0.117500 0.162500
0 0.778750 0.264062 0.202500 0.262500
0 0.397500 0.065625 0.105000 0.056250
0 0.355000 0.359375 0.200000 0.475000
0 0.626250 0.904687 0.217500 0.231250
0 0.627500 0.318750 0.075000 0.112500
0 0.578750 0.467187 0.147500 0.293750
0 0.945000 0.268750 0.110000 0.228125
0 0.956250 0.904687 0.087500 0.109375
0 0.862500 0.971875 0.105000 0.093750
0 0.967500 0.993750 0.065000 0.046875
0 0.782500 0.856250 0.105000 0.209375
0 0.186250 0.917188 0.277500 0.256250
0 0.812500 0.568750 0.115000 0.171875
0 0.912500 0.650000 0.155000 0.178125
