0 0.192500 0.192188 0.150000 0.296875
0 0.730000 0.773438 0.115000 0.153125
0 0.756250 0.245312 0.212500 0.265625
0 0.360000 0.364063 0.185000 0.378125
0 0.627500 0.882812 0.210000 0.234375
0 0.623750 0.339062 0.067500 0.103125
0 0.562500 0.453125 0.170000 0.293750
0 0.927500 0.293750 0.135000 0.181250
0 0.955000 0.907813 0.090000 0.109375
0 0.846250 0.935937 0.107500 0.128125
0 0.773750 0.910937 0.067500 0.178125
0 0.246250 0.800000 0.212500 0.400000
0 0.803750 0.546875 0.147500 0.200000
0 0.935000 0.671875 0.130000 0.181250
0 0.060000 0.131250 0.120000 0.143750
0 0.915000 0.970313 0.060000 0.059375
