0 0.193750 0.195312 0.137500 0.246875
0 0.732500 0.760938 0.115000 0.153125
0 0.767500 0.264062 0.205000 0.259375
0 0.377500 0.401562 0.175000 0.359375
0 0.626250 0.882812 0.212500 0.234375
0 0.618750 0.367188 0.082500 0.096875
0 0.592500 0.489063 0.180000 0.221875
0 0.933750 0.293750 0.132500 0.187500
0 0.955000 0.907813 0.090000 0.109375
0 0.848750 0.946875 0.107500 0.106250
0 0.795000 0.904687 0.115000 0.190625
0 0.182500 0.815625 0.265000 0.331250
0 0.821250 0.604688 0.127500 0.165625
0 0.923750 0.659375 0.142500 0.181250
0 0.046250 0.154688 0.092500 0.171875
