0 0.198750 0.128125 0.137500 0.162500
0 0.743750 0.754687 0.137500 0.115625
0 0.748750 0.206250 0.237500 0.293750
0 0.382500 0.279687 0.185000 0.384375
0 0.633750 0.881250 0.197500 0.237500
0 0.615000 0.331250 0.065000 0.143750
0 0.546250 0.384375 0.162500 0.381250
0 0.922500 0.296875 0.135000 0.181250
0 0.982500 0.929688 0.035000 0.140625
0 0.840000 0.921875 0.110000 0.137500
0 0.760000 0.912500 0.050000 0.175000
0 0.277500 0.754687 0.155000 0.490625
0 0.780000 0.481250 0.150000 0.212500
0 0.932500 0.656250 0.135000 0.187500
0 0.043750 0.125000 0.087500 0.118750
0 0.927500 0.934375 0.085000 0.131250
0 0.511250 0.912500 0.117500 0.175000
