0 0.192500 0.137500 0.150000 0.293750
0 0.730000 0.768750 0.115000 0.153125
0 0.758750 0.245312 0.212500 0.265625
0 0.361250 0.292187 0.182500 0.378125
0 0.627500 0.896875 0.210000 0.234375
0 0.621250 0.329688 0.067500 0.103125
0 0.562500 0.415625 0.170000 0.290625
0 0.927500 0.287500 0.135000 0.181250
0 0.955000 0.909375 0.090000 0.109375
0 0.846250 0.939063 0.107500 0.128125
0 0.775000 0.865625 0.070000 0.178125
0 0.245000 0.737500 0.215000 0.396875
0 0.806250 0.542188 0.147500 0.196875
0 0.935000 0.662500 0.130000 0.181250
0 0.060000 0.134375 0.120000 0.143750
0 0.915000 0.978125 0.060000 0.059375
