0 0.198750 0.146875 0.157500 0.181250
0 0.738750 0.757812 0.132500 0.121875
0 0.746250 0.207813 0.232500 0.290625
0 0.385000 0.279687 0.185000 0.384375
0 0.630000 0.882812 0.200000 0.234375
0 0.622500 0.315625 0.065000 0.131250
0 0.553750 0.393750 0.172500 0.375000
0 0.925000 0.296875 0.135000 0.181250
0 0.973750 0.920312 0.052500 0.134375
0 0.837500 0.925000 0.110000 0.137500
0 0.760000 0.912500 0.050000 0.175000
0 0.273750 0.760938 0.162500 0.478125
0 0.780000 0.478125 0.150000 0.206250
0 0.933750 0.659375 0.132500 0.181250
0 0.046250 0.123438 0.092500 0.115625
0 0.926250 0.932813 0.082500 0.134375
0 0.513750 0.917188 0.112500 0.165625
