0 0.196250 0.201563 0.197500 0.234375
0 0.733750 0.776563 0.122500 0.143750
0 0.751250 0.226562 0.222500 0.278125
0 0.382500 0.225000 0.185000 0.384375
0 0.626250 0.895312 0.207500 0.234375
0 0.628750 0.301563 0.067500 0.112500
0 0.571250 0.364063 0.187500 0.343750
0 0.925000 0.287500 0.135000 0.181250
0 0.955000 0.909375 0.090000 0.109375
0 0.842500 0.931250 0.110000 0.137500
0 0.763750 0.857812 0.052500 0.175000
0 0.261250 0.679688 0.187500 0.437500
0 0.792500 0.500000 0.150000 0.206250
0 0.935000 0.656250 0.130000 0.181250
0 0.052500 0.128125 0.105000 0.118750
0 0.921250 0.957812 0.072500 0.087500
0 0.530000 0.912500 0.105000 0.153125
