0 0.243750 0.095312 0.117500 0.146875
0 0.736250 0.779687 0.122500 0.121875
0 0.746250 0.189062 0.262500 0.328125
0 0.378750 0.173437 0.152500 0.218750
0 0.645000 0.871875 0.170000 0.234375
0 0.561250 0.420312 0.072500 0.265625
0 0.493750 0.195312 0.117500 0.371875
0 0.922500 0.290625 0.135000 0.181250
0 0.987500 0.906250 0.025000 0.109375
0 0.842500 0.896875 0.110000 0.137500
0 0.753750 0.857812 0.047500 0.171875
0 0.288750 0.489063 0.142500 0.596875
0 0.763750 0.467187 0.152500 0.250000
0 0.925000 0.631250 0.150000 0.215625
0 0.030000 0.143750 0.060000 0.175000
0 0.935000 0.943750 0.090000 0.112500
0 0.503750 0.870313 0.137500 0.215625
