0 0.733750 0.779687 0.112500 0.121875
0 0.738750 0.176563 0.267500 0.337500
0 0.358750 0.167187 0.152500 0.171875
0 0.651250 0.882812 0.162500 0.218750
0 0.588750 0.595313 0.092500 0.209375
0 0.502500 0.115625 0.120000 0.331250
0 0.922500 0.290625 0.135000 0.181250
0 0.826250 0.892188 0.117500 0.156250
0 0.750000 0.856250 0.045000 0.171875
0 0.296250 0.423438 0.142500 0.596875
0 0.733750 0.445312 0.157500 0.271875
0 0.925000 0.643750 0.150000 0.193750
0 0.025000 0.200000 0.050000 0.225000
0 0.942500 0.943750 0.090000 0.112500
0 0.478750 0.879687 0.152500 0.215625
0 0.263750 0.092188 0.117500 0.103125
0 0.272500 0.071875 0.115000 0.071875
