0 0.977500 0.375000 0.045000 0.250000
0 0.126250 0.785937 0.157500 0.237500
0 0.581250 0.107813 0.172500 0.225000
0 0.302500 0.112500 0.170000 0.215625
0 0.566250 0.414062 0.137500 0.187500
0 0.362500 0.715625 0.095000 0.200000
0 0.285000 0.712500 0.055000 0.156250
0 0.868750 0.876563 0.162500 0.203125
0 0.668750 0.739062 0.187500 0.221875
0 0.447500 0.528125 0.220000 0.278125
0 0.716250 0.507812 0.147500 0.175000
0 0.093750 0.117188 0.172500 0.275000
0 0.081250 0.398438 0.157500 0.300000
0 0.660000 0.962500 0.225000 0.178125
