0 0.547500 0.857812 0.210000 0.284375
0 0.545000 0.351562 0.360000 0.365625
0 0.937500 0.062500 0.125000 0.125000
0 0.152500 0.787500 0.225000 0.425000
0 0.491250 0.090625 0.447500 0.181250
0 0.687500 0.703125 0.360000 0.531250
0 0.963750 0.837500 0.072500 0.325000
0 0.841250 0.450000 0.317500 0.512500
0 0.202500 0.131250 0.310000 0.256250
0 0.447500 0.739062 0.195000 0.471875
0 0.190000 0.598437 0.140000 0.171875
0 0.261250 0.229687 0.162500 0.140625
0 0.265000 0.548438 0.110000 0.165625
0 0.795000 0.042188 0.215000 0.084375
0 0.072500 0.073438 0.125000 0.146875
