0 0.545000 0.843750 0.210000 0.287500
0 0.546250 0.395313 0.362500 0.368750
0 0.936250 0.079687 0.127500 0.125000
0 0.153750 0.717187 0.222500 0.421875
0 0.491250 0.279687 0.447500 0.187500
0 0.687500 0.665625 0.360000 0.528125
0 0.962500 0.721875 0.075000 0.325000
0 0.840000 0.393750 0.320000 0.509375
0 0.198750 0.198437 0.312500 0.259375
0 0.445000 0.625000 0.195000 0.471875
0 0.195000 0.596875 0.140000 0.175000
0 0.253750 0.267188 0.162500 0.137500
0 0.266250 0.520312 0.107500 0.165625
0 0.796250 0.132812 0.212500 0.084375
0 0.072500 0.078125 0.125000 0.140625
