0 0.566250 0.989062 0.267500 0.178125
0 0.587500 0.356250 0.330000 0.318750
0 0.960000 0.043750 0.070000 0.100000
0 0.147500 0.731250 0.235000 0.415625
0 0.470000 0.234375 0.375000 0.121875
0 0.647500 0.575000 0.320000 0.612500
0 0.970000 0.631250 0.060000 0.312500
0 0.836250 0.398438 0.272500 0.587500
0 0.281250 0.176563 0.282500 0.246875
0 0.448750 0.507812 0.162500 0.471875
0 0.413750 0.185938 0.192500 0.190625
0 0.146250 0.623437 0.172500 0.171875
0 0.792500 0.171875 0.275000 0.156250
0 0.078750 0.098437 0.157500 0.340625
0 0.070000 0.403125 0.140000 0.218750
0 0.941250 0.201563 0.102500 0.218750
0 0.293750 0.479687 0.127500 0.350000
0 0.170000 0.450000 0.130000 0.221875
