0 0.560000 0.860938 0.220000 0.278125
0 0.558750 0.339062 0.352500 0.353125
0 0.946250 0.059375 0.107500 0.118750
0 0.143750 0.781250 0.237500 0.437500
0 0.491250 0.073438 0.447500 0.146875
0 0.676250 0.696875 0.347500 0.556250
0 0.967500 0.842187 0.065000 0.315625
0 0.843750 0.457813 0.312500 0.534375
0 0.230000 0.112500 0.305000 0.225000
0 0.458750 0.739062 0.197500 0.471875
0 0.172500 0.614062 0.140000 0.153125
0 0.307500 0.207813 0.175000 0.153125
0 0.265000 0.564063 0.110000 0.196875
0 0.793750 0.051562 0.242500 0.103125
0 0.068750 0.096875 0.137500 0.193750
0 0.048750 0.446875 0.097500 0.137500
0 0.968750 0.140625 0.062500 0.162500
