0 0.543750 0.876563 0.207500 0.253125
0 0.546250 0.404687 0.362500 0.368750
0 0.931250 0.085938 0.137500 0.128125
0 0.158750 0.720313 0.212500 0.412500
0 0.488750 0.276562 0.442500 0.209375
0 0.696250 0.679688 0.367500 0.515625
0 0.960000 0.721875 0.080000 0.328125
0 0.838750 0.395313 0.322500 0.496875
0 0.182500 0.203125 0.315000 0.281250
0 0.437500 0.625000 0.195000 0.471875
0 0.200000 0.571875 0.165000 0.293750
0 0.230000 0.278125 0.125000 0.143750
0 0.267500 0.459375 0.095000 0.175000
0 0.797500 0.121875 0.195000 0.075000
0 0.078750 0.073438 0.117500 0.118750
