0 0.583750 0.901563 0.222500 0.196875
0 0.580000 0.320312 0.335000 0.328125
0 0.962500 0.054688 0.075000 0.109375
0 0.145000 0.789062 0.235000 0.421875
0 0.477500 0.064062 0.395000 0.128125
0 0.656250 0.685937 0.327500 0.596875
0 0.970000 0.787500 0.060000 0.312500
0 0.840000 0.501563 0.285000 0.571875
0 0.267500 0.120313 0.290000 0.240625
0 0.451250 0.670312 0.172500 0.471875
0 0.392500 0.165625 0.195000 0.181250
0 0.186250 0.589063 0.142500 0.146875
0 0.787500 0.065625 0.290000 0.131250
0 0.073750 0.162500 0.147500 0.325000
0 0.063750 0.432812 0.127500 0.196875
0 0.948750 0.217188 0.092500 0.203125
0 0.252500 0.587500 0.120000 0.237500
0 0.143750 0.509375 0.122500 0.200000
