0 0.558750 1.007812 0.287500 0.171875
0 0.591250 0.354687 0.327500 0.315625
0 0.958750 0.042188 0.067500 0.093750
0 0.147500 0.731250 0.235000 0.415625
0 0.467500 0.228125 0.365000 0.118750
0 0.645000 0.568750 0.315000 0.618750
0 0.970000 0.615625 0.060000 0.312500
0 0.836250 0.401562 0.267500 0.593750
0 0.287500 0.175000 0.280000 0.250000
0 0.446250 0.492188 0.157500 0.475000
0 0.417500 0.184375 0.190000 0.193750
0 0.143750 0.610938 0.172500 0.187500
0 0.797500 0.165625 0.265000 0.165625
0 0.082500 0.103125 0.165000 0.340625
0 0.073750 0.404687 0.142500 0.221875
0 0.936250 0.214062 0.107500 0.225000
0 0.310000 0.456250 0.130000 0.390625
0 0.181250 0.432812 0.132500 0.231250
