0 0.515000 1.078125 0.300000 0.109375
0 0.621250 0.254688 0.257500 0.331250
0 0.947500 0.028125 0.045000 0.050000
0 0.147500 0.753125 0.230000 0.390625
0 0.498750 0.182812 0.292500 0.056250
0 0.620000 0.512500 0.285000 0.656250
0 0.975000 0.546875 0.050000 0.268750
0 0.826250 0.448437 0.232500 0.634375
0 0.337500 0.162500 0.260000 0.271875
0 0.458750 0.370312 0.122500 0.546875
0 0.460000 0.153125 0.160000 0.231250
0 0.131250 0.585938 0.127500 0.150000
0 0.825000 0.112500 0.180000 0.265625
0 0.097500 0.121875 0.195000 0.365625
0 0.131250 0.442188 0.162500 0.225000
0 0.910000 0.315625 0.145000 0.271875
0 0.332500 0.412500 0.140000 0.400000
0 0.218750 0.364063 0.162500 0.218750
0 0.966250 0.114062 0.067500 0.162500
