0 0.473750 0.945312 0.222500 0.109375
0 0.636250 0.234375 0.222500 0.337500
0 0.942500 0.015625 0.035000 0.031250
0 0.150000 0.804688 0.230000 0.390625
0 0.502500 0.025000 0.285000 0.050000
0 0.613750 0.645312 0.267500 0.621875
0 0.982500 0.651563 0.035000 0.209375
0 0.823750 0.684375 0.232500 0.575000
0 0.361250 0.156250 0.242500 0.293750
0 0.465000 0.532813 0.115000 0.584375
0 0.490000 0.153125 0.165000 0.225000
0 0.092500 0.539062 0.125000 0.203125
0 0.846250 0.187500 0.172500 0.275000
0 0.097500 0.198437 0.195000 0.396875
0 0.163750 0.504687 0.167500 0.253125
0 0.892500 0.415625 0.155000 0.281250
0 0.341250 0.521875 0.147500 0.425000
0 0.230000 0.331250 0.180000 0.206250
0 0.933750 0.117188 0.132500 0.209375
