0 0.473750 0.946875 0.252500 0.106250
0 0.646250 0.215625 0.197500 0.343750
0 0.145000 0.792188 0.235000 0.415625
0 0.610000 0.635938 0.255000 0.596875
0 0.987500 0.651563 0.025000 0.165625
0 0.823750 0.743750 0.232500 0.487500
0 0.378750 0.178125 0.227500 0.312500
0 0.481250 0.481250 0.112500 0.550000
0 0.516250 0.128125 0.177500 0.206250
0 0.061250 0.500000 0.122500 0.243750
0 0.863750 0.234375 0.172500 0.275000
0 0.097500 0.209375 0.195000 0.418750
0 0.191250 0.556250 0.167500 0.281250
0 0.882500 0.454688 0.165000 0.290625
0 0.348750 0.518750 0.152500 0.443750
0 0.235000 0.306250 0.185000 0.200000
0 0.928750 0.115625 0.142500 0.231250
