0 0.491250 0.945312 0.252500 0.109375
0 0.628750 0.245312 0.237500 0.334375
0 0.942500 0.015625 0.035000 0.031250
0 0.150000 0.806250 0.230000 0.387500
0 0.502500 0.025000 0.285000 0.050000
0 0.616250 0.653125 0.277500 0.637500
0 0.978750 0.650000 0.042500 0.237500
0 0.823750 0.648438 0.232500 0.628125
0 0.351250 0.143750 0.252500 0.281250
0 0.463750 0.550000 0.117500 0.568750
0 0.473750 0.165625 0.157500 0.237500
0 0.110000 0.560937 0.125000 0.178125
0 0.833750 0.159375 0.172500 0.275000
0 0.097500 0.190625 0.195000 0.381250
0 0.148750 0.473438 0.167500 0.234375
0 0.900000 0.392188 0.150000 0.278125
0 0.336250 0.521875 0.142500 0.412500
0 0.226250 0.350000 0.172500 0.212500
0 0.948750 0.134375 0.102500 0.187500
