0 0.470000 0.948438 0.265000 0.103125
0 0.656250 0.210938 0.192500 0.340625
0 0.146250 0.785937 0.237500 0.428125
0 0.607500 0.629687 0.250000 0.584375
0 0.988750 0.653125 0.022500 0.156250
0 0.823750 0.771875 0.232500 0.450000
0 0.387500 0.185938 0.220000 0.321875
0 0.491250 0.446875 0.112500 0.500000
0 0.526250 0.117188 0.182500 0.196875
0 0.065000 0.493750 0.130000 0.243750
0 0.871250 0.253125 0.172500 0.275000
0 0.097500 0.215625 0.195000 0.431250
0 0.201250 0.581250 0.167500 0.293750
0 0.876250 0.471875 0.167500 0.293750
0 0.352500 0.515625 0.155000 0.450000
0 0.236250 0.293750 0.187500 0.200000
0 0.928750 0.118750 0.142500 0.237500
