0 0.471250 1.070312 0.277500 0.103125
0 0.668750 0.160938 0.192500 0.337500
0 0.145000 0.709375 0.240000 0.440625
0 0.607500 0.490625 0.245000 0.575000
0 0.988750 0.589063 0.022500 0.156250
0 0.822500 0.728125 0.235000 0.418750
0 0.392500 0.165625 0.215000 0.328125
0 0.501250 0.257812 0.112500 0.456250
0 0.536250 0.129688 0.187500 0.190625
0 0.068750 0.451562 0.137500 0.246875
0 0.876250 0.242188 0.172500 0.271875
0 0.097500 0.121875 0.195000 0.437500
0 0.211250 0.551562 0.167500 0.303125
0 0.871250 0.448437 0.172500 0.296875
0 0.353750 0.392188 0.157500 0.450000
0 0.237500 0.303125 0.190000 0.200000
0 0.930000 0.087500 0.140000 0.240625
