0 0.471250 0.948438 0.272500 0.103125
0 0.663750 0.209375 0.192500 0.337500
0 0.145000 0.781250 0.240000 0.437500
0 0.608750 0.626563 0.247500 0.578125
0 0.988750 0.653125 0.022500 0.156250
0 0.823750 0.787500 0.232500 0.425000
0 0.391250 0.192188 0.217500 0.328125
0 0.498750 0.421875 0.112500 0.468750
0 0.533750 0.110937 0.187500 0.190625
0 0.067500 0.492188 0.135000 0.246875
0 0.876250 0.265625 0.172500 0.275000
0 0.097500 0.217188 0.195000 0.434375
0 0.208750 0.593750 0.167500 0.300000
0 0.872500 0.485938 0.170000 0.296875
0 0.353750 0.520312 0.157500 0.453125
0 0.237500 0.287500 0.190000 0.200000
0 0.930000 0.120313 0.140000 0.240625
