0 0.468750 1.095312 0.312500 0.100000
0 0.701250 0.164062 0.187500 0.318750
0 0.140000 0.681250 0.245000 0.471875
0 0.606250 0.489063 0.237500 0.543750
0 0.988750 0.589063 0.022500 0.156250
0 0.807500 0.828125 0.265000 0.337500
0 0.413750 0.167187 0.197500 0.353125
0 0.533750 0.226562 0.112500 0.321875
0 0.561250 0.123438 0.197500 0.165625
0 0.078750 0.448437 0.157500 0.246875
0 0.873750 0.285938 0.172500 0.253125
0 0.097500 0.121875 0.195000 0.465625
0 0.221250 0.570312 0.167500 0.346875
0 0.857500 0.496875 0.180000 0.306250
0 0.351250 0.423438 0.157500 0.428125
0 0.240000 0.278125 0.195000 0.196875
0 0.932500 0.084375 0.135000 0.256250
