0 0.467500 1.100000 0.315000 0.096875
0 0.703750 0.164062 0.187500 0.318750
0 0.140000 0.678125 0.245000 0.475000
0 0.605000 0.490625 0.240000 0.540625
0 0.988750 0.589063 0.022500 0.156250
0 0.805000 0.840625 0.270000 0.328125
0 0.415000 0.165625 0.195000 0.353125
0 0.536250 0.223438 0.112500 0.309375
0 0.561250 0.123438 0.197500 0.165625
0 0.080000 0.446875 0.160000 0.250000
0 0.873750 0.292187 0.172500 0.250000
0 0.097500 0.121875 0.195000 0.465625
0 0.221250 0.573438 0.167500 0.350000
0 0.857500 0.503125 0.180000 0.306250
0 0.351250 0.426563 0.157500 0.425000
0 0.241250 0.276562 0.197500 0.196875
0 0.932500 0.084375 0.135000 0.256250
