0 0.568750 0.679688 0.187500 0.253125
0 0.848750 0.139063 0.222500 0.206250
0 0.090000 0.503125 0.180000 0.540625
0 0.691250 0.548438 0.367500 0.371875
0 0.736250 1.082812 0.367500 0.146875
0 0.473750 0.264062 0.272500 0.478125
0 0.728750 0.179688 0.212500 0.309375
0 0.545000 0.075000 0.120000 0.075000
0 0.135000 0.262500 0.195000 0.271875
0 0.848750 0.439063 0.167500 0.243750
0 0.010000 0.221875 0.020000 0.065625
0 0.353750 0.926562 0.257500 0.228125
0 0.785000 0.762500 0.200000 0.246875
0 0.388750 0.717187 0.197500 0.259375
0 0.367500 0.115625 0.185000 0.159375
0 0.125000 0.118750 0.190000 0.153125
0 0.956250 0.189062 0.087500 0.378125
