0 0.470000 0.859375 0.235000 0.237500
0 0.803750 0.162500 0.197500 0.256250
0 0.103750 0.707812 0.202500 0.534375
0 0.640000 0.535937 0.340000 0.409375
0 0.763750 0.904687 0.347500 0.190625
0 0.470000 0.292187 0.235000 0.421875
0 0.675000 0.207813 0.145000 0.315625
0 0.562500 0.048438 0.160000 0.096875
0 0.113750 0.342187 0.117500 0.340625
0 0.861250 0.410938 0.172500 0.215625
0 0.038750 0.260937 0.077500 0.184375
0 0.272500 0.775000 0.210000 0.418750
0 0.822500 0.703125 0.185000 0.293750
0 0.358750 0.626563 0.167500 0.334375
0 0.301250 0.139063 0.237500 0.221875
0 0.173750 0.051562 0.172500 0.103125
0 0.978750 0.378125 0.042500 0.206250
