0 0.575000 0.659375 0.190000 0.253125
0 0.851250 0.139063 0.222500 0.200000
0 0.088750 0.495312 0.177500 0.540625
0 0.698750 0.548438 0.367500 0.371875
0 0.732500 1.087500 0.370000 0.143750
0 0.472500 0.268750 0.275000 0.484375
0 0.727500 0.181250 0.220000 0.309375
0 0.545000 0.071875 0.115000 0.084375
0 0.130000 0.268750 0.195000 0.268750
0 0.846250 0.442188 0.167500 0.246875
0 0.362500 0.953125 0.260000 0.206250
0 0.780000 0.771875 0.200000 0.243750
0 0.393750 0.732812 0.202500 0.250000
0 0.371250 0.110937 0.177500 0.156250
0 0.121250 0.120313 0.192500 0.159375
0 0.952500 0.181250 0.095000 0.400000
