0 0.570000 0.601562 0.225000 0.253125
0 0.865000 0.078125 0.215000 0.156250
0 0.085000 0.635938 0.170000 0.534375
0 0.726250 0.515625 0.347500 0.393750
0 0.723750 0.940625 0.332500 0.118750
0 0.465000 0.362500 0.290000 0.506250
0 0.720000 0.170313 0.255000 0.303125
0 0.547500 0.059375 0.085000 0.118750
0 0.106250 0.307812 0.197500 0.259375
0 0.867500 0.496875 0.155000 0.243750
0 0.400000 0.921875 0.265000 0.156250
0 0.760000 0.803125 0.210000 0.218750
0 0.401250 0.743750 0.222500 0.250000
0 0.400000 0.071875 0.145000 0.143750
0 0.098750 0.096875 0.197500 0.187500
0 0.935000 0.317188 0.130000 0.415625
0 0.236250 0.042188 0.087500 0.084375
