0 0.570000 0.607812 0.220000 0.253125
0 0.862500 0.081250 0.215000 0.162500
0 0.085000 0.635938 0.170000 0.534375
0 0.723750 0.512500 0.352500 0.387500
0 0.723750 0.939063 0.337500 0.121875
0 0.467500 0.360938 0.290000 0.515625
0 0.721250 0.173437 0.252500 0.303125
0 0.546250 0.057813 0.087500 0.115625
0 0.107500 0.306250 0.195000 0.262500
0 0.863750 0.493750 0.157500 0.243750
0 0.397500 0.920312 0.265000 0.159375
0 0.762500 0.801562 0.210000 0.221875
0 0.401250 0.743750 0.222500 0.250000
0 0.397500 0.071875 0.150000 0.143750
0 0.098750 0.095312 0.197500 0.184375
0 0.936250 0.318750 0.127500 0.418750
0 0.235000 0.039062 0.085000 0.078125
