0 0.572500 0.637500 0.205000 0.253125
0 0.856250 0.135937 0.217500 0.181250
0 0.086250 0.479687 0.172500 0.540625
0 0.716250 0.542188 0.367500 0.371875
0 0.727500 1.093750 0.360000 0.131250
0 0.471250 0.276562 0.282500 0.503125
0 0.723750 0.179688 0.237500 0.306250
0 0.546250 0.064062 0.102500 0.100000
0 0.117500 0.281250 0.195000 0.265625
0 0.851250 0.454688 0.162500 0.250000
0 0.385000 1.003125 0.265000 0.162500
0 0.772500 0.796875 0.205000 0.231250
0 0.398750 0.751563 0.212500 0.246875
0 0.386250 0.101562 0.162500 0.150000
0 0.107500 0.121875 0.195000 0.171875
0 0.945000 0.178125 0.110000 0.421875
