0 0.582500 0.512500 0.225000 0.237500
0 0.850000 0.050000 0.210000 0.100000
0 0.083750 0.639062 0.167500 0.496875
0 0.772500 0.589063 0.265000 0.471875
0 0.736250 0.965625 0.157500 0.068750
0 0.423750 0.417187 0.292500 0.321875
0 0.676250 0.148438 0.282500 0.296875
0 0.561250 0.067187 0.097500 0.134375
0 0.133750 0.409375 0.117500 0.281250
0 0.933750 0.576562 0.117500 0.215625
0 0.467500 0.932813 0.265000 0.134375
0 0.688750 0.854688 0.192500 0.228125
0 0.422500 0.753125 0.275000 0.256250
0 0.416250 0.032813 0.127500 0.065625
0 0.093750 0.143750 0.187500 0.231250
0 0.895000 0.312500 0.210000 0.381250
0 0.257500 0.126562 0.130000 0.253125
0 0.376250 0.139063 0.147500 0.171875
0 0.927500 0.829688 0.105000 0.196875
