0 0.567500 0.593750 0.240000 0.253125
0 0.870000 0.131250 0.210000 0.137500
0 0.085000 0.481250 0.170000 0.525000
0 0.733750 0.532813 0.327500 0.412500
0 0.718750 1.082812 0.307500 0.109375
0 0.457500 0.321875 0.290000 0.468750
0 0.716250 0.176563 0.272500 0.300000
0 0.550000 0.046875 0.075000 0.134375
0 0.101250 0.310937 0.187500 0.259375
0 0.881250 0.485938 0.147500 0.237500
0 0.415000 1.012500 0.265000 0.153125
0 0.752500 0.853125 0.215000 0.206250
0 0.407500 0.765625 0.235000 0.250000
0 0.412500 0.081250 0.130000 0.137500
0 0.097500 0.131250 0.195000 0.196875
0 0.925000 0.203125 0.150000 0.412500
0 0.240000 0.059375 0.095000 0.118750
0 0.316250 0.057813 0.092500 0.090625
