0 0.575000 0.528125 0.240000 0.243750
0 0.860000 0.057813 0.210000 0.115625
0 0.083750 0.635938 0.167500 0.509375
0 0.755000 0.571875 0.285000 0.456250
0 0.713750 0.956250 0.242500 0.087500
0 0.437500 0.396875 0.290000 0.381250
0 0.696250 0.148438 0.282500 0.296875
0 0.556250 0.067187 0.087500 0.134375
0 0.123750 0.368750 0.142500 0.275000
0 0.912500 0.550000 0.130000 0.225000
0 0.445000 0.928125 0.265000 0.143750
0 0.716250 0.840625 0.202500 0.218750
0 0.416250 0.748437 0.257500 0.253125
0 0.416250 0.046875 0.127500 0.093750
0 0.096250 0.129688 0.192500 0.215625
0 0.905000 0.309375 0.190000 0.400000
0 0.251250 0.098437 0.117500 0.196875
0 0.363750 0.093750 0.137500 0.168750
0 0.955000 0.795312 0.070000 0.190625
