0 0.575000 0.556250 0.240000 0.243750
0 0.857500 0.131250 0.210000 0.115625
0 0.083750 0.489063 0.167500 0.509375
0 0.753750 0.520312 0.282500 0.456250
0 0.715000 1.065625 0.240000 0.084375
0 0.437500 0.390625 0.290000 0.381250
0 0.693750 0.176563 0.282500 0.296875
0 0.556250 0.054688 0.087500 0.134375
0 0.122500 0.318750 0.140000 0.275000
0 0.912500 0.521875 0.130000 0.225000
0 0.445000 1.021875 0.265000 0.143750
0 0.712500 0.856250 0.200000 0.218750
0 0.413750 0.782813 0.257500 0.253125
0 0.416250 0.079687 0.127500 0.093750
0 0.095000 0.140625 0.190000 0.218750
0 0.905000 0.228125 0.190000 0.400000
0 0.251250 0.073438 0.117500 0.200000
0 0.363750 0.098437 0.137500 0.168750
0 0.953750 0.745313 0.072500 0.190625
