0 0.583750 0.529687 0.222500 0.234375
0 0.847500 0.131250 0.210000 0.096875
0 0.083750 0.495312 0.167500 0.493750
0 0.778750 0.520312 0.267500 0.471875
0 0.742500 1.021875 0.140000 0.065625
0 0.421250 0.448437 0.292500 0.309375
0 0.671250 0.176563 0.282500 0.296875
0 0.562500 0.062500 0.100000 0.134375
0 0.133750 0.354687 0.117500 0.281250
0 0.937500 0.550000 0.115000 0.215625
0 0.470000 1.018750 0.265000 0.146875
0 0.685000 0.859375 0.190000 0.231250
0 0.421250 0.798438 0.277500 0.256250
0 0.417500 0.078125 0.125000 0.062500
0 0.093750 0.148438 0.187500 0.234375
0 0.892500 0.259375 0.215000 0.378125
0 0.260000 0.084375 0.135000 0.265625
0 0.380000 0.156250 0.150000 0.175000
0 0.921250 0.810937 0.112500 0.200000
