0 0.578750 0.545312 0.232500 0.240625
0 0.855000 0.131250 0.210000 0.106250
0 0.083750 0.492188 0.167500 0.503125
0 0.761250 0.517188 0.267500 0.471875
0 0.725000 1.046875 0.200000 0.078125
0 0.431250 0.414062 0.292500 0.353125
0 0.686250 0.176563 0.282500 0.296875
0 0.558750 0.057813 0.092500 0.134375
0 0.130000 0.321875 0.125000 0.278125
0 0.922500 0.531250 0.125000 0.221875
0 0.457500 1.025000 0.265000 0.140625
0 0.703750 0.857812 0.197500 0.221875
0 0.417500 0.787500 0.265000 0.256250
0 0.416250 0.079687 0.127500 0.078125
0 0.095000 0.143750 0.190000 0.225000
0 0.900000 0.240625 0.200000 0.390625
0 0.255000 0.078125 0.125000 0.225000
0 0.368750 0.120313 0.142500 0.171875
0 0.941250 0.770312 0.087500 0.193750
