0 0.638750 0.285938 0.162500 0.325000
0 0.866250 0.042188 0.067500 0.021875
0 0.090000 0.543750 0.180000 0.421875
0 0.856250 0.564063 0.267500 0.434375
0 0.398750 0.545312 0.292500 0.240625
0 0.687500 0.171875 0.275000 0.243750
0 0.173750 0.476562 0.162500 0.328125
0 0.968750 0.551562 0.062500 0.218750
0 0.518750 0.832812 0.247500 0.306250
0 0.632500 0.934375 0.205000 0.193750
0 0.437500 0.809375 0.320000 0.278125
0 0.466250 0.070312 0.112500 0.028125
0 0.102500 0.215625 0.205000 0.296875
0 0.891250 0.279687 0.217500 0.371875
0 0.292500 0.131250 0.185000 0.343750
0 0.485000 0.159375 0.125000 0.231250
0 0.812500 0.850000 0.155000 0.246875
0 0.923750 0.851562 0.152500 0.243750
0 0.072500 0.071875 0.115000 0.143750
0 0.150000 1.084375 0.250000 0.071875
0 0.141250 0.045312 0.052500 0.065625
