0 0.610000 0.415625 0.185000 0.265625
0 0.855000 0.075000 0.120000 0.046875
0 0.082500 0.509375 0.165000 0.468750
0 0.835000 0.528125 0.275000 0.462500
0 0.403750 0.517188 0.292500 0.240625
0 0.663750 0.176563 0.282500 0.275000
0 0.141250 0.464062 0.127500 0.293750
0 0.958750 0.551562 0.082500 0.221875
0 0.490000 0.896875 0.245000 0.256250
0 0.641250 0.882812 0.182500 0.231250
0 0.435000 0.825000 0.315000 0.262500
0 0.441250 0.070312 0.112500 0.037500
0 0.096250 0.176563 0.192500 0.268750
0 0.881250 0.292187 0.237500 0.356250
0 0.277500 0.106250 0.170000 0.331250
0 0.441250 0.139063 0.127500 0.225000
0 0.860000 0.893750 0.170000 0.212500
0 0.956250 0.817187 0.087500 0.212500
0 0.071250 0.070312 0.112500 0.056250
