0 0.602500 0.459375 0.195000 0.246875
0 0.852500 0.093750 0.150000 0.059375
0 0.082500 0.506250 0.165000 0.475000
0 0.821250 0.526563 0.272500 0.465625
0 0.748750 1.010938 0.112500 0.059375
0 0.403750 0.510938 0.292500 0.240625
0 0.658750 0.176563 0.282500 0.284375
0 0.133750 0.457813 0.117500 0.281250
0 0.955000 0.553125 0.090000 0.218750
0 0.487500 0.925000 0.250000 0.231250
0 0.643750 0.870313 0.177500 0.240625
0 0.433750 0.820312 0.307500 0.262500
0 0.431250 0.070312 0.112500 0.040625
0 0.093750 0.167187 0.187500 0.262500
0 0.877500 0.296875 0.245000 0.353125
0 0.273750 0.101562 0.162500 0.325000
0 0.422500 0.150000 0.135000 0.209375
0 0.875000 0.896875 0.170000 0.209375
0 0.967500 0.803125 0.065000 0.193750
