0 0.623750 0.385937 0.167500 0.303125
0 0.863750 0.012500 0.067500 0.025000
0 0.086250 0.640625 0.172500 0.443750
0 0.851250 0.598437 0.272500 0.453125
0 0.401250 0.470313 0.292500 0.240625
0 0.672500 0.126562 0.280000 0.253125
0 0.160000 0.534375 0.145000 0.312500
0 0.966250 0.621875 0.067500 0.225000
0 0.503750 0.846875 0.242500 0.293750
0 0.637500 0.893750 0.195000 0.212500
0 0.440000 0.756250 0.325000 0.268750
0 0.461250 0.015625 0.112500 0.031250
0 0.100000 0.214062 0.200000 0.284375
0 0.886250 0.326562 0.227500 0.365625
0 0.286250 0.173437 0.187500 0.346875
0 0.465000 0.184375 0.125000 0.231250
0 0.830000 0.889062 0.170000 0.221875
0 0.937500 0.881250 0.125000 0.237500
0 0.072500 0.051562 0.115000 0.103125
0 0.163750 0.970313 0.247500 0.059375
