0 0.608750 0.410938 0.182500 0.268750
0 0.857500 0.071875 0.115000 0.043750
0 0.082500 0.509375 0.165000 0.465625
0 0.837500 0.528125 0.275000 0.462500
0 0.403750 0.520312 0.292500 0.240625
0 0.663750 0.176563 0.282500 0.271875
0 0.145000 0.465625 0.130000 0.293750
0 0.958750 0.551562 0.082500 0.221875
0 0.492500 0.890625 0.245000 0.262500
0 0.642500 0.887500 0.185000 0.228125
0 0.436250 0.826562 0.317500 0.262500
0 0.443750 0.070312 0.112500 0.037500
0 0.096250 0.179688 0.192500 0.268750
0 0.881250 0.292187 0.237500 0.359375
0 0.278750 0.107813 0.172500 0.334375
0 0.443750 0.135937 0.127500 0.228125
0 0.857500 0.893750 0.170000 0.212500
0 0.955000 0.818750 0.090000 0.215625
0 0.071250 0.070312 0.112500 0.059375
