0 0.680000 0.268750 0.175000 0.350000
0 0.095000 0.646875 0.190000 0.381250
0 0.872500 0.656250 0.255000 0.400000
0 0.386250 0.520312 0.277500 0.253125
0 0.743750 0.125000 0.242500 0.250000
0 0.183750 0.568750 0.162500 0.343750
0 0.968750 0.603125 0.062500 0.181250
0 0.551250 0.795312 0.262500 0.328125
0 0.625000 0.923438 0.230000 0.153125
0 0.435000 0.723437 0.310000 0.296875
0 0.110000 0.278125 0.220000 0.325000
0 0.883750 0.365625 0.232500 0.381250
0 0.332500 0.207813 0.155000 0.328125
0 0.527500 0.223438 0.120000 0.246875
0 0.883750 0.850000 0.197500 0.275000
0 0.101250 0.112500 0.132500 0.200000
0 0.121250 0.945312 0.242500 0.109375
0 0.168750 0.125000 0.052500 0.137500
0 0.792500 0.825000 0.100000 0.237500
0 0.815000 0.965625 0.095000 0.068750
