0 0.726250 0.157812 0.177500 0.312500
0 0.088750 0.589063 0.177500 0.350000
0 0.906250 0.714063 0.187500 0.350000
0 0.348750 0.576562 0.212500 0.318750
0 0.843750 0.110937 0.177500 0.228125
0 0.192500 0.531250 0.150000 0.359375
0 0.968750 0.564063 0.062500 0.146875
0 0.542500 0.840625 0.210000 0.271875
0 0.437500 0.696875 0.275000 0.315625
0 0.162500 0.365625 0.325000 0.315625
0 0.860000 0.418750 0.280000 0.390625
0 0.440000 0.106250 0.170000 0.340625
0 0.581250 0.160938 0.102500 0.321875
0 0.812500 0.703125 0.165000 0.300000
0 0.276250 0.160938 0.202500 0.125000
0 0.281250 0.226562 0.137500 0.109375
0 0.745000 0.837500 0.160000 0.225000
0 0.870000 1.025000 0.065000 0.015625
0 0.046250 0.045312 0.072500 0.065625
0 0.083750 0.957812 0.102500 0.106250
0 0.185000 0.943750 0.140000 0.143750
0 0.677500 0.990625 0.105000 0.075000
0 0.658750 0.876563 0.102500 0.125000
