0 0.701250 0.164062 0.177500 0.350000
0 0.092500 0.581250 0.185000 0.368750
0 0.890000 0.656250 0.220000 0.393750
0 0.371250 0.570312 0.252500 0.278125
0 0.781250 0.135937 0.217500 0.243750
0 0.188750 0.510938 0.157500 0.350000
0 0.968750 0.554688 0.062500 0.165625
0 0.560000 0.793750 0.255000 0.321875
0 0.635000 0.946875 0.185000 0.168750
0 0.432500 0.746875 0.305000 0.309375
0 0.140000 0.309375 0.280000 0.315625
0 0.873750 0.360938 0.252500 0.387500
0 0.385000 0.106250 0.155000 0.328125
0 0.548750 0.170313 0.112500 0.278125
0 0.848750 0.754687 0.192500 0.325000
0 0.176250 0.160938 0.177500 0.165625
0 0.110000 0.987500 0.220000 0.150000
0 0.216250 0.173437 0.097500 0.121875
0 0.767500 0.859375 0.135000 0.175000
0 0.841250 1.017187 0.087500 0.037500
