0 0.706250 0.164062 0.177500 0.343750
0 0.092500 0.584375 0.185000 0.365625
0 0.896250 0.667188 0.207500 0.390625
0 0.367500 0.575000 0.245000 0.287500
0 0.795000 0.131250 0.210000 0.237500
0 0.187500 0.515625 0.155000 0.350000
0 0.968750 0.557813 0.062500 0.162500
0 0.555000 0.806250 0.245000 0.309375
0 0.640000 0.931250 0.170000 0.175000
0 0.431250 0.739062 0.302500 0.312500
0 0.151250 0.329688 0.302500 0.312500
0 0.870000 0.375000 0.260000 0.387500
0 0.402500 0.096875 0.155000 0.328125
0 0.555000 0.168750 0.110000 0.287500
0 0.835000 0.728125 0.190000 0.343750
0 0.203750 0.179688 0.192500 0.153125
0 0.116250 0.979688 0.187500 0.137500
0 0.231250 0.201563 0.112500 0.118750
0 0.767500 0.859375 0.135000 0.184375
0 0.852500 1.018750 0.080000 0.031250
