0 0.685000 0.254688 0.175000 0.353125
0 0.093750 0.645312 0.187500 0.378125
0 0.877500 0.671875 0.245000 0.400000
0 0.383750 0.526563 0.272500 0.259375
0 0.752500 0.125000 0.240000 0.250000
0 0.185000 0.571875 0.160000 0.343750
0 0.968750 0.600000 0.062500 0.175000
0 0.557500 0.790625 0.265000 0.331250
0 0.627500 0.921875 0.220000 0.156250
0 0.435000 0.721875 0.310000 0.300000
0 0.115000 0.284375 0.230000 0.325000
0 0.881250 0.371875 0.237500 0.381250
0 0.345000 0.198437 0.155000 0.328125
0 0.532500 0.226562 0.120000 0.253125
0 0.876250 0.837500 0.197500 0.287500
0 0.118750 0.118750 0.142500 0.193750
0 0.118750 0.940625 0.237500 0.118750
0 0.181250 0.135937 0.062500 0.134375
0 0.785000 0.837500 0.110000 0.218750
0 0.820000 0.968750 0.095000 0.062500
