0 0.718750 0.160938 0.177500 0.321875
0 0.090000 0.587500 0.180000 0.356250
0 0.905000 0.696875 0.190000 0.368750
0 0.355000 0.575000 0.225000 0.306250
0 0.826250 0.117188 0.187500 0.231250
0 0.191250 0.526563 0.152500 0.356250
0 0.968750 0.560937 0.062500 0.153125
0 0.546250 0.826562 0.222500 0.284375
0 0.646250 0.904687 0.142500 0.184375
0 0.432500 0.718750 0.295000 0.318750
0 0.158750 0.354687 0.317500 0.312500
0 0.862500 0.406250 0.275000 0.390625
0 0.427500 0.103125 0.165000 0.334375
0 0.572500 0.162500 0.105000 0.309375
0 0.818750 0.704688 0.177500 0.325000
0 0.251250 0.176563 0.202500 0.134375
0 0.266250 0.239063 0.137500 0.109375
0 0.766250 0.857812 0.132500 0.209375
0 0.870000 1.025000 0.065000 0.015625
0 0.045000 0.043750 0.070000 0.053125
0 0.082500 0.965625 0.075000 0.081250
0 0.163750 0.964063 0.107500 0.103125
