0 0.660000 0.240625 0.170000 0.340625
0 0.866250 0.042188 0.067500 0.021875
0 0.095000 0.565625 0.190000 0.396875
0 0.866250 0.592187 0.262500 0.415625
0 0.396250 0.560937 0.292500 0.240625
0 0.716250 0.160938 0.257500 0.246875
0 0.182500 0.487500 0.165000 0.337500
0 0.968750 0.551562 0.062500 0.196875
0 0.537500 0.812500 0.255000 0.318750
0 0.628750 0.964063 0.217500 0.171875
0 0.437500 0.787500 0.315000 0.287500
0 0.107500 0.237500 0.215000 0.312500
0 0.892500 0.287500 0.215000 0.378125
0 0.300000 0.153125 0.160000 0.331250
0 0.510000 0.175000 0.125000 0.231250
0 0.808750 0.751563 0.102500 0.312500
0 0.906250 0.867188 0.187500 0.250000
0 0.073750 0.073438 0.117500 0.193750
0 0.132500 1.071875 0.255000 0.087500
0 0.156250 0.070312 0.052500 0.103125
