0 0.691250 0.173437 0.177500 0.359375
0 0.093750 0.576562 0.187500 0.375000
0 0.882500 0.637500 0.235000 0.396875
0 0.380000 0.568750 0.265000 0.268750
0 0.762500 0.143750 0.230000 0.246875
0 0.187500 0.506250 0.160000 0.346875
0 0.968750 0.554688 0.062500 0.171875
0 0.563750 0.782813 0.267500 0.334375
0 0.630000 0.968750 0.205000 0.159375
0 0.433750 0.757812 0.307500 0.303125
0 0.126250 0.285938 0.252500 0.321875
0 0.878750 0.342187 0.242500 0.384375
0 0.362500 0.121875 0.155000 0.328125
0 0.541250 0.173437 0.117500 0.262500
0 0.865000 0.793750 0.195000 0.303125
0 0.143750 0.129688 0.157500 0.181250
0 0.115000 1.012500 0.230000 0.131250
0 0.196250 0.135937 0.077500 0.128125
0 0.777500 0.831250 0.125000 0.190625
0 0.827500 1.009375 0.095000 0.050000
