0 0.676250 0.271875 0.172500 0.350000
0 0.095000 0.645312 0.190000 0.384375
0 0.871250 0.654687 0.257500 0.403125
0 0.387500 0.518750 0.280000 0.250000
0 0.742500 0.125000 0.245000 0.250000
0 0.183750 0.565625 0.162500 0.343750
0 0.968750 0.603125 0.062500 0.181250
0 0.551250 0.798438 0.262500 0.328125
0 0.626250 0.923438 0.227500 0.153125
0 0.435000 0.726562 0.310000 0.296875
0 0.110000 0.278125 0.220000 0.325000
0 0.885000 0.362500 0.230000 0.381250
0 0.327500 0.207813 0.155000 0.328125
0 0.526250 0.221875 0.122500 0.243750
0 0.886250 0.854688 0.197500 0.271875
0 0.097500 0.110937 0.130000 0.203125
0 0.122500 0.945312 0.245000 0.109375
0 0.168750 0.120313 0.052500 0.134375
0 0.793750 0.821875 0.097500 0.243750
0 0.812500 0.964063 0.095000 0.071875
