0 0.788750 0.162500 0.177500 0.268750
0 0.088750 0.659375 0.177500 0.343750
0 0.923750 0.789062 0.152500 0.246875
0 0.346250 0.679688 0.187500 0.309375
0 0.925000 0.039062 0.150000 0.078125
0 0.211250 0.659375 0.142500 0.356250
0 0.983750 0.592187 0.032500 0.090625
0 0.531250 0.923438 0.242500 0.153125
0 0.461250 0.614062 0.197500 0.284375
0 0.180000 0.365625 0.360000 0.312500
0 0.855000 0.475000 0.290000 0.368750
0 0.488750 0.273438 0.192500 0.246875
0 0.637500 0.176563 0.100000 0.328125
0 0.747500 0.679688 0.155000 0.234375
0 0.385000 0.043750 0.175000 0.087500
0 0.373750 0.132812 0.137500 0.109375
0 0.668750 0.726562 0.247500 0.290625
0 0.043750 0.064062 0.082500 0.128125
0 0.077500 0.884375 0.155000 0.231250
0 0.230000 0.917188 0.235000 0.165625
0 0.581250 0.854688 0.187500 0.228125
0 0.121250 0.050000 0.082500 0.100000
0 0.970000 0.928125 0.060000 0.143750
