0 0.731250 0.157812 0.177500 0.306250
0 0.088750 0.592187 0.177500 0.350000
0 0.907500 0.721875 0.185000 0.337500
0 0.346250 0.579688 0.207500 0.325000
0 0.850000 0.109375 0.175000 0.212500
0 0.192500 0.534375 0.150000 0.359375
0 0.970000 0.562500 0.060000 0.140625
0 0.540000 0.846875 0.205000 0.265625
0 0.442500 0.684375 0.265000 0.312500
0 0.163750 0.373437 0.327500 0.315625
0 0.860000 0.425000 0.280000 0.387500
0 0.448750 0.107813 0.172500 0.343750
0 0.587500 0.156250 0.100000 0.328125
0 0.810000 0.703125 0.160000 0.284375
0 0.291250 0.151562 0.202500 0.118750
0 0.291250 0.220312 0.137500 0.109375
0 0.735000 0.828125 0.175000 0.234375
0 0.046250 0.045312 0.072500 0.071875
0 0.087500 0.953125 0.120000 0.121875
0 0.192500 0.940625 0.155000 0.156250
0 0.676250 0.998437 0.097500 0.062500
0 0.660000 0.881250 0.100000 0.134375
0 0.110000 0.037500 0.060000 0.037500
