0 0.763750 0.171875 0.177500 0.275000
0 0.088750 0.656250 0.177500 0.343750
0 0.913750 0.803125 0.172500 0.268750
0 0.332500 0.659375 0.180000 0.343750
0 0.903750 0.057813 0.162500 0.115625
0 0.206250 0.648438 0.142500 0.359375
0 0.981250 0.590625 0.037500 0.100000
0 0.541250 0.915625 0.222500 0.168750
0 0.468750 0.629687 0.197500 0.290625
0 0.175000 0.354687 0.350000 0.315625
0 0.856250 0.468750 0.287500 0.375000
0 0.475000 0.253125 0.195000 0.262500
0 0.622500 0.201563 0.100000 0.328125
0 0.780000 0.715625 0.135000 0.218750
0 0.363750 0.046875 0.187500 0.093750
0 0.351250 0.148438 0.137500 0.109375
0 0.683750 0.753125 0.237500 0.275000
0 0.045000 0.056250 0.080000 0.112500
0 0.086250 0.898438 0.172500 0.203125
0 0.221250 0.917188 0.217500 0.165625
0 0.596250 0.867188 0.177500 0.221875
0 0.118750 0.040625 0.077500 0.081250
0 0.977500 0.934375 0.045000 0.131250
