0 0.965000 0.050000 0.070000 0.100000
0 0.088750 0.664062 0.177500 0.328125
0 0.986250 0.720313 0.027500 0.128125
0 0.453750 0.767188 0.217500 0.209375
0 0.262500 0.818750 0.170000 0.312500
0 0.453750 0.934375 0.307500 0.131250
0 0.360000 0.609375 0.215000 0.250000
0 0.195000 0.390625 0.390000 0.318750
0 0.850000 0.562500 0.300000 0.456250
0 0.713750 0.189062 0.147500 0.221875
0 0.827500 0.062500 0.115000 0.125000
0 0.653750 0.515625 0.152500 0.356250
0 0.546250 0.010937 0.067500 0.021875
0 0.511250 0.067187 0.122500 0.084375
0 0.536250 0.539062 0.187500 0.396875
0 0.128750 0.192188 0.087500 0.146875
0 0.053750 0.867188 0.107500 0.246875
0 0.205000 0.925000 0.185000 0.150000
0 0.568750 0.853125 0.157500 0.150000
0 0.220000 0.190625 0.105000 0.162500
0 0.906250 0.885938 0.187500 0.228125
