0 0.872500 0.109375 0.175000 0.237500
0 0.088750 0.604688 0.177500 0.334375
0 0.956250 0.710938 0.087500 0.175000
0 0.391250 0.776563 0.217500 0.209375
0 0.966250 0.042188 0.067500 0.037500
0 0.232500 0.606250 0.135000 0.353125
0 0.983750 0.567187 0.032500 0.090625
0 0.476250 1.051562 0.322500 0.150000
0 0.426250 0.576562 0.222500 0.268750
0 0.195000 0.490625 0.390000 0.303125
0 0.850000 0.521875 0.300000 0.353125
0 0.558750 0.245312 0.157500 0.268750
0 0.695000 0.062500 0.100000 0.218750
0 0.673750 0.560937 0.187500 0.290625
0 0.461250 0.089063 0.142500 0.065625
0 0.432500 0.137500 0.130000 0.096875
0 0.616250 0.632812 0.222500 0.346875
0 0.071250 0.092188 0.087500 0.146875
0 0.048750 0.745313 0.097500 0.315625
0 0.187500 0.968750 0.215000 0.165625
0 0.547500 0.840625 0.185000 0.206250
0 0.142500 0.068750 0.105000 0.159375
0 0.945000 0.878125 0.110000 0.190625
