0 0.972500 0.048438 0.055000 0.096875
0 0.088750 0.665625 0.177500 0.325000
0 0.987500 0.704688 0.025000 0.096875
0 0.461250 0.770312 0.217500 0.209375
0 0.267500 0.837500 0.175000 0.306250
0 0.453750 0.935937 0.302500 0.128125
0 0.351250 0.620313 0.212500 0.246875
0 0.195000 0.389062 0.390000 0.321875
0 0.850000 0.568750 0.300000 0.468750
0 0.730000 0.184375 0.145000 0.225000
0 0.843750 0.056250 0.117500 0.112500
0 0.652500 0.507812 0.150000 0.359375
0 0.563750 0.009375 0.052500 0.018750
0 0.523750 0.060937 0.122500 0.084375
0 0.530000 0.534375 0.190000 0.381250
0 0.136250 0.204687 0.087500 0.146875
0 0.053750 0.868750 0.107500 0.237500
0 0.205000 0.926562 0.180000 0.146875
0 0.580000 0.867188 0.155000 0.159375
0 0.235000 0.203125 0.105000 0.162500
0 0.898750 0.889062 0.202500 0.221875
