0 0.990000 0.029687 0.020000 0.059375
0 0.088750 0.665625 0.177500 0.318750
0 0.517500 0.775000 0.235000 0.218750
0 0.328750 0.882812 0.202500 0.234375
0 0.467500 0.946875 0.275000 0.106250
0 0.328750 0.676562 0.207500 0.246875
0 0.193750 0.387500 0.387500 0.337500
0 0.840000 0.587500 0.320000 0.425000
0 0.805000 0.196875 0.140000 0.281250
0 0.898750 0.053125 0.142500 0.106250
0 0.642500 0.475000 0.165000 0.268750
0 0.635000 0.014063 0.060000 0.028125
0 0.578750 0.051562 0.107500 0.103125
0 0.481250 0.521875 0.212500 0.287500
0 0.221250 0.254688 0.087500 0.146875
0 0.057500 0.890625 0.115000 0.175000
0 0.206250 0.967187 0.177500 0.065625
0 0.642500 0.907813 0.160000 0.184375
0 0.322500 0.271875 0.105000 0.162500
0 0.943750 0.914062 0.112500 0.171875
