0 0.988750 0.029687 0.022500 0.059375
0 0.088750 0.665625 0.177500 0.318750
0 0.502500 0.773438 0.230000 0.215625
0 0.313750 0.873437 0.197500 0.253125
0 0.463750 0.943750 0.282500 0.112500
0 0.331250 0.660937 0.207500 0.246875
0 0.195000 0.384375 0.390000 0.331250
0 0.843750 0.584375 0.312500 0.450000
0 0.786250 0.195312 0.142500 0.265625
0 0.886250 0.053125 0.137500 0.106250
0 0.646250 0.484375 0.162500 0.293750
0 0.618750 0.009375 0.052500 0.018750
0 0.570000 0.046875 0.115000 0.093750
0 0.493750 0.521875 0.207500 0.312500
0 0.201250 0.245312 0.087500 0.146875
0 0.056250 0.882812 0.112500 0.190625
0 0.206250 0.962500 0.177500 0.075000
0 0.632500 0.907813 0.155000 0.184375
0 0.302500 0.256250 0.105000 0.162500
0 0.940000 0.909375 0.120000 0.181250
