0 0.088750 0.653125 0.177500 0.318750
0 0.580000 0.773438 0.260000 0.228125
0 0.360000 0.928125 0.180000 0.143750
0 0.497500 0.960938 0.135000 0.078125
0 0.356250 0.750000 0.227500 0.237500
0 0.171250 0.442188 0.342500 0.378125
0 0.845000 0.540625 0.310000 0.250000
0 0.831250 0.292187 0.157500 0.259375
0 0.945000 0.101562 0.110000 0.171875
0 0.628750 0.454688 0.147500 0.178125
0 0.708750 0.039062 0.097500 0.078125
0 0.626250 0.067187 0.082500 0.134375
0 0.435000 0.598437 0.225000 0.196875
0 0.288750 0.292187 0.087500 0.146875
0 0.061250 0.884375 0.122500 0.175000
0 0.215000 0.959375 0.150000 0.081250
0 0.700000 0.907813 0.180000 0.184375
0 0.385000 0.303125 0.105000 0.162500
0 0.943750 0.946875 0.112500 0.106250
0 0.856250 0.771875 0.287500 0.200000
0 0.201250 0.034375 0.152500 0.068750
