0 0.088750 0.659375 0.177500 0.318750
0 0.551250 0.775000 0.247500 0.225000
0 0.350000 0.906250 0.195000 0.187500
0 0.483750 0.954688 0.202500 0.090625
0 0.321250 0.704688 0.207500 0.246875
0 0.181250 0.417187 0.362500 0.359375
0 0.831250 0.592187 0.337500 0.371875
0 0.822500 0.243750 0.150000 0.275000
0 0.927500 0.060937 0.145000 0.115625
0 0.636250 0.456250 0.172500 0.218750
0 0.668750 0.029687 0.082500 0.059375
0 0.605000 0.059375 0.095000 0.118750
0 0.457500 0.562500 0.220000 0.237500
0 0.256250 0.276562 0.087500 0.146875
0 0.058750 0.889062 0.117500 0.171875
0 0.201250 0.967187 0.177500 0.065625
0 0.667500 0.907813 0.170000 0.184375
0 0.355000 0.287500 0.105000 0.162500
0 0.941250 0.945312 0.117500 0.109375
0 0.845000 0.812500 0.265000 0.181250
