0 0.088750 0.601562 0.177500 0.318750
0 0.591250 0.820312 0.262500 0.231250
0 0.368750 0.979688 0.182500 0.134375
0 0.510000 0.993750 0.115000 0.078125
0 0.372500 0.803125 0.235000 0.234375
0 0.166250 0.470313 0.332500 0.387500
0 0.876250 0.626563 0.247500 0.181250
0 0.836250 0.289062 0.162500 0.256250
0 0.952500 0.084375 0.095000 0.187500
0 0.626250 0.454688 0.142500 0.175000
0 0.728750 0.064062 0.102500 0.084375
0 0.646250 0.057813 0.087500 0.140625
0 0.423750 0.670312 0.227500 0.175000
0 0.303750 0.282813 0.087500 0.150000
0 0.062500 0.871875 0.125000 0.175000
0 0.218750 0.995313 0.147500 0.096875
0 0.716250 0.932813 0.187500 0.184375
0 0.400000 0.296875 0.105000 0.162500
0 0.956250 0.954688 0.087500 0.100000
0 0.856250 0.832812 0.287500 0.209375
0 0.221250 0.101562 0.162500 0.084375
