0 0.088750 0.595313 0.177500 0.318750
0 0.620000 0.800000 0.255000 0.231250
0 0.403750 0.992188 0.217500 0.143750
0 0.560000 0.996875 0.095000 0.062500
0 0.422500 0.884375 0.260000 0.225000
0 0.160000 0.462500 0.320000 0.390625
0 0.832500 0.328125 0.175000 0.253125
0 0.973750 0.098437 0.052500 0.100000
0 0.626250 0.432812 0.152500 0.209375
0 0.791250 0.076563 0.117500 0.109375
0 0.700000 0.075000 0.095000 0.159375
0 0.378750 0.698438 0.242500 0.184375
0 0.341250 0.354687 0.087500 0.171875
0 0.065000 0.868750 0.130000 0.181250
0 0.216250 0.948438 0.167500 0.156250
0 0.747500 0.934375 0.195000 0.187500
0 0.437500 0.331250 0.105000 0.162500
0 0.961250 0.945312 0.077500 0.103125
0 0.885000 0.737500 0.230000 0.290625
0 0.277500 0.118750 0.190000 0.131250
0 0.032500 0.096875 0.065000 0.206250
0 0.943750 0.473438 0.112500 0.212500
0 0.806250 0.551562 0.172500 0.187500
0 0.468750 1.010938 0.097500 0.050000
