0 0.085000 0.581250 0.170000 0.318750
0 0.646250 0.779687 0.247500 0.231250
0 0.415000 1.000000 0.235000 0.146875
0 0.577500 1.003125 0.075000 0.043750
0 0.495000 0.918750 0.275000 0.237500
0 0.155000 0.456250 0.310000 0.390625
0 0.815000 0.315625 0.185000 0.271875
0 0.625000 0.381250 0.150000 0.250000
0 0.850000 0.084375 0.095000 0.143750
0 0.755000 0.090625 0.105000 0.175000
0 0.346250 0.726562 0.257500 0.206250
0 0.363750 0.451562 0.087500 0.196875
0 0.065000 0.862500 0.130000 0.203125
0 0.213750 0.923438 0.187500 0.193750
0 0.755000 0.912500 0.190000 0.206250
0 0.460000 0.425000 0.105000 0.162500
0 0.965000 0.934375 0.070000 0.109375
0 0.898750 0.679688 0.202500 0.293750
0 0.338750 0.160938 0.237500 0.184375
0 0.071250 0.107813 0.142500 0.240625
0 0.945000 0.462500 0.110000 0.225000
0 0.792500 0.593750 0.205000 0.178125
0 0.508750 1.001562 0.107500 0.065625
0 0.962500 0.843750 0.075000 0.084375
