0 0.087500 0.590625 0.175000 0.318750
0 0.626250 0.795312 0.252500 0.231250
0 0.410000 0.993750 0.225000 0.146875
0 0.570000 1.000000 0.090000 0.056250
0 0.445000 0.893750 0.265000 0.228125
0 0.158750 0.460938 0.317500 0.390625
0 0.828750 0.323437 0.177500 0.259375
0 0.977500 0.103125 0.045000 0.084375
0 0.625000 0.425000 0.155000 0.221875
0 0.810000 0.078125 0.110000 0.118750
0 0.717500 0.081250 0.100000 0.165625
0 0.366250 0.704688 0.247500 0.190625
0 0.353750 0.379688 0.087500 0.181250
0 0.065000 0.865625 0.130000 0.187500
0 0.215000 0.934375 0.175000 0.175000
0 0.750000 0.928125 0.195000 0.193750
0 0.450000 0.343750 0.105000 0.162500
0 0.962500 0.940625 0.075000 0.106250
0 0.892500 0.712500 0.215000 0.303125
0 0.295000 0.125000 0.200000 0.143750
0 0.046250 0.101562 0.092500 0.218750
0 0.943750 0.470313 0.112500 0.215625
0 0.801250 0.567187 0.182500 0.184375
0 0.481250 1.010938 0.097500 0.050000
