0 0.087500 0.590625 0.175000 0.318750
0 0.627500 0.796875 0.255000 0.231250
0 0.410000 0.993750 0.225000 0.146875
0 0.567500 0.996875 0.090000 0.059375
0 0.442500 0.893750 0.265000 0.228125
0 0.158750 0.460938 0.317500 0.390625
0 0.828750 0.323437 0.177500 0.259375
0 0.977500 0.103125 0.045000 0.084375
0 0.623750 0.426563 0.152500 0.218750
0 0.806250 0.076563 0.112500 0.118750
0 0.713750 0.079687 0.097500 0.162500
0 0.367500 0.703125 0.245000 0.187500
0 0.351250 0.373437 0.087500 0.178125
0 0.065000 0.865625 0.130000 0.187500
0 0.213750 0.935937 0.172500 0.171875
0 0.750000 0.928125 0.195000 0.193750
0 0.447500 0.340625 0.105000 0.162500
0 0.962500 0.940625 0.075000 0.106250
0 0.891250 0.717187 0.217500 0.303125
0 0.291250 0.123438 0.197500 0.140625
0 0.042500 0.100000 0.085000 0.215625
0 0.943750 0.470313 0.112500 0.215625
0 0.803750 0.564063 0.182500 0.184375
0 0.478750 1.010938 0.097500 0.050000
