0 0.075000 0.546875 0.150000 0.318750
0 0.646250 0.773438 0.227500 0.203125
0 0.523750 0.942187 0.202500 0.153125
0 0.617500 1.003125 0.070000 0.037500
0 0.747500 0.987500 0.310000 0.206250
0 0.150000 0.450000 0.300000 0.375000
0 0.763750 0.248438 0.162500 0.293750
0 0.650000 0.218750 0.150000 0.287500
0 0.282500 0.737500 0.220000 0.259375
0 0.401250 0.745313 0.112500 0.137500
0 0.065000 0.843750 0.130000 0.221875
0 0.217500 0.959375 0.225000 0.181250
0 0.761250 0.910937 0.182500 0.143750
0 0.448750 0.660937 0.127500 0.125000
0 0.976250 0.917188 0.047500 0.112500
0 0.908750 0.579688 0.182500 0.256250
0 0.405000 0.256250 0.270000 0.343750
0 0.106250 0.132812 0.212500 0.231250
0 0.927500 0.434375 0.145000 0.212500
0 0.731250 0.573438 0.227500 0.215625
0 0.490000 1.046875 0.160000 0.053125
0 0.932500 0.809375 0.135000 0.143750
0 0.906250 0.167187 0.162500 0.190625
0 0.873750 0.123438 0.197500 0.115625
