0 0.075000 0.612500 0.150000 0.318750
0 0.646250 0.732812 0.227500 0.203125
0 0.521250 0.893750 0.202500 0.150000
0 0.617500 0.978125 0.070000 0.037500
0 0.745000 0.898438 0.310000 0.203125
0 0.150000 0.450000 0.300000 0.375000
0 0.763750 0.292187 0.162500 0.290625
0 0.650000 0.268750 0.150000 0.287500
0 0.282500 0.729688 0.220000 0.259375
0 0.400000 0.743750 0.110000 0.137500
0 0.065000 0.873437 0.130000 0.221875
0 0.217500 0.909375 0.225000 0.181250
0 0.761250 0.868750 0.182500 0.143750
0 0.451250 0.640625 0.127500 0.125000
0 0.976250 0.943750 0.047500 0.112500
0 0.908750 0.593750 0.182500 0.256250
0 0.402500 0.259375 0.270000 0.343750
0 0.106250 0.115625 0.212500 0.231250
0 0.927500 0.450000 0.145000 0.212500
0 0.731250 0.539062 0.227500 0.215625
0 0.490000 0.973437 0.160000 0.053125
0 0.932500 0.795312 0.135000 0.140625
0 0.908750 0.159375 0.162500 0.187500
0 0.872500 0.057813 0.195000 0.115625
