0 0.076250 0.615625 0.152500 0.318750
0 0.647500 0.735938 0.230000 0.209375
0 0.510000 0.900000 0.205000 0.137500
0 0.615000 0.978125 0.070000 0.037500
0 0.723750 0.903125 0.292500 0.193750
0 0.150000 0.451562 0.300000 0.378125
0 0.771250 0.298438 0.167500 0.290625
0 0.642500 0.290625 0.145000 0.293750
0 0.297500 0.729688 0.240000 0.259375
0 0.393750 0.709375 0.107500 0.150000
0 0.065000 0.876563 0.130000 0.221875
0 0.217500 0.909375 0.220000 0.181250
0 0.770000 0.870313 0.190000 0.153125
0 0.453750 0.626563 0.122500 0.134375
0 0.973750 0.939063 0.052500 0.121875
0 0.908750 0.609375 0.182500 0.262500
0 0.405000 0.242188 0.280000 0.321875
0 0.102500 0.117188 0.205000 0.234375
0 0.931250 0.456250 0.137500 0.212500
0 0.740000 0.545312 0.225000 0.209375
0 0.500000 0.975000 0.140000 0.050000
0 0.933750 0.796875 0.132500 0.137500
0 0.893750 0.148438 0.147500 0.171875
0 0.842500 0.062500 0.135000 0.125000
