0 0.080000 0.625000 0.160000 0.318750
0 0.648750 0.737500 0.237500 0.218750
0 0.458750 0.914062 0.227500 0.134375
0 0.602500 0.981250 0.070000 0.037500
0 0.643750 0.904687 0.267500 0.190625
0 0.150000 0.456250 0.300000 0.387500
0 0.790000 0.317188 0.180000 0.284375
0 0.630000 0.350000 0.140000 0.306250
0 0.865000 0.096875 0.230000 0.193750
0 0.328750 0.725000 0.282500 0.256250
0 0.381250 0.623437 0.097500 0.171875
0 0.065000 0.882812 0.130000 0.221875
0 0.215000 0.906250 0.205000 0.187500
0 0.766250 0.884375 0.182500 0.231250
0 0.465000 0.590625 0.110000 0.156250
0 0.970000 0.942187 0.060000 0.115625
0 0.908750 0.642188 0.182500 0.278125
0 0.408750 0.196875 0.307500 0.275000
0 0.091250 0.125000 0.182500 0.237500
0 0.938750 0.479687 0.122500 0.221875
0 0.763750 0.553125 0.222500 0.193750
0 0.502500 0.975000 0.115000 0.050000
0 0.937500 0.801562 0.125000 0.128125
