0 0.076250 0.615625 0.152500 0.318750
0 0.647500 0.735938 0.230000 0.209375
0 0.510000 0.896875 0.205000 0.137500
0 0.617500 0.978125 0.070000 0.037500
0 0.727500 0.903125 0.295000 0.193750
0 0.150000 0.451562 0.300000 0.378125
0 0.771250 0.298438 0.167500 0.290625
0 0.642500 0.287500 0.145000 0.293750
0 0.293750 0.729688 0.237500 0.259375
0 0.396250 0.714063 0.107500 0.146875
0 0.065000 0.876563 0.130000 0.221875
0 0.217500 0.909375 0.220000 0.181250
0 0.770000 0.867188 0.190000 0.146875
0 0.453750 0.628125 0.122500 0.131250
0 0.975000 0.940625 0.050000 0.118750
0 0.908750 0.606250 0.182500 0.262500
0 0.405000 0.243750 0.280000 0.325000
0 0.102500 0.115625 0.205000 0.231250
0 0.930000 0.456250 0.140000 0.212500
0 0.737500 0.542188 0.225000 0.209375
0 0.498750 0.975000 0.142500 0.050000
0 0.933750 0.796875 0.132500 0.137500
0 0.898750 0.150000 0.152500 0.175000
0 0.846250 0.060937 0.142500 0.121875
