0 0.071250 0.612500 0.142500 0.318750
0 0.642500 0.731250 0.220000 0.193750
0 0.555000 0.879687 0.200000 0.184375
0 0.807500 0.884375 0.260000 0.231250
0 0.150000 0.445312 0.300000 0.365625
0 0.747500 0.276562 0.150000 0.296875
0 0.663750 0.210938 0.157500 0.265625
0 0.246250 0.732812 0.172500 0.259375
0 0.406250 0.793750 0.117500 0.143750
0 0.063750 0.864062 0.127500 0.221875
0 0.211250 0.917188 0.217500 0.165625
0 0.737500 0.865625 0.155000 0.143750
0 0.442500 0.678125 0.135000 0.112500
0 0.981250 0.954688 0.037500 0.090625
0 0.906250 0.598437 0.187500 0.265625
0 0.398750 0.323437 0.262500 0.359375
0 0.115000 0.112500 0.230000 0.225000
0 0.935000 0.432812 0.130000 0.196875
0 0.712500 0.537500 0.230000 0.225000
0 0.482500 0.973437 0.170000 0.053125
0 0.920000 0.801562 0.160000 0.159375
0 0.878750 0.243750 0.147500 0.218750
0 0.911250 0.059375 0.177500 0.118750
0 0.470000 0.050000 0.160000 0.100000
