0 0.070000 0.612500 0.140000 0.318750
0 0.643750 0.731250 0.217500 0.193750
0 0.560000 0.879687 0.200000 0.190625
0 0.820000 0.882812 0.235000 0.234375
0 0.150000 0.445312 0.300000 0.365625
0 0.745000 0.273438 0.150000 0.296875
0 0.667500 0.203125 0.160000 0.262500
0 0.240000 0.732812 0.165000 0.259375
0 0.410000 0.803125 0.120000 0.143750
0 0.062500 0.864062 0.125000 0.221875
0 0.211250 0.918750 0.217500 0.162500
0 0.732500 0.865625 0.150000 0.143750
0 0.442500 0.687500 0.135000 0.112500
0 0.982500 0.956250 0.035000 0.087500
0 0.906250 0.600000 0.187500 0.268750
0 0.398750 0.335938 0.262500 0.359375
0 0.117500 0.109375 0.230000 0.218750
0 0.940000 0.431250 0.120000 0.193750
0 0.710000 0.540625 0.230000 0.225000
0 0.481250 0.973437 0.167500 0.053125
0 0.917500 0.803125 0.165000 0.162500
0 0.873750 0.257812 0.147500 0.221875
0 0.916250 0.059375 0.167500 0.118750
0 0.466250 0.056250 0.162500 0.112500
