0 0.066250 0.610938 0.132500 0.315625
0 0.640000 0.729688 0.210000 0.184375
0 0.571250 0.873437 0.197500 0.203125
0 0.843750 0.896875 0.192500 0.206250
0 0.150000 0.442188 0.300000 0.359375
0 0.713750 0.281250 0.172500 0.281250
0 0.675000 0.162500 0.170000 0.243750
0 0.232500 0.753125 0.165000 0.268750
0 0.415000 0.843750 0.125000 0.150000
0 0.055000 0.864062 0.110000 0.221875
0 0.206250 0.928125 0.207500 0.143750
0 0.726250 0.865625 0.132500 0.143750
0 0.437500 0.721875 0.135000 0.112500
0 0.981250 0.967187 0.037500 0.065625
0 0.903750 0.603125 0.192500 0.275000
0 0.393750 0.401562 0.262500 0.353125
0 0.138750 0.089063 0.212500 0.178125
0 0.953750 0.406250 0.092500 0.218750
0 0.695000 0.546875 0.230000 0.225000
0 0.480000 0.973437 0.165000 0.053125
0 0.906250 0.807813 0.187500 0.178125
0 0.848750 0.332813 0.147500 0.240625
0 0.951250 0.056250 0.097500 0.112500
0 0.452500 0.087500 0.180000 0.175000
