0 0.068750 0.539062 0.137500 0.315625
0 0.641250 0.770312 0.212500 0.187500
0 0.571250 0.895312 0.197500 0.203125
0 0.840000 0.896875 0.195000 0.225000
0 0.150000 0.450000 0.300000 0.359375
0 0.726250 0.235937 0.162500 0.290625
0 0.672500 0.153125 0.165000 0.250000
0 0.235000 0.715625 0.165000 0.265625
0 0.411250 0.829688 0.122500 0.146875
0 0.057500 0.825000 0.115000 0.221875
0 0.208750 0.982812 0.212500 0.150000
0 0.726250 0.879687 0.137500 0.143750
0 0.440000 0.737500 0.135000 0.112500
0 0.982500 0.946875 0.035000 0.075000
0 0.905000 0.584375 0.190000 0.271875
0 0.396250 0.360938 0.262500 0.359375
0 0.132500 0.137500 0.220000 0.193750
0 0.951250 0.385937 0.097500 0.193750
0 0.700000 0.575000 0.230000 0.225000
0 0.480000 1.050000 0.165000 0.053125
0 0.910000 0.831250 0.180000 0.171875
0 0.858750 0.276562 0.147500 0.234375
0 0.935000 0.081250 0.130000 0.118750
0 0.456250 0.107813 0.172500 0.150000
