0 0.062500 0.531250 0.125000 0.315625
0 0.640000 0.768750 0.200000 0.171875
0 0.571250 0.895312 0.197500 0.203125
0 0.848750 0.957812 0.177500 0.153125
0 0.150000 0.456250 0.300000 0.350000
0 0.673750 0.292187 0.202500 0.262500
0 0.680000 0.125000 0.180000 0.218750
0 0.220000 0.743750 0.165000 0.281250
0 0.423750 0.901563 0.132500 0.156250
0 0.047500 0.812500 0.095000 0.206250
0 0.205000 1.012500 0.205000 0.115625
0 0.728750 0.864062 0.112500 0.143750
0 0.435000 0.796875 0.135000 0.112500
0 0.980000 0.975000 0.040000 0.050000
0 0.902500 0.587500 0.195000 0.284375
0 0.378750 0.476562 0.272500 0.318750
0 0.157500 0.128125 0.205000 0.159375
0 0.945000 0.359375 0.110000 0.212500
0 0.685000 0.581250 0.230000 0.225000
0 0.476250 1.045313 0.157500 0.053125
0 0.882500 0.840625 0.220000 0.153125
0 0.811250 0.370312 0.157500 0.234375
0 0.980000 0.025000 0.040000 0.100000
0 0.435000 0.125000 0.200000 0.253125
