0 0.062500 0.610938 0.125000 0.315625
0 0.651250 0.737500 0.177500 0.156250
0 0.571250 0.873437 0.197500 0.203125
0 0.862500 0.923438 0.155000 0.153125
0 0.150000 0.446875 0.300000 0.343750
0 0.651250 0.306250 0.222500 0.250000
0 0.702500 0.112500 0.210000 0.225000
0 0.217500 0.790625 0.165000 0.287500
0 0.426250 0.928125 0.137500 0.143750
0 0.046250 0.837500 0.092500 0.168750
0 0.205000 0.951562 0.205000 0.096875
0 0.731250 0.859375 0.102500 0.131250
0 0.442500 0.796875 0.135000 0.112500
0 0.980000 0.975000 0.040000 0.050000
0 0.902500 0.607812 0.195000 0.284375
0 0.373750 0.492188 0.277500 0.303125
0 0.165000 0.079687 0.205000 0.159375
0 0.931250 0.421875 0.137500 0.162500
0 0.685000 0.550000 0.230000 0.225000
0 0.503750 0.973437 0.157500 0.053125
0 0.857500 0.764062 0.230000 0.140625
0 0.783750 0.415625 0.167500 0.218750
0 0.416250 0.139063 0.207500 0.278125
