0 0.062500 0.531250 0.125000 0.315625
0 0.642500 0.768750 0.195000 0.168750
0 0.571250 0.895312 0.197500 0.203125
0 0.853750 0.954688 0.172500 0.153125
0 0.150000 0.456250 0.300000 0.346875
0 0.668750 0.298438 0.207500 0.259375
0 0.681250 0.120313 0.182500 0.215625
0 0.217500 0.746875 0.165000 0.284375
0 0.425000 0.912500 0.135000 0.156250
0 0.047500 0.812500 0.095000 0.196875
0 0.205000 1.015625 0.205000 0.112500
0 0.730000 0.862500 0.110000 0.143750
0 0.437500 0.803125 0.135000 0.112500
0 0.980000 0.975000 0.040000 0.050000
0 0.902500 0.587500 0.195000 0.284375
0 0.377500 0.490625 0.275000 0.312500
0 0.160000 0.128125 0.205000 0.159375
0 0.940000 0.384375 0.120000 0.193750
0 0.685000 0.581250 0.230000 0.225000
0 0.481250 1.045313 0.157500 0.053125
0 0.880000 0.840625 0.225000 0.146875
0 0.805000 0.381250 0.160000 0.228125
0 0.431250 0.126562 0.202500 0.265625
