0 0.062500 0.610938 0.125000 0.315625
0 0.642500 0.729688 0.200000 0.171875
0 0.571250 0.873437 0.197500 0.203125
0 0.851250 0.923438 0.177500 0.153125
0 0.150000 0.442188 0.300000 0.346875
0 0.672500 0.300000 0.205000 0.262500
0 0.681250 0.121875 0.182500 0.218750
0 0.220000 0.782813 0.165000 0.284375
0 0.423750 0.900000 0.132500 0.156250
0 0.047500 0.854688 0.095000 0.203125
0 0.205000 0.942187 0.205000 0.115625
0 0.728750 0.865625 0.112500 0.143750
0 0.435000 0.768750 0.135000 0.112500
0 0.980000 0.975000 0.040000 0.050000
0 0.902500 0.607812 0.195000 0.284375
0 0.378750 0.467187 0.272500 0.315625
0 0.157500 0.079687 0.205000 0.159375
0 0.943750 0.401562 0.112500 0.209375
0 0.685000 0.550000 0.230000 0.225000
0 0.476250 0.973437 0.157500 0.053125
0 0.880000 0.778125 0.220000 0.150000
0 0.808750 0.390625 0.157500 0.231250
0 0.980000 0.050000 0.040000 0.100000
0 0.432500 0.128125 0.200000 0.256250
