0 0.536250 0.132812 0.212500 0.353125
0 0.821250 0.342187 0.142500 0.259375
0 0.587500 0.471875 0.205000 0.228125
0 0.900000 0.209375 0.190000 0.218750
0 0.158750 0.854688 0.137500 0.231250
0 0.128750 0.295312 0.127500 0.378125
0 0.718750 0.626563 0.217500 0.231250
0 0.898750 0.667188 0.187500 0.209375
0 0.411250 0.457813 0.157500 0.265625
0 0.488750 0.942187 0.167500 0.162500
0 0.033750 0.185938 0.067500 0.421875
0 0.936250 0.379688 0.127500 0.225000
0 0.167500 0.731250 0.180000 0.334375
0 0.276250 0.370312 0.132500 0.278125
0 0.725000 0.790625 0.200000 0.215625
0 0.038750 0.667188 0.077500 0.128125
0 0.973750 0.885938 0.052500 0.146875
0 0.365000 0.662500 0.140000 0.168750
0 0.415000 0.787500 0.130000 0.190625
0 0.240000 0.109375 0.175000 0.196875
0 0.872500 0.150000 0.240000 0.093750
0 0.697500 0.971875 0.180000 0.140625
0 0.078750 0.098437 0.157500 0.143750
0 0.375000 0.931250 0.070000 0.112500
