0 0.531250 0.132812 0.212500 0.353125
0 0.820000 0.353125 0.140000 0.253125
0 0.583750 0.482812 0.197500 0.228125
0 0.895000 0.209375 0.195000 0.218750
0 0.156250 0.854688 0.137500 0.231250
0 0.128750 0.298438 0.127500 0.378125
0 0.727500 0.634375 0.215000 0.234375
0 0.901250 0.667188 0.187500 0.209375
0 0.410000 0.462500 0.155000 0.275000
0 0.491250 0.939063 0.167500 0.165625
0 0.032500 0.181250 0.065000 0.425000
0 0.937500 0.378125 0.125000 0.218750
0 0.166250 0.729688 0.177500 0.331250
0 0.273750 0.373437 0.132500 0.278125
0 0.718750 0.798438 0.202500 0.228125
0 0.038750 0.670312 0.077500 0.128125
0 0.972500 0.887500 0.055000 0.146875
0 0.356250 0.657813 0.117500 0.153125
0 0.401250 0.795312 0.127500 0.181250
0 0.241250 0.107813 0.172500 0.196875
0 0.870000 0.146875 0.235000 0.090625
0 0.695000 0.978125 0.175000 0.131250
0 0.078750 0.098437 0.157500 0.140625
0 0.375000 0.940625 0.070000 0.103125
