0 0.492500 0.212500 0.210000 0.387500
0 0.907500 0.518750 0.185000 0.237500
0 0.526250 0.670312 0.142500 0.303125
0 0.828750 0.171875 0.207500 0.212500
0 0.101250 0.865625 0.197500 0.268750
0 0.126250 0.420312 0.127500 0.378125
0 0.743750 0.720313 0.147500 0.346875
0 0.898750 0.679688 0.187500 0.209375
0 0.386250 0.598437 0.172500 0.296875
0 0.511250 0.893750 0.172500 0.212500
0 0.033750 0.340625 0.067500 0.450000
0 0.953750 0.385937 0.092500 0.171875
0 0.160000 0.792188 0.165000 0.328125
0 0.278750 0.557813 0.132500 0.221875
0 0.668750 0.810937 0.167500 0.284375
0 0.968750 0.118750 0.062500 0.225000
0 0.035000 0.700000 0.070000 0.131250
0 0.932500 0.942187 0.135000 0.115625
0 0.283750 0.751563 0.127500 0.140625
0 0.320000 0.890625 0.115000 0.150000
0 0.257500 0.085938 0.150000 0.171875
