0 0.467500 0.154688 0.235000 0.309375
0 0.287500 0.860938 0.115000 0.209375
0 0.920000 0.550000 0.160000 0.200000
0 0.521250 0.689063 0.187500 0.228125
0 0.855000 0.064062 0.115000 0.128125
0 0.093750 0.826562 0.187500 0.334375
0 0.126250 0.429688 0.127500 0.378125
0 0.723750 0.801562 0.127500 0.346875
0 0.893750 0.720313 0.187500 0.209375
0 0.416250 0.679688 0.137500 0.259375
0 0.526250 0.878125 0.177500 0.243750
0 0.033750 0.332813 0.067500 0.471875
0 0.971250 0.393750 0.057500 0.131250
0 0.160000 0.801562 0.165000 0.328125
0 0.281250 0.639062 0.132500 0.221875
0 0.606250 0.793750 0.087500 0.356250
0 0.958750 0.053125 0.082500 0.087500
