0 0.513750 0.234375 0.252500 0.250000
0 0.893750 0.498437 0.182500 0.246875
0 0.527500 0.665625 0.125000 0.331250
0 0.846250 0.189062 0.217500 0.221875
0 0.111250 0.865625 0.197500 0.268750
0 0.126250 0.417187 0.127500 0.378125
0 0.735000 0.690625 0.170000 0.325000
0 0.901250 0.670312 0.187500 0.209375
0 0.398750 0.579688 0.157500 0.309375
0 0.506250 0.900000 0.172500 0.200000
0 0.033750 0.343750 0.067500 0.443750
0 0.948750 0.392188 0.102500 0.184375
0 0.160000 0.789062 0.165000 0.328125
0 0.273750 0.503125 0.132500 0.225000
0 0.676250 0.815625 0.182500 0.281250
0 0.975000 0.123438 0.050000 0.215625
0 0.038750 0.698438 0.077500 0.128125
0 0.941250 0.935937 0.117500 0.128125
0 0.287500 0.709375 0.135000 0.150000
0 0.332500 0.865625 0.115000 0.150000
0 0.251250 0.098437 0.152500 0.196875
0 0.847500 0.032813 0.190000 0.065625
0 0.675000 0.967187 0.135000 0.065625
