0 0.482500 0.128125 0.205000 0.406250
0 0.913750 0.529687 0.172500 0.221875
0 0.522500 0.643750 0.160000 0.271875
0 0.838750 0.142187 0.167500 0.175000
0 0.098750 0.842187 0.197500 0.278125
0 0.126250 0.314063 0.127500 0.378125
0 0.735000 0.668750 0.140000 0.346875
0 0.896250 0.707812 0.187500 0.209375
0 0.393750 0.592187 0.162500 0.281250
0 0.517500 0.884375 0.175000 0.225000
0 0.033750 0.148438 0.067500 0.459375
0 0.957500 0.353125 0.085000 0.156250
0 0.160000 0.734375 0.165000 0.328125
0 0.281250 0.579688 0.132500 0.221875
0 0.647500 0.740625 0.140000 0.306250
0 0.961250 0.048438 0.077500 0.206250
0 0.028750 0.673438 0.057500 0.140625
0 0.936250 0.985938 0.127500 0.093750
0 0.282500 0.796875 0.115000 0.121875
0 0.305000 0.918750 0.115000 0.150000
