0 0.472500 0.171875 0.225000 0.343750
0 0.287500 0.860938 0.115000 0.209375
0 0.918750 0.546875 0.162500 0.206250
0 0.522500 0.685937 0.180000 0.240625
0 0.850000 0.079687 0.130000 0.140625
0 0.095000 0.834375 0.190000 0.318750
0 0.126250 0.426563 0.127500 0.378125
0 0.727500 0.789062 0.130000 0.346875
0 0.893750 0.714063 0.187500 0.209375
0 0.410000 0.667188 0.145000 0.265625
0 0.523750 0.881250 0.177500 0.237500
0 0.033750 0.332813 0.067500 0.465625
0 0.967500 0.390625 0.065000 0.137500
0 0.160000 0.801562 0.165000 0.328125
0 0.281250 0.629687 0.132500 0.221875
0 0.618750 0.795312 0.102500 0.340625
0 0.958750 0.067187 0.082500 0.121875
