0 0.497500 0.215625 0.220000 0.356250
0 0.906250 0.514062 0.187500 0.240625
0 0.523750 0.670312 0.137500 0.309375
0 0.825000 0.182812 0.215000 0.221875
0 0.101250 0.865625 0.197500 0.268750
0 0.126250 0.420312 0.127500 0.378125
0 0.742500 0.714063 0.150000 0.346875
0 0.901250 0.676562 0.187500 0.209375
0 0.388750 0.593750 0.167500 0.300000
0 0.508750 0.895312 0.172500 0.209375
0 0.033750 0.343750 0.067500 0.450000
0 0.952500 0.387500 0.095000 0.175000
0 0.160000 0.792188 0.165000 0.328125
0 0.276250 0.548438 0.132500 0.221875
0 0.670000 0.814063 0.170000 0.284375
0 0.971250 0.118750 0.057500 0.225000
0 0.036250 0.700000 0.072500 0.131250
0 0.931250 0.940625 0.137500 0.118750
0 0.285000 0.742188 0.130000 0.140625
0 0.322500 0.884375 0.115000 0.150000
0 0.255000 0.090625 0.150000 0.181250
