0 0.517500 0.209375 0.235000 0.293750
0 0.875000 0.473438 0.170000 0.246875
0 0.541250 0.617188 0.142500 0.296875
0 0.863750 0.192188 0.217500 0.221875
0 0.118750 0.865625 0.197500 0.268750
0 0.126250 0.414062 0.127500 0.378125
0 0.727500 0.673438 0.185000 0.309375
0 0.901250 0.667188 0.187500 0.209375
0 0.408750 0.564063 0.147500 0.315625
0 0.503750 0.904687 0.172500 0.190625
0 0.032500 0.346875 0.065000 0.437500
0 0.946250 0.396875 0.107500 0.193750
0 0.160000 0.785937 0.165000 0.328125
0 0.271250 0.479687 0.132500 0.246875
0 0.682500 0.817187 0.190000 0.278125
0 0.976250 0.123438 0.047500 0.190625
0 0.038750 0.695312 0.077500 0.128125
0 0.953750 0.934375 0.092500 0.131250
0 0.295000 0.689063 0.135000 0.153125
0 0.340000 0.846875 0.115000 0.150000
0 0.247500 0.098437 0.155000 0.196875
0 0.853750 0.035937 0.202500 0.071875
0 0.680000 0.959375 0.145000 0.081250
