0 0.536250 0.182812 0.287500 0.200000
0 0.793750 0.232813 0.152500 0.290625
0 0.633750 0.373437 0.247500 0.196875
0 0.906250 0.210938 0.177500 0.184375
0 0.197500 0.918750 0.115000 0.153125
0 0.146250 0.292187 0.127500 0.378125
0 0.580000 0.453125 0.225000 0.303125
0 0.902500 0.700000 0.190000 0.168750
0 0.402500 0.350000 0.120000 0.309375
0 0.488750 0.967187 0.167500 0.137500
0 0.041250 0.198437 0.082500 0.406250
0 0.886250 0.510938 0.217500 0.215625
0 0.182500 0.750000 0.210000 0.346875
0 0.288750 0.332813 0.132500 0.278125
0 0.820000 0.831250 0.260000 0.250000
0 0.046250 0.745313 0.092500 0.125000
0 0.426250 0.670312 0.217500 0.218750
0 0.497500 0.765625 0.140000 0.203125
0 0.235000 0.140625 0.185000 0.196875
0 0.850000 0.187500 0.300000 0.096875
0 0.678750 0.957812 0.182500 0.156250
0 0.076250 0.095312 0.152500 0.181250
0 0.365000 0.840625 0.080000 0.209375
0 0.095000 0.900000 0.130000 0.175000
