0 0.542500 0.168750 0.270000 0.203125
0 0.801250 0.245312 0.152500 0.290625
0 0.633750 0.385937 0.247500 0.206250
0 0.908750 0.204687 0.172500 0.193750
0 0.190000 0.903125 0.120000 0.171875
0 0.141250 0.292187 0.127500 0.378125
0 0.602500 0.481250 0.225000 0.290625
0 0.900000 0.690625 0.190000 0.181250
0 0.405000 0.365625 0.130000 0.300000
0 0.488750 0.964063 0.167500 0.140625
0 0.040000 0.196875 0.080000 0.409375
0 0.897500 0.493750 0.205000 0.218750
0 0.180000 0.746875 0.205000 0.343750
0 0.286250 0.332813 0.132500 0.278125
0 0.807500 0.784375 0.225000 0.240625
0 0.045000 0.731250 0.090000 0.125000
0 0.986250 0.857812 0.027500 0.159375
0 0.421250 0.673438 0.217500 0.218750
0 0.490000 0.762500 0.135000 0.200000
0 0.235000 0.134375 0.185000 0.196875
0 0.855000 0.181250 0.290000 0.096875
0 0.681250 0.957812 0.182500 0.156250
0 0.077500 0.096875 0.155000 0.175000
0 0.368750 0.857812 0.077500 0.190625
0 0.096250 0.901563 0.127500 0.175000
