0 0.535000 0.103125 0.290000 0.200000
0 0.793750 0.282813 0.152500 0.290625
0 0.633750 0.317188 0.247500 0.196875
0 0.907500 0.192188 0.180000 0.184375
0 0.200000 0.925000 0.115000 0.150000
0 0.146250 0.401562 0.127500 0.378125
0 0.577500 0.457813 0.225000 0.303125
0 0.902500 0.668750 0.190000 0.168750
0 0.402500 0.432812 0.120000 0.309375
0 0.488750 0.931250 0.167500 0.137500
0 0.041250 0.350000 0.082500 0.406250
0 0.886250 0.482812 0.217500 0.215625
0 0.182500 0.792188 0.210000 0.346875
0 0.288750 0.389062 0.132500 0.278125
0 0.822500 0.798438 0.265000 0.253125
0 0.046250 0.750000 0.092500 0.125000
0 0.428750 0.643750 0.217500 0.218750
0 0.497500 0.781250 0.140000 0.206250
0 0.235000 0.123438 0.185000 0.196875
0 0.848750 0.048438 0.302500 0.096875
0 0.678750 0.921875 0.182500 0.156250
0 0.076250 0.090625 0.152500 0.181250
0 0.365000 0.893750 0.080000 0.212500
0 0.095000 0.907813 0.130000 0.178125
