0 0.542500 0.145313 0.230000 0.290625
0 0.816250 0.350000 0.147500 0.275000
0 0.603750 0.412500 0.222500 0.225000
0 0.906250 0.198437 0.172500 0.215625
0 0.171250 0.884375 0.137500 0.231250
0 0.128750 0.401562 0.127500 0.378125
0 0.680000 0.564063 0.220000 0.253125
0 0.896250 0.648438 0.187500 0.209375
0 0.408750 0.470313 0.152500 0.265625
0 0.488750 0.921875 0.167500 0.156250
0 0.036250 0.353125 0.072500 0.418750
0 0.932500 0.418750 0.135000 0.237500
0 0.171250 0.787500 0.187500 0.337500
0 0.278750 0.410938 0.132500 0.278125
0 0.755000 0.742188 0.185000 0.209375
0 0.040000 0.698438 0.080000 0.128125
0 0.980000 0.923438 0.040000 0.153125
0 0.396250 0.657813 0.202500 0.209375
0 0.447500 0.789062 0.130000 0.190625
0 0.236250 0.098437 0.182500 0.196875
0 0.871250 0.048438 0.257500 0.096875
0 0.693750 0.925000 0.182500 0.150000
0 0.077500 0.076563 0.155000 0.153125
0 0.375000 0.934375 0.070000 0.131250
0 0.102500 0.915625 0.120000 0.168750
