0 0.531250 0.189062 0.297500 0.203125
0 0.791250 0.223438 0.152500 0.290625
0 0.631250 0.367188 0.247500 0.193750
0 0.906250 0.214062 0.182500 0.178125
0 0.203750 0.932813 0.112500 0.137500
0 0.148750 0.292187 0.127500 0.378125
0 0.570000 0.443750 0.225000 0.296875
0 0.902500 0.709375 0.190000 0.162500
0 0.403750 0.360938 0.112500 0.312500
0 0.488750 0.970313 0.167500 0.134375
0 0.041250 0.198437 0.082500 0.403125
0 0.881250 0.510938 0.217500 0.215625
0 0.183750 0.751563 0.212500 0.346875
0 0.291250 0.329688 0.132500 0.278125
0 0.831250 0.867188 0.287500 0.259375
0 0.047500 0.756250 0.095000 0.121875
0 0.431250 0.667188 0.217500 0.218750
0 0.500000 0.762500 0.140000 0.209375
0 0.237500 0.143750 0.185000 0.196875
0 0.846250 0.192188 0.307500 0.096875
0 0.676250 0.954688 0.182500 0.159375
0 0.076250 0.095312 0.152500 0.184375
0 0.368750 0.832812 0.082500 0.215625
0 0.092500 0.896875 0.130000 0.178125
