0 0.461250 0.100000 0.287500 0.200000
0 0.710000 0.223438 0.165000 0.278125
0 0.583750 0.268750 0.267500 0.168750
0 0.901250 0.189062 0.197500 0.146875
0 0.245000 0.935937 0.150000 0.128125
0 0.173750 0.423438 0.162500 0.378125
0 0.535000 0.409375 0.220000 0.256250
0 0.903750 0.679688 0.192500 0.190625
0 0.391250 0.493750 0.082500 0.325000
0 0.463750 0.954688 0.137500 0.090625
0 0.047500 0.345313 0.095000 0.390625
0 0.828750 0.509375 0.227500 0.237500
0 0.185000 0.796875 0.220000 0.350000
0 0.315000 0.396875 0.130000 0.281250
0 0.777500 0.851562 0.180000 0.284375
0 0.072500 0.715625 0.105000 0.175000
0 0.432500 0.643750 0.220000 0.225000
0 0.515000 0.792188 0.145000 0.215625
0 0.283750 0.195312 0.212500 0.159375
0 0.791250 0.048438 0.417500 0.096875
0 0.688750 0.920312 0.227500 0.159375
0 0.081250 0.090625 0.162500 0.181250
0 0.396250 0.876563 0.082500 0.215625
0 0.085000 0.896875 0.140000 0.187500
0 0.903750 0.320312 0.192500 0.159375
