0 0.406250 0.167187 0.262500 0.190625
0 0.663750 0.173437 0.192500 0.259375
0 0.573750 0.351562 0.267500 0.168750
0 0.901250 0.251563 0.197500 0.146875
0 0.265000 0.971875 0.165000 0.131250
0 0.176250 0.326562 0.157500 0.387500
0 0.545000 0.425000 0.220000 0.256250
0 0.903750 0.695312 0.192500 0.209375
0 0.387500 0.381250 0.085000 0.315625
0 0.453750 0.995313 0.137500 0.090625
0 0.050000 0.215625 0.100000 0.384375
0 0.798750 0.554688 0.237500 0.256250
0 0.185000 0.762500 0.220000 0.350000
0 0.312500 0.340625 0.125000 0.290625
0 0.768750 0.801562 0.157500 0.287500
0 0.088750 0.654687 0.097500 0.171875
0 0.432500 0.668750 0.220000 0.228125
0 0.517500 0.821875 0.205000 0.203125
0 0.308750 0.257812 0.212500 0.159375
0 0.790000 0.262500 0.420000 0.112500
0 0.656250 0.954688 0.227500 0.187500
0 0.083750 0.104688 0.167500 0.175000
0 0.386250 0.814063 0.082500 0.215625
0 0.082500 0.887500 0.145000 0.193750
0 0.886250 0.367188 0.227500 0.171875
