0 0.398750 0.167187 0.262500 0.190625
0 0.661250 0.167187 0.192500 0.259375
0 0.571250 0.351562 0.267500 0.168750
0 0.901250 0.254688 0.197500 0.146875
0 0.266250 0.970313 0.162500 0.131250
0 0.177500 0.321875 0.155000 0.387500
0 0.545000 0.425000 0.220000 0.256250
0 0.903750 0.695312 0.192500 0.212500
0 0.388750 0.379688 0.087500 0.312500
0 0.451250 0.995313 0.137500 0.090625
0 0.050000 0.215625 0.100000 0.384375
0 0.793750 0.554688 0.237500 0.256250
0 0.185000 0.762500 0.220000 0.350000
0 0.310000 0.340625 0.125000 0.290625
0 0.771250 0.798438 0.157500 0.287500
0 0.092500 0.646875 0.095000 0.171875
0 0.432500 0.668750 0.220000 0.231250
0 0.518750 0.829688 0.217500 0.200000
0 0.313750 0.260937 0.212500 0.159375
0 0.790000 0.262500 0.420000 0.115625
0 0.648750 0.948438 0.227500 0.193750
0 0.085000 0.106250 0.170000 0.171875
0 0.383750 0.814063 0.082500 0.215625
0 0.081250 0.889062 0.147500 0.193750
0 0.882500 0.368750 0.235000 0.175000
0 0.031250 0.710938 0.062500 0.131250
