0 0.200000 0.156250 0.250000 0.168750
0 0.603750 0.126562 0.202500 0.181250
0 0.478750 0.257812 0.267500 0.168750
0 0.917500 0.312500 0.165000 0.178125
0 0.311250 0.989062 0.147500 0.103125
0 0.188750 0.267188 0.137500 0.406250
0 0.581250 0.332813 0.202500 0.271875
0 0.923750 0.682813 0.152500 0.240625
0 0.416250 0.379688 0.117500 0.200000
0 0.441250 0.995313 0.137500 0.090625
0 0.048750 0.323437 0.097500 0.218750
0 0.661250 0.626563 0.237500 0.256250
0 0.216250 0.826562 0.162500 0.275000
0 0.320000 0.334375 0.115000 0.212500
0 0.793750 0.754687 0.157500 0.287500
0 0.092500 0.806250 0.115000 0.121875
0 0.355000 0.621875 0.225000 0.159375
0 0.458750 0.826562 0.217500 0.234375
0 0.341250 0.282813 0.212500 0.159375
0 0.907500 0.131250 0.185000 0.146875
0 0.648750 0.917188 0.227500 0.196875
0 0.037500 0.046875 0.075000 0.209375
0 0.367500 0.750000 0.120000 0.134375
0 0.063750 0.917188 0.127500 0.162500
0 0.825000 0.365625 0.245000 0.168750
0 0.051250 0.729688 0.097500 0.118750
0 0.955000 0.484375 0.090000 0.153125
