0 0.388750 0.167187 0.262500 0.190625
0 0.658750 0.160938 0.192500 0.259375
0 0.568750 0.351562 0.267500 0.168750
0 0.901250 0.254688 0.197500 0.146875
0 0.268750 0.973437 0.162500 0.128125
0 0.178750 0.320312 0.152500 0.390625
0 0.547500 0.428125 0.220000 0.256250
0 0.903750 0.695312 0.192500 0.215625
0 0.388750 0.379688 0.087500 0.306250
0 0.451250 0.995313 0.137500 0.090625
0 0.050000 0.215625 0.100000 0.384375
0 0.786250 0.557813 0.237500 0.256250
0 0.185000 0.762500 0.220000 0.350000
0 0.310000 0.340625 0.125000 0.293750
0 0.771250 0.795312 0.157500 0.287500
0 0.090000 0.646875 0.105000 0.168750
0 0.432500 0.668750 0.220000 0.231250
0 0.515000 0.834375 0.220000 0.200000
0 0.318750 0.260937 0.212500 0.159375
0 0.790000 0.262500 0.420000 0.118750
0 0.646250 0.945312 0.227500 0.196875
0 0.082500 0.103125 0.165000 0.175000
0 0.381250 0.814063 0.082500 0.215625
0 0.081250 0.889062 0.147500 0.193750
0 0.880000 0.371875 0.240000 0.178125
0 0.031250 0.710938 0.062500 0.125000
