0 0.306250 0.173437 0.262500 0.190625
0 0.630000 0.125000 0.195000 0.253125
0 0.548750 0.345313 0.267500 0.168750
0 0.901250 0.295312 0.197500 0.146875
0 0.292500 0.981250 0.155000 0.115625
0 0.183750 0.301563 0.142500 0.403125
0 0.560000 0.403125 0.220000 0.256250
0 0.913750 0.673438 0.172500 0.234375
0 0.400000 0.381250 0.100000 0.265625
0 0.438750 0.995313 0.137500 0.090625
0 0.056250 0.282813 0.112500 0.325000
0 0.723750 0.582812 0.237500 0.256250
0 0.185000 0.765625 0.220000 0.350000
0 0.305000 0.343750 0.115000 0.309375
0 0.778750 0.773438 0.157500 0.287500
0 0.088750 0.642188 0.127500 0.187500
0 0.378750 0.676562 0.222500 0.218750
0 0.487500 0.846875 0.220000 0.200000
0 0.328750 0.270313 0.212500 0.159375
0 0.853750 0.182812 0.292500 0.134375
0 0.648750 0.926562 0.227500 0.196875
0 0.058750 0.073438 0.117500 0.209375
0 0.361250 0.792188 0.082500 0.215625
0 0.076250 0.885938 0.152500 0.200000
0 0.855000 0.384375 0.260000 0.184375
0 0.031250 0.710938 0.062500 0.087500
0 0.971250 0.464062 0.057500 0.125000
