0 0.137500 0.181250 0.250000 0.168750
0 0.580000 0.118750 0.190000 0.109375
0 0.451250 0.251563 0.267500 0.168750
0 0.900000 0.387500 0.200000 0.193750
0 0.181250 0.279687 0.157500 0.406250
0 0.606250 0.267188 0.187500 0.284375
0 0.927500 0.678125 0.145000 0.243750
0 0.421250 0.376563 0.122500 0.171875
0 0.035000 0.315625 0.070000 0.143750
0 0.631250 0.651563 0.237500 0.256250
0 0.228750 0.764062 0.142500 0.325000
0 0.315000 0.300000 0.120000 0.212500
0 0.791250 0.779687 0.157500 0.287500
0 0.085000 0.840625 0.115000 0.106250
0 0.350000 0.596875 0.250000 0.153125
0 0.442500 0.865625 0.245000 0.162500
0 0.351250 0.289062 0.212500 0.159375
0 0.885000 0.159375 0.185000 0.146875
0 0.646250 0.910937 0.227500 0.196875
0 0.028750 0.051562 0.057500 0.165625
0 0.378750 0.726562 0.127500 0.109375
0 0.062500 0.918750 0.125000 0.159375
0 0.827500 0.337500 0.235000 0.156250
0 0.065000 0.746875 0.125000 0.118750
0 0.952500 0.509375 0.095000 0.159375
