0 0.187500 0.090625 0.250000 0.168750
0 0.602500 0.082812 0.200000 0.165625
0 0.473750 0.165625 0.267500 0.168750
0 0.928750 0.315625 0.142500 0.187500
0 0.188750 0.381250 0.137500 0.406250
0 0.582500 0.332813 0.195000 0.278125
0 0.923750 0.710938 0.152500 0.240625
0 0.416250 0.400000 0.117500 0.193750
0 0.045000 0.360938 0.090000 0.184375
0 0.656250 0.606250 0.237500 0.256250
0 0.220000 0.857812 0.160000 0.284375
0 0.320000 0.362500 0.115000 0.200000
0 0.796250 0.796875 0.157500 0.287500
0 0.087500 0.815625 0.115000 0.106250
0 0.352500 0.548438 0.225000 0.159375
0 0.458750 0.803125 0.227500 0.212500
0 0.343750 0.229687 0.212500 0.159375
0 0.905000 0.095312 0.185000 0.146875
0 0.648750 0.873437 0.227500 0.196875
0 0.037500 0.098437 0.075000 0.196875
0 0.370000 0.725000 0.125000 0.118750
0 0.063750 0.918750 0.127500 0.162500
0 0.823750 0.292187 0.242500 0.165625
0 0.053750 0.728125 0.102500 0.118750
0 0.953750 0.506250 0.092500 0.156250
