0 0.098750 0.207813 0.197500 0.175000
0 0.532500 0.093750 0.150000 0.053125
0 0.471250 0.232813 0.267500 0.168750
0 0.893750 0.479687 0.212500 0.146875
0 0.163750 0.310937 0.187500 0.406250
0 0.663750 0.210938 0.167500 0.340625
0 0.931250 0.698438 0.137500 0.246875
0 0.423750 0.382812 0.122500 0.162500
0 0.028750 0.307812 0.057500 0.125000
0 0.586250 0.698438 0.237500 0.256250
0 0.221250 0.735938 0.132500 0.346875
0 0.307500 0.256250 0.130000 0.231250
0 0.776250 0.826562 0.167500 0.278125
0 0.085000 0.850000 0.115000 0.106250
0 0.360000 0.587500 0.250000 0.184375
0 0.382500 0.862500 0.245000 0.162500
0 0.361250 0.298438 0.212500 0.159375
0 0.900000 0.181250 0.185000 0.146875
0 0.600000 0.928125 0.280000 0.162500
0 0.066250 0.101562 0.132500 0.146875
0 0.380000 0.696875 0.110000 0.109375
0 0.060000 0.918750 0.120000 0.153125
0 0.880000 0.328125 0.235000 0.178125
0 0.058750 0.679688 0.117500 0.140625
0 0.952500 0.540625 0.095000 0.159375
0 0.031250 0.432812 0.062500 0.246875
0 0.232500 0.193750 0.310000 0.084375
0 0.271250 0.960938 0.067500 0.081250
