0 0.095000 0.221875 0.190000 0.171875
0 0.528750 0.089063 0.142500 0.050000
0 0.476250 0.229687 0.267500 0.168750
0 0.893750 0.482812 0.212500 0.150000
0 0.161250 0.314063 0.192500 0.406250
0 0.672500 0.221875 0.170000 0.343750
0 0.931250 0.707812 0.137500 0.246875
0 0.423750 0.385937 0.122500 0.162500
0 0.028750 0.307812 0.057500 0.125000
0 0.581250 0.704688 0.237500 0.256250
0 0.218750 0.735938 0.132500 0.346875
0 0.305000 0.246875 0.130000 0.234375
0 0.768750 0.842187 0.177500 0.268750
0 0.085000 0.859375 0.115000 0.106250
0 0.358750 0.579688 0.247500 0.190625
0 0.365000 0.856250 0.245000 0.162500
0 0.361250 0.298438 0.212500 0.159375
0 0.902500 0.181250 0.185000 0.146875
0 0.586250 0.929688 0.292500 0.156250
0 0.082500 0.115625 0.165000 0.140625
0 0.380000 0.690625 0.105000 0.109375
0 0.060000 0.918750 0.120000 0.153125
0 0.886250 0.323437 0.227500 0.175000
0 0.076250 0.676562 0.117500 0.140625
0 0.952500 0.543750 0.095000 0.159375
0 0.026250 0.410938 0.052500 0.246875
0 0.235000 0.187500 0.300000 0.087500
0 0.276250 0.951562 0.072500 0.093750
