0 0.086250 0.235937 0.172500 0.165625
0 0.528750 0.089063 0.142500 0.046875
0 0.491250 0.217188 0.257500 0.168750
0 0.893750 0.489063 0.212500 0.159375
0 0.151250 0.314063 0.197500 0.406250
0 0.687500 0.234375 0.175000 0.346875
0 0.931250 0.723437 0.137500 0.246875
0 0.423750 0.389062 0.122500 0.162500
0 0.571250 0.714063 0.237500 0.256250
0 0.213750 0.735938 0.132500 0.346875
0 0.301250 0.232813 0.132500 0.240625
0 0.757500 0.868750 0.195000 0.253125
0 0.085000 0.875000 0.115000 0.106250
0 0.353750 0.564063 0.242500 0.196875
0 0.345000 0.815625 0.230000 0.200000
0 0.391250 0.279687 0.192500 0.178125
0 0.902500 0.178125 0.185000 0.146875
0 0.583750 0.929688 0.302500 0.150000
0 0.086250 0.117188 0.172500 0.140625
0 0.376250 0.676562 0.102500 0.109375
0 0.060000 0.918750 0.120000 0.153125
0 0.897500 0.315625 0.205000 0.165625
0 0.113750 0.676562 0.117500 0.140625
0 0.952500 0.553125 0.095000 0.159375
0 0.036250 0.417187 0.072500 0.184375
0 0.243750 0.179688 0.287500 0.093750
0 0.287500 0.937500 0.080000 0.112500
0 0.966250 0.920312 0.067500 0.121875
