0 0.605000 0.110937 0.230000 0.159375
0 0.763750 0.610938 0.287500 0.171875
0 0.098750 0.356250 0.197500 0.362500
0 0.941250 0.792188 0.117500 0.171875
0 0.482500 0.481250 0.205000 0.162500
0 0.491250 0.787500 0.237500 0.256250
0 0.187500 0.976562 0.130000 0.046875
0 0.217500 0.157812 0.115000 0.178125
0 0.672500 0.970313 0.205000 0.059375
0 0.073750 0.810937 0.147500 0.190625
0 0.273750 0.400000 0.167500 0.243750
0 0.332500 0.932813 0.185000 0.134375
0 0.535000 0.257812 0.145000 0.284375
0 0.860000 0.128125 0.180000 0.181250
0 0.596250 0.843750 0.302500 0.150000
0 0.081250 0.082812 0.162500 0.140625
0 0.387500 0.617188 0.150000 0.284375
0 0.056250 0.925000 0.112500 0.143750
0 0.932500 0.187500 0.135000 0.225000
0 0.182500 0.648438 0.175000 0.209375
0 0.925000 0.557813 0.125000 0.184375
0 0.272500 0.039062 0.340000 0.078125
0 0.910000 0.935937 0.160000 0.128125
0 0.602500 0.325000 0.085000 0.112500
0 0.598750 0.462500 0.087500 0.156250
