0 0.063750 0.220312 0.127500 0.146875
0 0.556250 0.123438 0.182500 0.178125
0 0.855000 0.485938 0.235000 0.190625
0 0.126250 0.375000 0.197500 0.406250
0 0.661250 0.312500 0.137500 0.268750
0 0.933750 0.773438 0.132500 0.221875
0 0.448750 0.435937 0.157500 0.146875
0 0.563750 0.706250 0.237500 0.256250
0 0.195000 0.848437 0.135000 0.303125
0 0.291250 0.245312 0.132500 0.240625
0 0.726250 0.895312 0.232500 0.209375
0 0.093750 0.843750 0.147500 0.125000
0 0.320000 0.471875 0.215000 0.200000
0 0.306250 0.818750 0.192500 0.243750
0 0.458750 0.259375 0.142500 0.231250
0 0.907500 0.132812 0.185000 0.146875
0 0.606250 0.800000 0.302500 0.150000
0 0.086250 0.073438 0.172500 0.140625
0 0.376250 0.646875 0.122500 0.143750
0 0.058750 0.921875 0.117500 0.150000
0 0.913750 0.257812 0.172500 0.159375
0 0.153750 0.660937 0.097500 0.153125
0 0.945000 0.568750 0.105000 0.168750
0 0.053750 0.532813 0.107500 0.159375
0 0.258750 0.050000 0.282500 0.100000
0 0.296250 0.965625 0.082500 0.068750
0 0.941250 0.945312 0.117500 0.109375
