0 0.620000 0.112500 0.220000 0.168750
0 0.752500 0.614062 0.295000 0.171875
0 0.098750 0.359375 0.197500 0.362500
0 0.940000 0.792188 0.120000 0.171875
0 0.488750 0.487500 0.197500 0.168750
0 0.486250 0.790625 0.237500 0.256250
0 0.187500 0.976562 0.130000 0.046875
0 0.208750 0.145313 0.112500 0.171875
0 0.671250 0.970313 0.207500 0.059375
0 0.073750 0.796875 0.147500 0.218750
0 0.273750 0.393750 0.167500 0.243750
0 0.338750 0.939063 0.187500 0.121875
0 0.543750 0.245312 0.147500 0.265625
0 0.853750 0.126562 0.177500 0.184375
0 0.598750 0.846875 0.302500 0.150000
0 0.067500 0.120313 0.135000 0.146875
0 0.385000 0.614062 0.150000 0.284375
0 0.056250 0.925000 0.112500 0.143750
0 0.936250 0.173437 0.127500 0.234375
0 0.188750 0.632812 0.187500 0.203125
0 0.923750 0.556250 0.127500 0.187500
0 0.273750 0.046875 0.362500 0.093750
0 0.903750 0.935937 0.162500 0.128125
0 0.593750 0.325000 0.087500 0.118750
0 0.597500 0.476562 0.090000 0.178125
