0 0.700000 0.145313 0.150000 0.246875
0 0.698750 0.635938 0.362500 0.165625
0 0.122500 0.314063 0.155000 0.303125
0 0.927500 0.792188 0.145000 0.171875
0 0.585000 0.500000 0.160000 0.187500
0 0.458750 0.812500 0.237500 0.256250
0 0.158750 0.082812 0.127500 0.159375
0 0.093750 0.809375 0.147500 0.231250
0 0.288750 0.343750 0.182500 0.243750
0 0.318750 0.939063 0.187500 0.121875
0 0.581250 0.198437 0.157500 0.209375
0 0.847500 0.118750 0.135000 0.212500
0 0.645000 0.864062 0.225000 0.165625
0 0.025000 0.256250 0.050000 0.181250
0 0.362500 0.606250 0.150000 0.281250
0 0.051250 0.929688 0.102500 0.140625
0 0.951250 0.110937 0.097500 0.221875
0 0.126250 0.573438 0.142500 0.215625
0 0.910000 0.550000 0.145000 0.200000
0 0.413750 0.129688 0.232500 0.184375
0 0.858750 0.928125 0.177500 0.143750
0 0.478750 0.314063 0.107500 0.128125
0 0.556250 0.429688 0.132500 0.153125
