0 0.698750 0.192188 0.157500 0.231250
0 0.592500 0.828125 0.425000 0.168750
0 0.110000 0.259375 0.165000 0.300000
0 0.920000 0.806250 0.160000 0.203125
0 0.730000 0.459375 0.160000 0.187500
0 0.368750 0.842187 0.237500 0.256250
0 0.070000 0.087500 0.140000 0.175000
0 0.116250 0.717187 0.112500 0.353125
0 0.313750 0.304688 0.202500 0.303125
0 0.292500 1.050000 0.230000 0.093750
0 0.531250 0.114062 0.177500 0.171875
0 0.868750 0.167187 0.127500 0.265625
0 0.663750 0.867188 0.182500 0.246875
0 0.025000 0.228125 0.050000 0.181250
0 0.297500 0.534375 0.145000 0.203125
0 0.041250 0.914062 0.082500 0.134375
0 0.906250 0.042188 0.067500 0.109375
0 0.055000 0.562500 0.110000 0.256250
0 0.877500 0.493750 0.160000 0.243750
0 0.328750 0.157812 0.252500 0.146875
0 0.788750 0.901563 0.142500 0.171875
0 0.421250 0.235937 0.127500 0.309375
0 0.617500 0.568750 0.245000 0.209375
0 0.960000 0.137500 0.080000 0.328125
0 0.040000 0.412500 0.080000 0.165625
0 0.548750 0.932813 0.122500 0.140625
