0 0.702500 0.206250 0.155000 0.237500
0 0.597500 0.650000 0.425000 0.156250
0 0.112500 0.306250 0.165000 0.300000
0 0.920000 0.806250 0.160000 0.200000
0 0.727500 0.456250 0.160000 0.187500
0 0.376250 0.821875 0.237500 0.256250
0 0.073750 0.087500 0.147500 0.175000
0 0.118750 0.820312 0.112500 0.353125
0 0.306250 0.328125 0.197500 0.300000
0 0.295000 0.954688 0.225000 0.090625
0 0.542500 0.104688 0.170000 0.184375
0 0.863750 0.212500 0.127500 0.275000
0 0.665000 0.878125 0.180000 0.237500
0 0.025000 0.287500 0.050000 0.181250
0 0.308750 0.543750 0.147500 0.187500
0 0.041250 0.929688 0.082500 0.134375
0 0.907500 0.057813 0.070000 0.115625
0 0.056250 0.635938 0.112500 0.278125
0 0.880000 0.525000 0.160000 0.243750
0 0.346250 0.084375 0.237500 0.168750
0 0.795000 0.901563 0.145000 0.171875
0 0.423750 0.325000 0.122500 0.300000
0 0.608750 0.515625 0.232500 0.206250
0 0.956250 0.257812 0.087500 0.309375
0 0.035000 0.442188 0.070000 0.159375
0 0.551250 0.932813 0.112500 0.128125
