0 0.707500 0.115625 0.145000 0.253125
0 0.695000 0.787500 0.370000 0.165625
0 0.122500 0.259375 0.155000 0.303125
0 0.926250 0.798438 0.147500 0.171875
0 0.610000 0.503125 0.160000 0.187500
0 0.451250 0.832812 0.237500 0.256250
0 0.151250 0.085938 0.132500 0.156250
0 0.096250 0.785937 0.147500 0.231250
0 0.290000 0.331250 0.185000 0.243750
0 0.313750 0.995313 0.187500 0.121875
0 0.583750 0.192188 0.157500 0.209375
0 0.847500 0.093750 0.130000 0.212500
0 0.650000 0.912500 0.210000 0.168750
0 0.025000 0.196875 0.050000 0.181250
0 0.362500 0.562500 0.150000 0.265625
0 0.050000 0.921875 0.100000 0.140625
0 0.951250 0.060937 0.097500 0.212500
0 0.125000 0.553125 0.140000 0.221875
0 0.908750 0.539062 0.147500 0.203125
0 0.416250 0.179688 0.232500 0.190625
0 0.855000 0.962500 0.175000 0.146875
0 0.463750 0.310937 0.107500 0.128125
0 0.547500 0.440625 0.135000 0.162500
