0 0.708750 0.153125 0.142500 0.256250
0 0.692500 0.640625 0.375000 0.162500
0 0.120000 0.314063 0.155000 0.303125
0 0.925000 0.792188 0.150000 0.171875
0 0.630000 0.490625 0.160000 0.187500
0 0.446250 0.812500 0.237500 0.256250
0 0.145000 0.076563 0.135000 0.153125
0 0.098750 0.812500 0.147500 0.231250
0 0.293750 0.334375 0.187500 0.243750
0 0.311250 0.939063 0.187500 0.121875
0 0.586250 0.195312 0.157500 0.209375
0 0.846250 0.118750 0.127500 0.218750
0 0.655000 0.865625 0.200000 0.168750
0 0.025000 0.259375 0.050000 0.181250
0 0.360000 0.593750 0.150000 0.250000
0 0.048750 0.928125 0.097500 0.137500
0 0.948750 0.103125 0.097500 0.206250
0 0.125000 0.582812 0.140000 0.228125
0 0.906250 0.548438 0.147500 0.203125
0 0.416250 0.128125 0.232500 0.193750
0 0.851250 0.925000 0.172500 0.150000
0 0.451250 0.304688 0.107500 0.128125
0 0.543750 0.443750 0.137500 0.168750
