0 0.708750 0.196875 0.147500 0.250000
0 0.631250 0.654687 0.427500 0.153125
0 0.113750 0.309375 0.162500 0.300000
0 0.920000 0.801562 0.160000 0.190625
0 0.722500 0.459375 0.160000 0.187500
0 0.388750 0.821875 0.237500 0.256250
0 0.081250 0.079687 0.162500 0.159375
0 0.121250 0.820312 0.112500 0.346875
0 0.295000 0.323437 0.190000 0.290625
0 0.293750 0.959375 0.212500 0.081250
0 0.561250 0.132812 0.157500 0.209375
0 0.856250 0.187500 0.127500 0.287500
0 0.667500 0.884375 0.180000 0.218750
0 0.025000 0.281250 0.050000 0.181250
0 0.325000 0.548438 0.150000 0.171875
0 0.041250 0.929688 0.082500 0.134375
0 0.912500 0.075000 0.080000 0.150000
0 0.051250 0.667188 0.102500 0.309375
0 0.885000 0.540625 0.160000 0.243750
0 0.382500 0.106250 0.205000 0.212500
0 0.810000 0.907813 0.150000 0.171875
0 0.426250 0.348438 0.107500 0.278125
0 0.591250 0.518750 0.202500 0.193750
0 0.957500 0.281250 0.080000 0.268750
0 0.035000 0.432812 0.070000 0.140625
