0 0.685000 0.232813 0.175000 0.203125
0 0.571250 0.640625 0.417500 0.218750
0 0.102500 0.303125 0.170000 0.300000
0 0.920000 0.818750 0.160000 0.225000
0 0.740000 0.440625 0.170000 0.187500
0 0.331250 0.801562 0.227500 0.234375
0 0.048750 0.104688 0.097500 0.171875
0 0.133750 0.823438 0.112500 0.353125
0 0.335000 0.360938 0.210000 0.309375
0 0.271250 0.946875 0.242500 0.106250
0 0.588750 0.089063 0.177500 0.171875
0 0.897500 0.273438 0.125000 0.246875
0 0.683750 0.825000 0.182500 0.243750
0 0.262500 0.537500 0.120000 0.256250
0 0.031250 0.685937 0.062500 0.196875
0 0.890000 0.501563 0.170000 0.215625
0 0.386250 0.060937 0.267500 0.121875
0 0.750000 0.895312 0.135000 0.171875
0 0.386250 0.248438 0.182500 0.340625
0 0.648750 0.582812 0.257500 0.146875
0 0.970000 0.223438 0.055000 0.378125
0 0.033750 0.456250 0.067500 0.206250
0 0.525000 0.884375 0.160000 0.193750
0 0.045000 0.915625 0.090000 0.168750
