0 0.658750 0.260937 0.177500 0.196875
0 0.513750 0.631250 0.417500 0.218750
0 0.097500 0.300000 0.175000 0.300000
0 0.920000 0.826562 0.160000 0.240625
0 0.711250 0.431250 0.237500 0.187500
0 0.291250 0.753125 0.217500 0.212500
0 0.026250 0.165625 0.052500 0.156250
0 0.190000 0.781250 0.195000 0.231250
0 0.340000 0.332813 0.210000 0.309375
0 0.316250 0.929688 0.272500 0.140625
0 0.645000 0.104688 0.210000 0.171875
0 0.932500 0.290625 0.125000 0.237500
0 0.721250 0.779687 0.182500 0.209375
0 0.252500 0.510938 0.110000 0.265625
0 0.046250 0.734375 0.087500 0.112500
0 0.915000 0.490625 0.160000 0.200000
0 0.438750 0.092188 0.207500 0.184375
0 0.727500 0.895312 0.135000 0.171875
0 0.371250 0.165625 0.137500 0.193750
0 0.670000 0.568750 0.335000 0.112500
0 0.970000 0.223438 0.055000 0.378125
0 0.058750 0.489063 0.117500 0.209375
0 0.565000 0.782813 0.170000 0.215625
0 0.062500 0.912500 0.125000 0.162500
0 0.828750 0.060937 0.162500 0.121875
0 0.501250 0.945312 0.177500 0.109375
