0 0.663750 0.254688 0.177500 0.196875
0 0.531250 0.637500 0.417500 0.218750
0 0.100000 0.303125 0.175000 0.300000
0 0.920000 0.825000 0.160000 0.237500
0 0.716250 0.434375 0.222500 0.187500
0 0.298750 0.765625 0.217500 0.212500
0 0.028750 0.156250 0.057500 0.162500
0 0.176250 0.798438 0.162500 0.278125
0 0.337500 0.339062 0.210000 0.309375
0 0.293750 0.935937 0.262500 0.128125
0 0.632500 0.095312 0.195000 0.171875
0 0.927500 0.295312 0.125000 0.246875
0 0.711250 0.784375 0.182500 0.212500
0 0.255000 0.517188 0.110000 0.265625
0 0.043750 0.725000 0.082500 0.137500
0 0.910000 0.495312 0.170000 0.196875
0 0.430000 0.089063 0.215000 0.178125
0 0.730000 0.898438 0.135000 0.171875
0 0.371250 0.187500 0.152500 0.237500
0 0.666250 0.573438 0.317500 0.121875
0 0.970000 0.223438 0.055000 0.378125
0 0.052500 0.479687 0.105000 0.209375
0 0.545000 0.814063 0.170000 0.215625
0 0.058750 0.915625 0.117500 0.162500
0 0.826250 0.060937 0.162500 0.121875
0 0.486250 0.951562 0.172500 0.096875
