0 0.636250 0.317188 0.177500 0.196875
0 0.473750 0.714063 0.312500 0.212500
0 0.095000 0.262500 0.180000 0.296875
0 0.920000 0.806250 0.160000 0.250000
0 0.746250 0.454688 0.237500 0.187500
0 0.256250 0.748437 0.217500 0.212500
0 0.018750 0.145313 0.037500 0.137500
0 0.135000 0.765625 0.115000 0.140625
0 0.358750 0.292187 0.187500 0.321875
0 0.302500 0.984375 0.265000 0.175000
0 0.710000 0.187500 0.250000 0.209375
0 0.937500 0.250000 0.125000 0.165625
0 0.756250 0.773438 0.182500 0.209375
0 0.238750 0.373437 0.097500 0.328125
0 0.043750 0.757812 0.082500 0.100000
0 0.935000 0.453125 0.130000 0.209375
0 0.471250 0.139063 0.207500 0.184375
0 0.722500 0.884375 0.135000 0.171875
0 0.413750 0.092188 0.132500 0.146875
0 0.653750 0.673438 0.342500 0.146875
0 0.970000 0.068750 0.055000 0.378125
0 0.090000 0.546875 0.175000 0.159375
0 0.571250 0.757812 0.187500 0.215625
0 0.073750 0.920312 0.147500 0.156250
0 0.831250 0.101562 0.162500 0.121875
0 0.513750 0.989062 0.202500 0.137500
