0 0.688750 0.229687 0.172500 0.209375
0 0.576250 0.785937 0.417500 0.218750
0 0.105000 0.259375 0.170000 0.300000
0 0.920000 0.806250 0.160000 0.221875
0 0.742500 0.450000 0.160000 0.187500
0 0.342500 0.834375 0.235000 0.250000
0 0.058750 0.073438 0.117500 0.171875
0 0.118750 0.717187 0.112500 0.353125
0 0.330000 0.328125 0.210000 0.309375
0 0.273750 1.048437 0.237500 0.100000
0 0.573750 0.114062 0.177500 0.171875
0 0.887500 0.215625 0.125000 0.246875
0 0.678750 0.829688 0.182500 0.246875
0 0.267500 0.500000 0.130000 0.246875
0 0.027500 0.596875 0.055000 0.206250
0 0.882500 0.487500 0.165000 0.228125
0 0.341250 0.167187 0.267500 0.096875
0 0.760000 0.890625 0.135000 0.171875
0 0.406250 0.198437 0.182500 0.340625
0 0.642500 0.650000 0.245000 0.159375
0 0.970000 0.068750 0.055000 0.378125
0 0.048750 0.417187 0.097500 0.193750
0 0.535000 0.909375 0.155000 0.178125
0 0.040000 0.865625 0.080000 0.184375
