0 0.552500 0.443750 0.180000 0.134375
0 0.530000 0.718750 0.345000 0.165625
0 0.066250 0.307812 0.132500 0.178125
0 0.917500 0.812500 0.160000 0.278125
0 0.838750 0.442188 0.237500 0.187500
0 0.107500 0.693750 0.215000 0.234375
0 0.102500 0.846875 0.155000 0.140625
0 0.353750 0.298438 0.152500 0.343750
0 0.316250 0.970313 0.232500 0.168750
0 0.790000 0.243750 0.185000 0.184375
0 0.816250 0.695312 0.182500 0.209375
0 0.238750 0.414062 0.157500 0.162500
0 0.578750 0.214062 0.217500 0.290625
0 0.733750 0.864062 0.167500 0.237500
0 0.495000 0.112500 0.120000 0.190625
0 0.671250 0.501563 0.187500 0.146875
0 0.046250 0.457813 0.092500 0.162500
0 0.417500 0.771875 0.210000 0.215625
0 0.055000 0.900000 0.110000 0.103125
0 0.853750 0.107813 0.172500 0.125000
0 0.545000 0.906250 0.170000 0.200000
0 0.096250 1.032812 0.192500 0.087500
0 0.438750 0.076563 0.117500 0.090625
