0 0.541250 0.442188 0.172500 0.131250
0 0.537500 0.718750 0.345000 0.165625
0 0.066250 0.317188 0.132500 0.178125
0 0.917500 0.815625 0.160000 0.278125
0 0.838750 0.451562 0.237500 0.187500
0 0.103750 0.689063 0.207500 0.231250
0 0.103750 0.845313 0.147500 0.143750
0 0.348750 0.301563 0.152500 0.343750
0 0.317500 0.968750 0.230000 0.168750
0 0.772500 0.228125 0.160000 0.175000
0 0.818750 0.692187 0.182500 0.209375
0 0.246250 0.410938 0.127500 0.140625
0 0.588750 0.189062 0.207500 0.309375
0 0.732500 0.850000 0.160000 0.243750
0 0.495000 0.121875 0.120000 0.190625
0 0.663750 0.501563 0.187500 0.146875
0 0.046250 0.457813 0.092500 0.162500
0 0.415000 0.768750 0.210000 0.215625
0 0.055000 0.903125 0.110000 0.103125
0 0.858750 0.110937 0.177500 0.128125
0 0.543750 0.898438 0.172500 0.209375
0 0.096250 1.032812 0.192500 0.087500
0 0.442500 0.075000 0.115000 0.103125
