0 0.602500 0.415625 0.195000 0.153125
0 0.487500 0.712500 0.345000 0.165625
0 0.075000 0.275000 0.150000 0.203125
0 0.920000 0.806250 0.160000 0.278125
0 0.828750 0.423438 0.237500 0.187500
0 0.126250 0.710938 0.247500 0.231250
0 0.085000 0.781250 0.130000 0.125000
0 0.373750 0.282813 0.152500 0.343750
0 0.306250 0.967187 0.237500 0.168750
0 0.776250 0.245312 0.207500 0.193750
0 0.803750 0.717187 0.182500 0.209375
0 0.238750 0.376563 0.167500 0.250000
0 0.032500 0.778125 0.065000 0.081250
0 0.973750 0.367188 0.052500 0.146875
0 0.548750 0.229687 0.197500 0.275000
0 0.728750 0.879687 0.167500 0.212500
0 0.500000 0.078125 0.125000 0.178125
0 0.695000 0.559375 0.255000 0.146875
0 0.085000 0.506250 0.170000 0.159375
0 0.440000 0.784375 0.210000 0.215625
0 0.092500 0.931250 0.185000 0.103125
0 0.843750 0.101562 0.162500 0.121875
0 0.530000 0.953125 0.195000 0.168750
0 0.095000 1.037500 0.190000 0.081250
