0 0.436250 0.523438 0.117500 0.190625
0 0.602500 0.675000 0.255000 0.237500
0 0.070000 0.281250 0.135000 0.178125
0 0.920000 0.803125 0.160000 0.278125
0 0.870000 0.481250 0.200000 0.218750
0 0.053750 0.645312 0.107500 0.212500
0 0.127500 0.878125 0.110000 0.131250
0 0.320000 0.434375 0.155000 0.318750
0 0.345000 0.925000 0.180000 0.175000
0 0.835000 0.693750 0.195000 0.221875
0 0.575000 0.287500 0.180000 0.209375
0 0.743750 0.823438 0.142500 0.256250
0 0.480000 0.246875 0.145000 0.228125
0 0.595000 0.471875 0.215000 0.178125
0 0.265000 0.765625 0.210000 0.215625
0 0.050000 0.950000 0.100000 0.087500
0 0.886250 0.120313 0.192500 0.137500
0 0.537500 0.850000 0.180000 0.256250
0 0.087500 1.031250 0.175000 0.078125
0 0.460000 0.146875 0.165000 0.137500
0 0.747500 0.318750 0.225000 0.134375
0 0.676250 0.189062 0.162500 0.143750
0 0.037500 0.843750 0.070000 0.109375
0 0.290000 0.125000 0.200000 0.175000
0 0.067500 0.087500 0.135000 0.181250
0 0.180000 0.518750 0.095000 0.084375
0 0.217500 0.446875 0.090000 0.087500
