0 0.438750 0.557813 0.117500 0.190625
0 0.605000 0.634375 0.255000 0.237500
0 0.070000 0.279687 0.135000 0.178125
0 0.920000 0.842187 0.160000 0.278125
0 0.870000 0.467187 0.200000 0.215625
0 0.050000 0.685937 0.100000 0.209375
0 0.121250 0.856250 0.112500 0.131250
0 0.325000 0.493750 0.155000 0.318750
0 0.348750 0.896875 0.177500 0.175000
0 0.836250 0.685937 0.187500 0.221875
0 0.547500 0.314063 0.180000 0.209375
0 0.743750 0.865625 0.142500 0.256250
0 0.477500 0.284375 0.145000 0.225000
0 0.602500 0.426563 0.215000 0.178125
0 0.270000 0.739062 0.210000 0.215625
0 0.047500 0.940625 0.095000 0.081250
0 0.886250 0.068750 0.192500 0.137500
0 0.538750 0.862500 0.182500 0.256250
0 0.086250 0.960938 0.172500 0.078125
0 0.461250 0.120313 0.177500 0.134375
0 0.751250 0.253125 0.242500 0.143750
0 0.663750 0.181250 0.182500 0.137500
0 0.043750 0.854688 0.082500 0.109375
0 0.282500 0.093750 0.215000 0.187500
0 0.067500 0.092188 0.135000 0.178125
0 0.175000 0.504687 0.110000 0.084375
0 0.218750 0.432812 0.092500 0.090625
0 0.206250 0.950000 0.092500 0.100000
0 0.962500 0.248438 0.075000 0.159375
