0 0.421250 0.654687 0.172500 0.221875
0 0.607500 0.634375 0.255000 0.237500
0 0.085000 0.251563 0.110000 0.165625
0 0.871250 0.473438 0.202500 0.203125
0 0.022500 0.707812 0.045000 0.184375
0 0.103750 0.728125 0.112500 0.131250
0 0.347500 0.429688 0.160000 0.309375
0 0.352500 0.903125 0.170000 0.175000
0 0.856250 0.700000 0.152500 0.237500
0 0.465000 0.429688 0.180000 0.209375
0 0.748750 0.868750 0.147500 0.243750
0 0.451250 0.423438 0.137500 0.209375
0 0.635000 0.429688 0.215000 0.178125
0 0.290000 0.714063 0.210000 0.215625
0 0.047500 0.926562 0.095000 0.078125
0 0.896250 0.068750 0.192500 0.137500
0 0.545000 0.854688 0.195000 0.265625
0 0.082500 0.960938 0.165000 0.078125
0 0.491250 0.120313 0.187500 0.140625
0 0.830000 0.279687 0.180000 0.153125
0 0.647500 0.229687 0.240000 0.184375
0 0.090000 0.864062 0.135000 0.109375
0 0.045000 0.087500 0.090000 0.168750
0 0.121250 0.514062 0.152500 0.140625
0 0.177500 0.435937 0.110000 0.109375
0 0.238750 0.882812 0.137500 0.190625
0 0.960000 0.295312 0.080000 0.203125
0 0.971250 0.721875 0.057500 0.181250
0 0.917500 0.915625 0.165000 0.168750
0 0.098750 0.365625 0.197500 0.087500
0 0.037500 0.510938 0.075000 0.134375
0 0.365000 0.056250 0.085000 0.100000
0 0.278750 0.068750 0.092500 0.137500
