0 0.395000 0.696875 0.155000 0.206250
0 0.632500 0.656250 0.275000 0.193750
0 0.121250 0.154688 0.172500 0.275000
0 0.878750 0.542188 0.202500 0.193750
0 0.016250 0.726562 0.032500 0.193750
0 0.071250 0.717187 0.127500 0.159375
0 0.425000 0.284375 0.165000 0.200000
0 0.335000 0.925000 0.170000 0.175000
0 0.905000 0.709375 0.120000 0.168750
0 0.503750 0.460938 0.097500 0.140625
0 0.780000 0.837500 0.170000 0.209375
0 0.378750 0.489063 0.152500 0.143750
0 0.647500 0.468750 0.215000 0.178125
0 0.290000 0.700000 0.210000 0.215625
0 0.903750 0.114062 0.182500 0.140625
0 0.581250 0.798438 0.212500 0.215625
0 0.078750 1.020312 0.157500 0.078125
0 0.606250 0.151562 0.242500 0.062500
0 0.863750 0.360938 0.197500 0.178125
0 0.588750 0.229687 0.172500 0.237500
0 0.125000 0.884375 0.135000 0.109375
0 0.051250 0.479687 0.102500 0.181250
0 0.091250 0.417187 0.132500 0.146875
0 0.271250 0.826562 0.177500 0.228125
0 0.973750 0.217188 0.052500 0.206250
0 0.966250 0.782813 0.067500 0.115625
0 0.882500 1.028125 0.235000 0.118750
0 0.293750 0.289062 0.137500 0.203125
0 0.160000 0.300000 0.125000 0.109375
0 0.310000 0.062500 0.100000 0.128125
0 0.212500 0.100000 0.105000 0.162500
0 0.043750 0.135937 0.087500 0.175000
0 0.057500 0.068750 0.110000 0.068750
0 0.387500 0.109375 0.160000 0.156250
0 0.617500 1.025000 0.125000 0.053125
