0 0.398750 0.639062 0.192500 0.231250
0 0.610000 0.675000 0.255000 0.237500
0 0.100000 0.221875 0.105000 0.168750
0 0.871250 0.504687 0.202500 0.196875
0 0.018750 0.654687 0.037500 0.190625
0 0.096250 0.717187 0.112500 0.131250
0 0.357500 0.356250 0.185000 0.240625
0 0.347500 0.921875 0.170000 0.175000
0 0.867500 0.668750 0.140000 0.234375
0 0.473750 0.442188 0.162500 0.196875
0 0.752500 0.843750 0.150000 0.237500
0 0.425000 0.434375 0.145000 0.178125
0 0.632500 0.496875 0.215000 0.178125
0 0.292500 0.725000 0.210000 0.215625
0 0.047500 0.946875 0.095000 0.078125
0 0.897500 0.118750 0.190000 0.137500
0 0.550000 0.843750 0.200000 0.268750
0 0.081250 1.023438 0.162500 0.078125
0 0.521250 0.142187 0.187500 0.156250
0 0.837500 0.318750 0.180000 0.153125
0 0.640000 0.303125 0.250000 0.196875
0 0.107500 0.900000 0.135000 0.109375
0 0.045000 0.059375 0.090000 0.168750
0 0.113750 0.539062 0.152500 0.140625
0 0.160000 0.440625 0.110000 0.109375
0 0.261250 0.870313 0.177500 0.209375
0 0.965000 0.237500 0.070000 0.200000
0 0.971250 0.689063 0.057500 0.168750
0 0.917500 0.940625 0.165000 0.162500
0 0.121250 0.448437 0.242500 0.096875
0 0.037500 0.475000 0.075000 0.134375
0 0.345000 0.056250 0.085000 0.100000
0 0.265000 0.065625 0.105000 0.162500
