0 0.411250 0.753125 0.147500 0.200000
0 0.623750 0.529687 0.192500 0.246875
0 0.291250 0.206250 0.212500 0.325000
0 0.878750 0.531250 0.202500 0.193750
0 0.041250 0.864062 0.082500 0.146875
0 0.047500 0.710938 0.095000 0.140625
0 0.507500 0.250000 0.165000 0.200000
0 0.271250 0.925000 0.202500 0.150000
0 0.943750 0.745313 0.107500 0.153125
0 0.481250 0.498437 0.097500 0.140625
0 0.800000 0.825000 0.190000 0.181250
0 0.358750 0.503125 0.147500 0.168750
0 0.687500 0.354687 0.235000 0.178125
0 0.203750 0.654687 0.177500 0.196875
0 0.910000 0.070312 0.175000 0.140625
0 0.678750 0.673438 0.212500 0.215625
0 0.077500 0.960938 0.155000 0.078125
0 0.652500 0.040625 0.240000 0.081250
0 0.906250 0.385937 0.177500 0.121875
0 0.646250 0.190625 0.147500 0.225000
0 0.158750 0.810937 0.167500 0.090625
0 0.026250 0.464062 0.052500 0.165625
0 0.080000 0.415625 0.130000 0.231250
0 0.340000 0.779687 0.220000 0.134375
0 0.963750 0.257812 0.072500 0.171875
0 0.866250 0.943750 0.267500 0.112500
0 0.345000 0.293750 0.150000 0.218750
0 0.212500 0.429688 0.140000 0.140625
0 0.331250 0.039062 0.122500 0.078125
0 0.187500 0.181250 0.105000 0.162500
0 0.070000 0.237500 0.135000 0.193750
0 0.316250 0.168750 0.162500 0.156250
0 0.642500 0.953125 0.105000 0.093750
0 0.486250 0.642188 0.137500 0.178125
0 0.555000 0.850000 0.125000 0.187500
0 0.055000 0.060937 0.110000 0.121875
