0 0.411250 0.770312 0.147500 0.200000
0 0.623750 0.504687 0.192500 0.246875
0 0.308750 0.157812 0.212500 0.325000
0 0.885000 0.550000 0.190000 0.184375
0 0.036250 0.826562 0.072500 0.153125
0 0.043750 0.689063 0.087500 0.131250
0 0.527500 0.246875 0.165000 0.187500
0 0.263750 0.964063 0.182500 0.150000
0 0.951250 0.732812 0.097500 0.146875
0 0.471250 0.492188 0.097500 0.140625
0 0.805000 0.856250 0.190000 0.181250
0 0.343750 0.529687 0.152500 0.168750
0 0.713750 0.398438 0.227500 0.171875
0 0.177500 0.737500 0.200000 0.165625
0 0.912500 0.106250 0.170000 0.140625
0 0.698750 0.704688 0.212500 0.215625
0 0.076250 1.017187 0.152500 0.078125
0 0.672500 0.150000 0.240000 0.090625
0 0.920000 0.431250 0.155000 0.121875
0 0.686250 0.185938 0.157500 0.193750
0 0.171250 0.882812 0.192500 0.090625
0 0.023750 0.389062 0.047500 0.178125
0 0.075000 0.384375 0.115000 0.231250
0 0.357500 0.853125 0.220000 0.134375
0 0.967500 0.206250 0.065000 0.175000
0 0.862500 1.062500 0.275000 0.109375
0 0.360000 0.265625 0.160000 0.209375
0 0.253750 0.445312 0.147500 0.153125
0 0.347500 0.081250 0.130000 0.071875
0 0.175000 0.218750 0.105000 0.162500
0 0.075000 0.259375 0.135000 0.193750
0 0.312500 0.196875 0.165000 0.159375
0 0.647500 0.940625 0.100000 0.115625
0 0.473750 0.648438 0.137500 0.181250
0 0.562500 0.778125 0.115000 0.268750
0 0.057500 0.071875 0.115000 0.150000
0 0.603750 0.879687 0.092500 0.106250
