0 0.408750 0.714063 0.147500 0.200000
0 0.627500 0.581250 0.225000 0.225000
0 0.223750 0.176563 0.212500 0.325000
0 0.878750 0.554688 0.202500 0.193750
0 0.041250 0.848437 0.082500 0.146875
0 0.055000 0.712500 0.110000 0.159375
0 0.462500 0.265625 0.165000 0.200000
0 0.307500 0.965625 0.195000 0.156250
0 0.933750 0.735938 0.117500 0.165625
0 0.493750 0.479687 0.097500 0.140625
0 0.792500 0.850000 0.190000 0.181250
0 0.381250 0.489063 0.147500 0.168750
0 0.667500 0.425000 0.215000 0.178125
0 0.246250 0.673438 0.187500 0.203125
0 0.906250 0.110937 0.177500 0.140625
0 0.613750 0.757812 0.212500 0.215625
0 0.077500 1.018750 0.155000 0.078125
0 0.623750 0.151562 0.242500 0.065625
0 0.877500 0.384375 0.195000 0.165625
0 0.598750 0.170313 0.127500 0.253125
0 0.150000 0.865625 0.135000 0.109375
0 0.035000 0.440625 0.070000 0.175000
0 0.081250 0.389062 0.132500 0.231250
0 0.312500 0.843750 0.215000 0.150000
0 0.965000 0.228125 0.070000 0.178125
0 0.977500 0.803125 0.045000 0.106250
0 0.872500 1.046875 0.255000 0.112500
0 0.318750 0.279687 0.127500 0.243750
0 0.182500 0.387500 0.125000 0.109375
0 0.301250 0.067187 0.107500 0.131250
0 0.200000 0.109375 0.105000 0.162500
0 0.060000 0.181250 0.120000 0.178125
0 0.350000 0.153125 0.160000 0.156250
0 0.628750 1.007812 0.112500 0.062500
0 0.478750 0.623437 0.132500 0.168750
0 0.507500 0.912500 0.115000 0.125000
0 0.043750 0.054688 0.087500 0.075000
