0 0.411250 0.759375 0.147500 0.200000
0 0.623750 0.523438 0.192500 0.246875
0 0.296250 0.196875 0.212500 0.325000
0 0.880000 0.526563 0.200000 0.190625
0 0.041250 0.860938 0.082500 0.146875
0 0.047500 0.707812 0.095000 0.134375
0 0.512500 0.248438 0.165000 0.196875
0 0.263750 0.925000 0.202500 0.150000
0 0.945000 0.745313 0.105000 0.153125
0 0.478750 0.498437 0.097500 0.140625
0 0.800000 0.825000 0.190000 0.181250
0 0.356250 0.506250 0.147500 0.168750
0 0.692500 0.351562 0.240000 0.178125
0 0.196250 0.657813 0.177500 0.196875
0 0.911250 0.070312 0.172500 0.140625
0 0.683750 0.673438 0.212500 0.215625
0 0.077500 0.960938 0.155000 0.078125
0 0.657500 0.042188 0.240000 0.084375
0 0.911250 0.389062 0.172500 0.121875
0 0.656250 0.187500 0.152500 0.218750
0 0.157500 0.809375 0.175000 0.087500
0 0.025000 0.460938 0.050000 0.165625
0 0.077500 0.418750 0.125000 0.231250
0 0.345000 0.782813 0.220000 0.134375
0 0.963750 0.254688 0.072500 0.171875
0 0.865000 0.943750 0.270000 0.112500
0 0.346250 0.285938 0.157500 0.209375
0 0.217500 0.443750 0.145000 0.150000
0 0.337500 0.037500 0.125000 0.075000
0 0.185000 0.193750 0.105000 0.162500
0 0.072500 0.246875 0.135000 0.193750
0 0.313750 0.168750 0.162500 0.156250
0 0.643750 0.948438 0.102500 0.103125
0 0.486250 0.643750 0.137500 0.181250
0 0.560000 0.843750 0.125000 0.200000
0 0.056250 0.065625 0.112500 0.131250
