0 0.403750 0.710938 0.147500 0.200000
0 0.630000 0.612500 0.245000 0.212500
0 0.161250 0.145313 0.212500 0.325000
0 0.878750 0.548438 0.202500 0.193750
0 0.030000 0.796875 0.060000 0.168750
0 0.063750 0.720313 0.127500 0.159375
0 0.445000 0.275000 0.165000 0.200000
0 0.326250 0.935937 0.177500 0.171875
0 0.927500 0.721875 0.120000 0.168750
0 0.498750 0.470313 0.097500 0.140625
0 0.788750 0.848437 0.187500 0.181250
0 0.382500 0.487500 0.150000 0.159375
0 0.662500 0.440625 0.215000 0.178125
0 0.270000 0.687500 0.200000 0.209375
0 0.905000 0.112500 0.180000 0.140625
0 0.601250 0.773438 0.212500 0.215625
0 0.078750 1.020312 0.157500 0.078125
0 0.613750 0.151562 0.242500 0.062500
0 0.866250 0.367188 0.197500 0.178125
0 0.593750 0.192188 0.142500 0.246875
0 0.142500 0.878125 0.135000 0.109375
0 0.038750 0.454688 0.077500 0.178125
0 0.081250 0.395313 0.132500 0.218750
0 0.288750 0.823438 0.187500 0.218750
0 0.968750 0.223438 0.062500 0.190625
0 0.972500 0.793750 0.055000 0.109375
0 0.875000 1.040625 0.250000 0.115625
0 0.305000 0.284375 0.130000 0.231250
0 0.170000 0.356250 0.125000 0.109375
0 0.347500 0.056250 0.090000 0.112500
0 0.205000 0.096875 0.105000 0.162500
0 0.055000 0.159375 0.110000 0.168750
0 0.042500 0.050000 0.080000 0.056250
0 0.375000 0.128125 0.160000 0.156250
0 0.623750 1.014063 0.117500 0.059375
0 0.472500 0.615625 0.130000 0.162500
