0 0.411250 0.739062 0.147500 0.200000
0 0.623750 0.532813 0.192500 0.246875
0 0.288750 0.182812 0.212500 0.325000
0 0.878750 0.557813 0.202500 0.193750
0 0.041250 0.842187 0.082500 0.146875
0 0.047500 0.703125 0.095000 0.143750
0 0.502500 0.256250 0.165000 0.200000
0 0.276250 0.976562 0.202500 0.150000
0 0.941250 0.735938 0.107500 0.156250
0 0.483750 0.485938 0.097500 0.140625
0 0.797500 0.853125 0.190000 0.181250
0 0.363750 0.507812 0.147500 0.168750
0 0.685000 0.415625 0.230000 0.178125
0 0.211250 0.667188 0.177500 0.196875
0 0.910000 0.109375 0.175000 0.140625
0 0.671250 0.704688 0.212500 0.215625
0 0.077500 1.018750 0.155000 0.078125
0 0.647500 0.150000 0.240000 0.078125
0 0.903750 0.435937 0.182500 0.121875
0 0.638750 0.170313 0.142500 0.231250
0 0.157500 0.865625 0.160000 0.093750
0 0.027500 0.418750 0.055000 0.168750
0 0.081250 0.382812 0.132500 0.231250
0 0.335000 0.850000 0.220000 0.134375
0 0.963750 0.220312 0.072500 0.171875
0 0.867500 1.053125 0.265000 0.112500
0 0.346250 0.276562 0.142500 0.228125
0 0.208750 0.439063 0.137500 0.131250
0 0.327500 0.075000 0.120000 0.078125
0 0.190000 0.156250 0.105000 0.162500
0 0.070000 0.218750 0.135000 0.193750
0 0.316250 0.192188 0.162500 0.156250
0 0.640000 0.975000 0.105000 0.090625
0 0.486250 0.635938 0.137500 0.175000
0 0.547500 0.840625 0.125000 0.178125
0 0.052500 0.065625 0.105000 0.115625
