0 0.371250 0.962500 0.142500 0.075000
0 0.695000 0.456250 0.160000 0.168750
0 0.251250 0.326562 0.222500 0.196875
0 0.917500 0.545312 0.165000 0.165625
0 0.065000 0.668750 0.130000 0.106250
0 0.532500 0.210938 0.175000 0.165625
0 0.233750 0.931250 0.157500 0.137500
0 0.963750 0.725000 0.072500 0.137500
0 0.491250 0.545312 0.097500 0.140625
0 0.818750 0.837500 0.142500 0.168750
0 0.321250 0.634375 0.162500 0.206250
0 0.718750 0.321875 0.202500 0.162500
0 0.128750 0.735938 0.227500 0.090625
0 0.921250 0.071875 0.157500 0.143750
0 0.763750 0.610938 0.202500 0.178125
0 0.073750 0.960938 0.147500 0.078125
0 0.755000 0.075000 0.180000 0.150000
0 0.950000 0.423438 0.100000 0.096875
0 0.776250 0.209375 0.232500 0.156250
0 0.218750 0.784375 0.207500 0.093750
0 0.012500 0.403125 0.025000 0.168750
0 0.065000 0.473438 0.095000 0.228125
0 0.390000 0.798438 0.220000 0.134375
0 0.953750 0.273438 0.092500 0.196875
0 0.873750 0.939063 0.252500 0.121875
0 0.481250 0.326562 0.127500 0.303125
0 0.413750 0.498437 0.147500 0.153125
0 0.385000 0.034375 0.135000 0.068750
0 0.302500 0.390625 0.195000 0.181250
0 0.122500 0.365625 0.140000 0.193750
0 0.306250 0.184375 0.172500 0.175000
0 0.661250 0.853125 0.117500 0.206250
0 0.477500 0.670312 0.135000 0.178125
0 0.616250 0.757812 0.112500 0.378125
0 0.056250 0.135937 0.112500 0.215625
0 0.071250 0.575000 0.132500 0.087500
0 0.596250 0.043750 0.172500 0.087500
0 0.856250 0.359375 0.067500 0.106250
0 0.786250 0.390625 0.057500 0.087500
0 0.203750 0.056250 0.152500 0.112500
