0 0.381250 0.998437 0.142500 0.090625
0 0.660000 0.478125 0.190000 0.234375
0 0.256250 0.407813 0.302500 0.200000
0 0.907500 0.546875 0.165000 0.165625
0 0.025000 0.800000 0.050000 0.165625
0 0.063750 0.698438 0.127500 0.109375
0 0.545000 0.234375 0.170000 0.168750
0 0.236250 0.954688 0.157500 0.143750
0 0.963750 0.707812 0.072500 0.146875
0 0.536250 0.498437 0.097500 0.140625
0 0.822500 0.837500 0.155000 0.178125
0 0.321250 0.620313 0.162500 0.206250
0 0.726250 0.370312 0.202500 0.162500
0 0.125000 0.831250 0.225000 0.096875
0 0.918750 0.101562 0.162500 0.143750
0 0.765000 0.665625 0.210000 0.209375
0 0.073750 1.014063 0.147500 0.078125
0 0.737500 0.125000 0.200000 0.140625
0 0.948750 0.426563 0.102500 0.100000
0 0.768750 0.276562 0.232500 0.156250
0 0.208750 0.870313 0.207500 0.093750
0 0.015000 0.337500 0.030000 0.178125
0 0.065000 0.403125 0.095000 0.228125
0 0.377500 0.865625 0.220000 0.134375
0 0.953750 0.232813 0.092500 0.181250
0 0.850000 1.081250 0.300000 0.106250
0 0.462500 0.150000 0.095000 0.334375
0 0.398750 0.482812 0.147500 0.153125
0 0.385000 0.084375 0.135000 0.068750
0 0.266250 0.351562 0.142500 0.215625
0 0.115000 0.343750 0.135000 0.193750
0 0.298750 0.217188 0.177500 0.162500
0 0.661250 0.835938 0.107500 0.206250
0 0.466250 0.660937 0.137500 0.181250
0 0.598750 0.664062 0.112500 0.378125
0 0.061250 0.079687 0.122500 0.215625
0 0.058750 0.601562 0.112500 0.087500
0 0.603750 0.107813 0.172500 0.075000
0 0.813750 0.395313 0.067500 0.106250
0 0.753750 0.442188 0.057500 0.100000
0 0.206250 0.095312 0.152500 0.100000
