0 0.371250 1.014063 0.142500 0.075000
0 0.697500 0.471875 0.155000 0.162500
0 0.251250 0.360938 0.212500 0.196875
0 0.920000 0.562500 0.160000 0.165625
0 0.065000 0.696875 0.130000 0.106250
0 0.532500 0.234375 0.175000 0.165625
0 0.233750 0.960938 0.157500 0.137500
0 0.963750 0.701562 0.072500 0.137500
0 0.493750 0.542188 0.097500 0.140625
0 0.817500 0.840625 0.140000 0.165625
0 0.321250 0.635938 0.162500 0.206250
0 0.716250 0.367188 0.202500 0.162500
0 0.131250 0.832812 0.227500 0.090625
0 0.921250 0.098437 0.157500 0.143750
0 0.763750 0.648438 0.202500 0.178125
0 0.073750 1.014063 0.147500 0.078125
0 0.756250 0.114062 0.182500 0.150000
0 0.950000 0.437500 0.100000 0.096875
0 0.780000 0.275000 0.230000 0.156250
0 0.218750 0.867188 0.207500 0.093750
0 0.012500 0.334375 0.025000 0.168750
0 0.062500 0.421875 0.095000 0.228125
0 0.392500 0.868750 0.220000 0.134375
0 0.953750 0.232813 0.092500 0.196875
0 0.876250 1.029688 0.247500 0.125000
0 0.483750 0.267188 0.132500 0.300000
0 0.413750 0.517188 0.147500 0.153125
0 0.385000 0.084375 0.135000 0.068750
0 0.305000 0.428125 0.200000 0.178125
0 0.123750 0.357812 0.142500 0.193750
0 0.306250 0.204687 0.172500 0.175000
0 0.661250 0.823438 0.117500 0.206250
0 0.478750 0.667188 0.132500 0.175000
0 0.618750 0.639062 0.112500 0.378125
0 0.055000 0.096875 0.110000 0.215625
0 0.072500 0.615625 0.135000 0.087500
0 0.596250 0.107813 0.172500 0.090625
0 0.856250 0.351562 0.067500 0.106250
0 0.786250 0.382812 0.057500 0.087500
0 0.203750 0.095312 0.152500 0.112500
