0 0.361250 1.014063 0.142500 0.075000
0 0.715000 0.468750 0.145000 0.140625
0 0.242500 0.346875 0.170000 0.200000
0 0.930000 0.546875 0.140000 0.168750
0 0.063750 0.692187 0.127500 0.106250
0 0.523750 0.235937 0.177500 0.162500
0 0.231250 0.964063 0.157500 0.134375
0 0.963750 0.698438 0.072500 0.131250
0 0.511250 0.570312 0.097500 0.140625
0 0.813750 0.845313 0.132500 0.159375
0 0.331250 0.639062 0.162500 0.206250
0 0.713750 0.364063 0.202500 0.162500
0 0.133750 0.829688 0.227500 0.090625
0 0.921250 0.098437 0.157500 0.143750
0 0.768750 0.642188 0.202500 0.178125
0 0.073750 1.014063 0.147500 0.078125
0 0.758750 0.120313 0.187500 0.153125
0 0.950000 0.443750 0.100000 0.096875
0 0.793750 0.273438 0.217500 0.156250
0 0.226250 0.864062 0.207500 0.093750
0 0.012500 0.334375 0.025000 0.168750
0 0.060000 0.428125 0.095000 0.228125
0 0.402500 0.868750 0.220000 0.134375
0 0.953750 0.232813 0.092500 0.206250
0 0.888750 1.004687 0.222500 0.134375
0 0.490000 0.303125 0.140000 0.290625
0 0.418750 0.532813 0.147500 0.153125
0 0.313750 0.420312 0.187500 0.175000
0 0.132500 0.371875 0.155000 0.193750
0 0.310000 0.196875 0.170000 0.181250
0 0.661250 0.814063 0.117500 0.206250
0 0.483750 0.673438 0.127500 0.168750
0 0.628750 0.626563 0.112500 0.378125
0 0.051250 0.104688 0.102500 0.215625
0 0.080000 0.621875 0.145000 0.087500
0 0.592500 0.109375 0.175000 0.096875
0 0.858750 0.354687 0.067500 0.106250
0 0.786250 0.379688 0.057500 0.087500
0 0.201250 0.095312 0.152500 0.121875
