0 0.385000 0.943750 0.145000 0.112500
0 0.646250 0.482812 0.192500 0.246875
0 0.278750 0.306250 0.262500 0.256250
0 0.900000 0.514062 0.165000 0.165625
0 0.025000 0.851562 0.050000 0.165625
0 0.047500 0.678125 0.095000 0.118750
0 0.556250 0.215625 0.167500 0.168750
0 0.238750 0.926562 0.157500 0.146875
0 0.960000 0.735938 0.080000 0.146875
0 0.503750 0.498437 0.097500 0.140625
0 0.817500 0.829688 0.165000 0.178125
0 0.318750 0.604688 0.167500 0.196875
0 0.731250 0.325000 0.202500 0.162500
0 0.123750 0.743750 0.222500 0.118750
0 0.917500 0.071875 0.165000 0.143750
0 0.751250 0.645312 0.212500 0.215625
0 0.075000 0.960938 0.150000 0.078125
0 0.722500 0.065625 0.215000 0.131250
0 0.943750 0.409375 0.112500 0.106250
0 0.761250 0.209375 0.232500 0.156250
0 0.208750 0.803125 0.207500 0.093750
0 0.017500 0.414062 0.035000 0.190625
0 0.067500 0.451562 0.095000 0.228125
0 0.377500 0.792188 0.220000 0.134375
0 0.957500 0.260937 0.085000 0.178125
0 0.852500 0.946875 0.295000 0.106250
0 0.437500 0.231250 0.115000 0.300000
0 0.383750 0.439063 0.147500 0.153125
0 0.377500 0.034375 0.135000 0.068750
0 0.235000 0.337500 0.135000 0.218750
0 0.107500 0.353125 0.135000 0.193750
0 0.302500 0.184375 0.175000 0.162500
0 0.660000 0.889062 0.090000 0.203125
0 0.456250 0.668750 0.137500 0.181250
0 0.581250 0.789062 0.112500 0.378125
0 0.062500 0.101562 0.125000 0.203125
0 0.758750 0.615625 0.117500 0.093750
0 0.048750 0.575000 0.097500 0.087500
