0 0.348750 1.014063 0.142500 0.075000
0 0.730000 0.465625 0.145000 0.140625
0 0.196250 0.407813 0.172500 0.237500
0 0.938750 0.542188 0.122500 0.171875
0 0.061250 0.689063 0.122500 0.106250
0 0.515000 0.234375 0.180000 0.162500
0 0.231250 0.970313 0.157500 0.128125
0 0.963750 0.692187 0.072500 0.125000
0 0.531250 0.607812 0.097500 0.140625
0 0.807500 0.850000 0.125000 0.150000
0 0.343750 0.645312 0.162500 0.206250
0 0.706250 0.360938 0.202500 0.162500
0 0.146250 0.820312 0.227500 0.090625
0 0.922500 0.096875 0.155000 0.143750
0 0.773750 0.632812 0.202500 0.178125
0 0.073750 1.014063 0.147500 0.078125
0 0.760000 0.128125 0.195000 0.156250
0 0.950000 0.450000 0.100000 0.096875
0 0.810000 0.268750 0.200000 0.156250
0 0.228750 0.860938 0.207500 0.093750
0 0.052500 0.425000 0.095000 0.228125
0 0.407500 0.871875 0.225000 0.134375
0 0.953750 0.232813 0.092500 0.218750
0 0.905000 0.971875 0.190000 0.146875
0 0.497500 0.334375 0.140000 0.290625
0 0.421250 0.545312 0.147500 0.153125
0 0.317500 0.400000 0.160000 0.178125
0 0.140000 0.390625 0.170000 0.193750
0 0.315000 0.187500 0.165000 0.190625
0 0.683750 0.810937 0.107500 0.218750
0 0.487500 0.678125 0.120000 0.162500
0 0.641250 0.610938 0.112500 0.378125
0 0.052500 0.118750 0.105000 0.215625
0 0.088750 0.626563 0.157500 0.087500
0 0.582500 0.109375 0.175000 0.109375
0 0.861250 0.360938 0.067500 0.106250
0 0.783750 0.376563 0.057500 0.087500
0 0.198750 0.095312 0.152500 0.131250
0 0.543750 0.929688 0.147500 0.112500
