0 0.341250 1.014063 0.142500 0.075000
0 0.735000 0.462500 0.145000 0.140625
0 0.198750 0.382812 0.187500 0.278125
0 0.938750 0.560937 0.122500 0.171875
0 0.058750 0.682813 0.117500 0.106250
0 0.507500 0.234375 0.175000 0.165625
0 0.233750 0.954688 0.157500 0.128125
0 0.967500 0.687500 0.065000 0.118750
0 0.536250 0.626563 0.097500 0.140625
0 0.801250 0.854688 0.112500 0.137500
0 0.353750 0.648438 0.162500 0.206250
0 0.696250 0.364063 0.202500 0.162500
0 0.178750 0.795312 0.227500 0.090625
0 0.923750 0.095312 0.152500 0.143750
0 0.791250 0.617188 0.192500 0.178125
0 0.073750 1.014063 0.147500 0.078125
0 0.762500 0.140625 0.205000 0.159375
0 0.950000 0.459375 0.100000 0.096875
0 0.830000 0.262500 0.180000 0.156250
0 0.231250 0.854688 0.207500 0.093750
0 0.047500 0.415625 0.095000 0.228125
0 0.391250 0.882812 0.247500 0.134375
0 0.953750 0.232813 0.092500 0.231250
0 0.925000 0.931250 0.150000 0.162500
0 0.513750 0.398438 0.157500 0.265625
0 0.423750 0.557813 0.147500 0.153125
0 0.332500 0.406250 0.165000 0.181250
0 0.148750 0.414062 0.187500 0.196875
0 0.320000 0.181250 0.165000 0.203125
0 0.710000 0.806250 0.095000 0.237500
0 0.492500 0.675000 0.120000 0.162500
0 0.656250 0.592187 0.112500 0.378125
0 0.060000 0.140625 0.120000 0.209375
0 0.110000 0.631250 0.175000 0.100000
0 0.563750 0.107813 0.172500 0.125000
0 0.853750 0.364063 0.067500 0.106250
0 0.788750 0.379688 0.057500 0.087500
0 0.196250 0.095312 0.152500 0.143750
0 0.522500 0.956250 0.190000 0.128125
