0 0.178750 0.376563 0.217500 0.371875
0 0.923750 0.698438 0.122500 0.171875
0 0.055000 0.640625 0.110000 0.125000
0 0.585000 0.296875 0.115000 0.175000
0 0.278750 1.017187 0.202500 0.109375
0 0.985000 0.703125 0.030000 0.103125
0 0.507500 0.706250 0.115000 0.146875
0 0.827500 0.875000 0.095000 0.118750
0 0.478750 0.642188 0.162500 0.150000
0 0.638750 0.282813 0.202500 0.162500
0 0.165000 0.781250 0.175000 0.103125
0 0.928750 0.089063 0.142500 0.140625
0 0.870000 0.543750 0.185000 0.175000
0 0.073750 1.014063 0.147500 0.078125
0 0.803750 0.235937 0.177500 0.134375
0 0.915000 0.240625 0.145000 0.137500
0 0.243750 0.895312 0.262500 0.071875
0 0.113750 0.448437 0.142500 0.200000
0 0.203750 0.932813 0.262500 0.134375
0 0.976250 0.204687 0.047500 0.234375
0 0.943750 0.901563 0.112500 0.143750
0 0.662500 0.678125 0.160000 0.215625
0 0.533750 0.560937 0.147500 0.153125
0 0.430000 0.437500 0.135000 0.187500
0 0.236250 0.492188 0.242500 0.218750
0 0.301250 0.176563 0.187500 0.246875
0 0.777500 0.771875 0.125000 0.278125
0 0.517500 0.718750 0.120000 0.162500
0 0.665000 0.421875 0.090000 0.175000
0 0.086250 0.232813 0.162500 0.193750
0 0.255000 0.631250 0.215000 0.178125
0 0.427500 0.137500 0.185000 0.184375
0 0.837500 0.371875 0.070000 0.084375
0 0.811250 0.439063 0.072500 0.068750
0 0.176250 0.095312 0.152500 0.156250
0 0.477500 0.962500 0.195000 0.128125
0 0.828750 0.554688 0.157500 0.118750
0 0.731250 0.395313 0.107500 0.206250
0 0.728750 0.120313 0.127500 0.125000
0 0.028750 0.401562 0.057500 0.146875
0 0.888750 1.004687 0.107500 0.062500
0 0.620000 0.096875 0.155000 0.062500
0 0.633750 0.639062 0.137500 0.090625
0 0.792500 0.071875 0.115000 0.050000
