0 0.341250 0.962500 0.142500 0.075000
0 0.186250 0.298438 0.212500 0.353125
0 0.936250 0.620313 0.122500 0.171875
0 0.053750 0.650000 0.107500 0.106250
0 0.507500 0.329688 0.140000 0.209375
0 0.273750 0.896875 0.187500 0.137500
0 0.977500 0.706250 0.045000 0.106250
0 0.541250 0.654687 0.097500 0.140625
0 0.795000 0.865625 0.095000 0.118750
0 0.372500 0.662500 0.140000 0.181250
0 0.678750 0.293750 0.202500 0.162500
0 0.196250 0.682813 0.227500 0.090625
0 0.927500 0.070312 0.145000 0.140625
0 0.815000 0.581250 0.185000 0.175000
0 0.073750 0.960938 0.147500 0.078125
0 0.766250 0.112500 0.202500 0.150000
0 0.962500 0.451562 0.075000 0.096875
0 0.862500 0.231250 0.165000 0.150000
0 0.233750 0.750000 0.207500 0.093750
0 0.060000 0.442188 0.095000 0.228125
0 0.311250 0.807813 0.262500 0.134375
0 0.958750 0.290625 0.082500 0.237500
0 0.936250 0.912500 0.127500 0.162500
0 0.565000 0.529687 0.195000 0.209375
0 0.441250 0.564063 0.147500 0.153125
0 0.373750 0.415625 0.147500 0.187500
0 0.172500 0.423438 0.225000 0.209375
0 0.328750 0.184375 0.182500 0.231250
0 0.736250 0.829688 0.107500 0.253125
0 0.517500 0.700000 0.120000 0.162500
0 0.683750 0.581250 0.112500 0.175000
0 0.076250 0.192188 0.152500 0.196875
0 0.163750 0.567187 0.207500 0.140625
0 0.508750 0.087500 0.182500 0.175000
0 0.870000 0.371875 0.070000 0.106250
0 0.802500 0.400000 0.060000 0.087500
0 0.181250 0.078125 0.152500 0.156250
0 0.477500 0.904687 0.195000 0.128125
0 0.845000 0.478125 0.090000 0.093750
0 0.725000 0.479687 0.115000 0.121875
