0 0.123750 0.390625 0.227500 0.237500
0 0.928750 0.685937 0.122500 0.171875
0 0.045000 0.629687 0.090000 0.121875
0 0.572500 0.320312 0.135000 0.203125
0 0.275000 0.918750 0.195000 0.137500
0 0.985000 0.732812 0.030000 0.103125
0 0.532500 0.684375 0.100000 0.143750
0 0.825000 0.868750 0.095000 0.118750
0 0.467500 0.628125 0.150000 0.175000
0 0.651250 0.250000 0.202500 0.162500
0 0.162500 0.720313 0.185000 0.090625
0 0.928750 0.070312 0.142500 0.140625
0 0.852500 0.521875 0.185000 0.175000
0 0.073750 0.960938 0.147500 0.078125
0 0.783750 0.165625 0.177500 0.131250
0 0.977500 0.451562 0.045000 0.096875
0 0.896250 0.229687 0.157500 0.140625
0 0.243750 0.760938 0.262500 0.071875
0 0.092500 0.450000 0.110000 0.218750
0 0.186250 0.829688 0.262500 0.134375
0 0.973750 0.292187 0.052500 0.234375
0 0.942500 0.906250 0.115000 0.150000
0 0.670000 0.685937 0.160000 0.215625
0 0.506250 0.557813 0.147500 0.153125
0 0.417500 0.443750 0.135000 0.187500
0 0.221250 0.453125 0.242500 0.218750
0 0.313750 0.179688 0.187500 0.246875
0 0.772500 0.826562 0.130000 0.265625
0 0.520000 0.721875 0.120000 0.162500
0 0.681250 0.481250 0.112500 0.175000
0 0.081250 0.225000 0.162500 0.193750
0 0.235000 0.579688 0.215000 0.178125
0 0.450000 0.107813 0.185000 0.184375
0 0.852500 0.398438 0.070000 0.084375
0 0.813750 0.443750 0.072500 0.068750
0 0.171250 0.078125 0.152500 0.156250
0 0.477500 0.904687 0.195000 0.128125
0 0.878750 0.496875 0.157500 0.118750
0 0.735000 0.443750 0.115000 0.181250
0 0.706250 0.075000 0.127500 0.125000
0 0.022500 0.442188 0.045000 0.153125
0 0.888750 0.973437 0.107500 0.053125
