0 0.341250 1.014063 0.142500 0.075000
0 0.240000 0.287500 0.215000 0.321875
0 0.938750 0.582812 0.122500 0.171875
0 0.056250 0.673438 0.112500 0.106250
0 0.505000 0.265625 0.140000 0.206250
0 0.247500 0.940625 0.165000 0.131250
0 0.972500 0.681250 0.055000 0.109375
0 0.538750 0.635938 0.097500 0.140625
0 0.792500 0.862500 0.100000 0.125000
0 0.358750 0.648438 0.162500 0.206250
0 0.686250 0.364063 0.202500 0.162500
0 0.188750 0.785937 0.227500 0.090625
0 0.926250 0.092188 0.147500 0.143750
0 0.807500 0.609375 0.185000 0.175000
0 0.073750 1.014063 0.147500 0.078125
0 0.765000 0.150000 0.215000 0.162500
0 0.953750 0.460938 0.092500 0.096875
0 0.848750 0.257812 0.167500 0.153125
0 0.233750 0.845313 0.207500 0.093750
0 0.047500 0.387500 0.095000 0.228125
0 0.361250 0.895312 0.262500 0.134375
0 0.956250 0.226562 0.087500 0.234375
0 0.935000 0.912500 0.130000 0.165625
0 0.533750 0.479687 0.182500 0.228125
0 0.423750 0.570312 0.147500 0.153125
0 0.352500 0.415625 0.170000 0.184375
0 0.160000 0.434375 0.205000 0.203125
0 0.325000 0.187500 0.175000 0.218750
0 0.726250 0.776563 0.092500 0.240625
0 0.505000 0.681250 0.120000 0.162500
0 0.671250 0.576562 0.112500 0.293750
0 0.068750 0.167187 0.137500 0.203125
0 0.133750 0.626563 0.192500 0.118750
0 0.538750 0.110937 0.177500 0.153125
0 0.858750 0.364063 0.067500 0.106250
0 0.793750 0.382812 0.057500 0.087500
0 0.193750 0.095312 0.152500 0.153125
0 0.487500 0.962500 0.195000 0.128125
0 0.817500 0.487500 0.090000 0.093750
0 0.713750 0.476562 0.097500 0.115625
