0 0.137500 0.346875 0.220000 0.300000
0 0.931250 0.664062 0.122500 0.171875
0 0.048750 0.637500 0.097500 0.112500
0 0.540000 0.326562 0.140000 0.209375
0 0.280000 0.909375 0.195000 0.137500
0 0.985000 0.717187 0.030000 0.103125
0 0.541250 0.670312 0.097500 0.140625
0 0.815000 0.865625 0.095000 0.118750
0 0.436250 0.643750 0.142500 0.175000
0 0.661250 0.262500 0.202500 0.162500
0 0.178750 0.720313 0.217500 0.090625
0 0.928750 0.070312 0.142500 0.140625
0 0.837500 0.540625 0.185000 0.175000
0 0.073750 0.960938 0.147500 0.078125
0 0.768750 0.140625 0.177500 0.131250
0 0.975000 0.451562 0.050000 0.096875
0 0.885000 0.228125 0.160000 0.143750
0 0.243750 0.757812 0.252500 0.078125
0 0.080000 0.442188 0.095000 0.228125
0 0.193750 0.826562 0.262500 0.134375
0 0.966250 0.290625 0.067500 0.237500
0 0.940000 0.907813 0.120000 0.153125
0 0.652500 0.659375 0.165000 0.243750
0 0.476250 0.567187 0.147500 0.153125
0 0.405000 0.434375 0.135000 0.187500
0 0.203750 0.450000 0.242500 0.218750
0 0.323750 0.173437 0.187500 0.246875
0 0.757500 0.829688 0.130000 0.265625
0 0.520000 0.715625 0.120000 0.162500
0 0.681250 0.518750 0.112500 0.175000
0 0.081250 0.212500 0.162500 0.193750
0 0.217500 0.575000 0.215000 0.175000
0 0.467500 0.098437 0.185000 0.184375
0 0.863750 0.375000 0.077500 0.100000
0 0.838750 0.443750 0.072500 0.068750
0 0.168750 0.078125 0.152500 0.156250
0 0.477500 0.904687 0.195000 0.128125
0 0.875000 0.487500 0.120000 0.106250
0 0.736250 0.465625 0.122500 0.150000
0 0.720000 0.050000 0.125000 0.093750
0 0.017500 0.445312 0.035000 0.159375
