0 0.152500 0.265625 0.215000 0.350000
0 0.933750 0.632812 0.122500 0.171875
0 0.051250 0.654687 0.102500 0.106250
0 0.512500 0.312500 0.140000 0.209375
0 0.282500 0.953125 0.195000 0.137500
0 0.982500 0.681250 0.035000 0.103125
0 0.541250 0.654687 0.097500 0.140625
0 0.805000 0.865625 0.095000 0.118750
0 0.400000 0.656250 0.135000 0.171875
0 0.671250 0.320312 0.202500 0.162500
0 0.188750 0.804688 0.227500 0.090625
0 0.928750 0.089063 0.142500 0.140625
0 0.825000 0.590625 0.185000 0.175000
0 0.073750 1.014063 0.147500 0.078125
0 0.767500 0.175000 0.190000 0.140625
0 0.968750 0.442188 0.062500 0.096875
0 0.876250 0.257812 0.162500 0.146875
0 0.238750 0.851562 0.227500 0.084375
0 0.070000 0.387500 0.095000 0.228125
0 0.268750 0.910937 0.262500 0.134375
0 0.961250 0.217188 0.077500 0.237500
0 0.938750 0.907813 0.122500 0.156250
0 0.626250 0.604688 0.172500 0.253125
0 0.453750 0.589063 0.147500 0.153125
0 0.392500 0.415625 0.135000 0.187500
0 0.182500 0.478125 0.240000 0.215625
0 0.327500 0.171875 0.185000 0.240625
0 0.747500 0.781250 0.130000 0.265625
0 0.520000 0.703125 0.120000 0.162500
0 0.681250 0.529687 0.112500 0.175000
0 0.081250 0.207813 0.162500 0.193750
0 0.192500 0.621875 0.210000 0.159375
0 0.485000 0.115625 0.185000 0.181250
0 0.867500 0.362500 0.075000 0.103125
0 0.828750 0.432812 0.067500 0.075000
0 0.168750 0.095312 0.152500 0.156250
0 0.477500 0.962500 0.195000 0.128125
0 0.870000 0.487500 0.090000 0.093750
0 0.736250 0.501563 0.127500 0.125000
