0 0.147500 0.284375 0.215000 0.334375
0 0.933750 0.639062 0.122500 0.171875
0 0.051250 0.654687 0.102500 0.106250
0 0.517500 0.312500 0.140000 0.209375
0 0.280000 0.956250 0.195000 0.137500
0 0.982500 0.681250 0.035000 0.103125
0 0.541250 0.657813 0.097500 0.140625
0 0.807500 0.865625 0.095000 0.118750
0 0.411250 0.651563 0.137500 0.171875
0 0.668750 0.314063 0.202500 0.162500
0 0.186250 0.810937 0.227500 0.090625
0 0.928750 0.089063 0.142500 0.140625
0 0.830000 0.581250 0.185000 0.175000
0 0.073750 1.014063 0.147500 0.078125
0 0.767500 0.178125 0.185000 0.137500
0 0.971250 0.439063 0.057500 0.096875
0 0.877500 0.256250 0.160000 0.143750
0 0.240000 0.859375 0.235000 0.084375
0 0.072500 0.387500 0.095000 0.228125
0 0.248750 0.914062 0.262500 0.134375
0 0.961250 0.217188 0.077500 0.240625
0 0.938750 0.907813 0.122500 0.156250
0 0.641250 0.617188 0.167500 0.259375
0 0.458750 0.589063 0.147500 0.153125
0 0.397500 0.418750 0.135000 0.187500
0 0.188750 0.482812 0.242500 0.218750
0 0.328750 0.167187 0.187500 0.243750
0 0.750000 0.781250 0.130000 0.265625
0 0.520000 0.703125 0.120000 0.162500
0 0.681250 0.520312 0.112500 0.175000
0 0.081250 0.210938 0.162500 0.193750
0 0.201250 0.623437 0.212500 0.162500
0 0.477500 0.115625 0.185000 0.184375
0 0.868750 0.364063 0.077500 0.103125
0 0.837500 0.443750 0.070000 0.071875
0 0.166250 0.095312 0.152500 0.156250
0 0.477500 0.962500 0.195000 0.128125
0 0.871250 0.492188 0.097500 0.096875
0 0.736250 0.495312 0.127500 0.131250
0 0.732500 0.078125 0.125000 0.071875
