0 0.195000 0.403125 0.205000 0.343750
0 0.918750 0.726562 0.122500 0.171875
0 0.082500 0.642188 0.115000 0.134375
0 0.562500 0.328125 0.115000 0.175000
0 0.287500 0.954688 0.205000 0.090625
0 0.985000 0.735938 0.030000 0.103125
0 0.497500 0.712500 0.120000 0.143750
0 0.827500 0.884375 0.095000 0.118750
0 0.488750 0.607812 0.172500 0.128125
0 0.626250 0.228125 0.202500 0.162500
0 0.177500 0.725000 0.180000 0.118750
0 0.928750 0.070312 0.142500 0.140625
0 0.882500 0.515625 0.185000 0.175000
0 0.073750 0.960938 0.147500 0.078125
0 0.821250 0.196875 0.177500 0.150000
0 0.931250 0.209375 0.127500 0.137500
0 0.233750 0.782813 0.262500 0.071875
0 0.131250 0.467187 0.172500 0.178125
0 0.226250 0.839063 0.262500 0.134375
0 0.946250 0.901563 0.107500 0.140625
0 0.656250 0.692187 0.162500 0.215625
0 0.546250 0.523438 0.147500 0.153125
0 0.448750 0.454688 0.112500 0.165625
0 0.268750 0.453125 0.242500 0.193750
0 0.291250 0.189062 0.187500 0.246875
0 0.775000 0.854688 0.115000 0.290625
0 0.515000 0.725000 0.120000 0.162500
0 0.647500 0.418750 0.090000 0.181250
0 0.093750 0.231250 0.162500 0.193750
0 0.276250 0.593750 0.207500 0.181250
0 0.400000 0.101562 0.185000 0.184375
0 0.827500 0.370312 0.070000 0.084375
0 0.806250 0.431250 0.072500 0.068750
0 0.181250 0.078125 0.152500 0.156250
0 0.477500 0.904687 0.195000 0.128125
0 0.843750 0.515625 0.157500 0.118750
0 0.726250 0.443750 0.107500 0.206250
0 0.733750 0.128125 0.132500 0.137500
0 0.040000 0.451562 0.080000 0.159375
0 0.887500 0.965625 0.110000 0.068750
0 0.633750 0.043750 0.157500 0.087500
0 0.626250 0.589063 0.137500 0.090625
0 0.792500 0.037500 0.115000 0.075000
