0 0.193750 0.381250 0.197500 0.306250
0 0.916250 0.732812 0.122500 0.171875
0 0.098750 0.643750 0.112500 0.137500
0 0.550000 0.334375 0.115000 0.175000
0 0.292500 0.954688 0.205000 0.090625
0 0.985000 0.735938 0.030000 0.103125
0 0.492500 0.714063 0.120000 0.140625
0 0.825000 0.887500 0.095000 0.118750
0 0.486250 0.617188 0.172500 0.128125
0 0.602500 0.221875 0.220000 0.168750
0 0.180000 0.728125 0.180000 0.118750
0 0.928750 0.070312 0.142500 0.140625
0 0.895000 0.518750 0.170000 0.175000
0 0.073750 0.960938 0.147500 0.078125
0 0.825000 0.201563 0.175000 0.159375
0 0.937500 0.203125 0.120000 0.137500
0 0.228750 0.789062 0.262500 0.071875
0 0.136250 0.467187 0.172500 0.178125
0 0.238750 0.839063 0.262500 0.134375
0 0.947500 0.900000 0.105000 0.137500
0 0.660000 0.709375 0.165000 0.218750
0 0.551250 0.520312 0.147500 0.153125
0 0.457500 0.459375 0.105000 0.156250
0 0.286250 0.456250 0.242500 0.181250
0 0.283750 0.192188 0.187500 0.246875
0 0.763750 0.875000 0.112500 0.250000
0 0.515000 0.725000 0.120000 0.162500
0 0.641250 0.404687 0.092500 0.184375
0 0.096250 0.231250 0.162500 0.193750
0 0.285000 0.603125 0.195000 0.187500
0 0.390000 0.095312 0.185000 0.184375
0 0.825000 0.376563 0.070000 0.084375
0 0.803750 0.437500 0.072500 0.068750
0 0.185000 0.082812 0.145000 0.165625
0 0.477500 0.904687 0.195000 0.128125
0 0.853750 0.515625 0.157500 0.118750
0 0.726250 0.450000 0.107500 0.206250
0 0.733750 0.140625 0.132500 0.143750
0 0.046250 0.459375 0.092500 0.168750
0 0.887500 0.964063 0.110000 0.071875
0 0.642500 0.050000 0.160000 0.100000
0 0.646250 0.592187 0.147500 0.096875
0 0.791250 0.042188 0.112500 0.084375
