0 0.941250 0.873437 0.117500 0.196875
0 0.921250 0.520312 0.157500 0.265625
0 0.453750 1.007812 0.172500 0.100000
0 0.582500 0.643750 0.205000 0.165625
0 0.267500 0.746875 0.260000 0.406250
0 0.362500 0.350000 0.170000 0.234375
0 0.761250 0.832812 0.177500 0.234375
0 0.946250 0.214062 0.107500 0.190625
0 0.530000 0.921875 0.180000 0.187500
0 0.455000 0.709375 0.140000 0.200000
0 0.565000 0.228125 0.225000 0.203125
0 0.556250 0.445312 0.237500 0.215625
0 0.787500 0.431250 0.095000 0.134375
0 0.838750 0.354687 0.107500 0.118750
