0 0.943750 0.901563 0.112500 0.190625
0 0.920000 0.554688 0.160000 0.265625
0 0.453750 0.950000 0.172500 0.100000
0 0.587500 0.603125 0.200000 0.168750
0 0.267500 0.793750 0.270000 0.406250
0 0.358750 0.368750 0.172500 0.231250
0 0.763750 0.839063 0.177500 0.234375
0 0.946250 0.240625 0.107500 0.187500
0 0.537500 0.900000 0.175000 0.187500
0 0.465000 0.720313 0.140000 0.190625
0 0.565000 0.190625 0.220000 0.200000
0 0.555000 0.403125 0.240000 0.212500
0 0.788750 0.439063 0.092500 0.134375
0 0.833750 0.343750 0.102500 0.118750
