0 0.958750 0.910937 0.082500 0.137500
0 0.905000 0.571875 0.185000 0.221875
0 0.806250 0.357812 0.187500 0.290625
0 0.475000 0.943750 0.150000 0.150000
0 0.640000 0.634375 0.145000 0.225000
0 0.242500 0.631250 0.275000 0.400000
0 0.393750 0.495312 0.227500 0.228125
0 0.831250 0.823438 0.177500 0.234375
0 0.662500 1.043750 0.185000 0.071875
0 0.956250 0.201563 0.087500 0.171875
0 0.596250 0.826562 0.112500 0.134375
0 0.550000 0.737500 0.110000 0.115625
0 0.595000 0.293750 0.170000 0.184375
0 0.516250 0.439063 0.207500 0.178125
