0 0.931250 0.832812 0.137500 0.215625
0 0.936250 0.514062 0.127500 0.265625
0 0.356250 0.426563 0.217500 0.209375
0 0.100000 0.670312 0.185000 0.290625
0 0.405000 0.125000 0.190000 0.250000
0 0.956250 0.243750 0.087500 0.206250
0 0.378750 0.935937 0.137500 0.128125
0 0.263750 0.618750 0.172500 0.218750
0 0.580000 0.220312 0.235000 0.215625
0 0.598750 0.437500 0.197500 0.243750
0 0.791250 0.567187 0.137500 0.203125
0 0.802500 0.267188 0.180000 0.296875
0 0.765000 0.782813 0.150000 0.159375
0 0.806250 0.939063 0.147500 0.121875
