0 0.937500 0.803125 0.125000 0.178125
0 0.937500 0.412500 0.125000 0.193750
0 0.188750 0.289062 0.207500 0.265625
0 0.026250 0.532813 0.052500 0.203125
0 0.475000 0.068750 0.110000 0.196875
0 0.977500 0.118750 0.045000 0.184375
0 0.485000 0.996875 0.155000 0.100000
0 0.113750 0.570312 0.127500 0.212500
0 0.567500 0.309375 0.235000 0.215625
0 0.613750 0.457813 0.197500 0.243750
0 0.802500 0.603125 0.165000 0.200000
0 0.837500 0.162500 0.245000 0.306250
0 0.671250 0.804688 0.167500 0.256250
0 0.867500 0.965625 0.165000 0.134375
