0 0.953750 0.782813 0.092500 0.178125
0 0.932500 0.340625 0.135000 0.209375
0 0.071250 0.160938 0.142500 0.284375
0 0.478750 0.951562 0.112500 0.118750
0 0.020000 0.500000 0.040000 0.175000
0 0.545000 0.328125 0.235000 0.215625
0 0.636250 0.454688 0.197500 0.243750
0 0.818750 0.635938 0.187500 0.206250
0 0.858750 0.129688 0.182500 0.212500
0 0.633750 0.807813 0.207500 0.193750
0 0.902500 0.987500 0.135000 0.096875
0 0.326250 0.895312 0.227500 0.243750
0 0.602500 0.915625 0.115000 0.143750
0 0.497500 0.131250 0.125000 0.125000
0 0.456250 0.076563 0.117500 0.081250
