0 0.923750 0.285938 0.152500 0.209375
0 0.013750 0.017188 0.027500 0.184375
0 0.368750 0.960938 0.107500 0.106250
0 0.545000 0.321875 0.210000 0.200000
0 0.673750 0.439063 0.192500 0.237500
0 0.841250 0.623437 0.187500 0.206250
0 0.847500 0.118750 0.180000 0.209375
0 0.606250 0.692187 0.212500 0.209375
0 0.925000 0.993750 0.120000 0.081250
0 0.286250 0.870313 0.317500 0.278125
0 0.566250 0.826562 0.157500 0.128125
0 0.486250 0.142187 0.227500 0.200000
0 0.783750 0.876563 0.212500 0.178125
0 0.665000 0.987500 0.140000 0.100000
