0 0.962500 0.771875 0.075000 0.178125
0 0.927500 0.306250 0.145000 0.209375
0 0.035000 0.043750 0.070000 0.206250
0 0.422500 0.981250 0.105000 0.084375
0 0.546250 0.323437 0.222500 0.206250
0 0.656250 0.448437 0.197500 0.243750
0 0.831250 0.629687 0.187500 0.206250
0 0.852500 0.121875 0.180000 0.209375
0 0.625000 0.771875 0.225000 0.200000
0 0.940000 0.993750 0.120000 0.081250
0 0.338750 0.851562 0.222500 0.237500
0 0.593750 0.848437 0.117500 0.143750
0 0.467500 0.143750 0.220000 0.184375
0 0.446250 0.079687 0.127500 0.053125
0 0.763750 0.957812 0.207500 0.168750
0 0.628750 1.007812 0.162500 0.093750
