0 0.960000 0.814063 0.080000 0.178125
0 0.931250 0.335938 0.137500 0.209375
0 0.060000 0.140625 0.120000 0.250000
0 0.455000 0.946875 0.110000 0.106250
0 0.020000 0.562500 0.040000 0.175000
0 0.543750 0.289062 0.227500 0.209375
0 0.646250 0.450000 0.197500 0.243750
0 0.826250 0.618750 0.187500 0.206250
0 0.855000 0.117188 0.180000 0.209375
0 0.616250 0.754687 0.192500 0.190625
0 0.925000 0.956250 0.125000 0.087500
0 0.333750 0.853125 0.222500 0.237500
0 0.596250 0.878125 0.117500 0.143750
0 0.500000 0.093750 0.145000 0.137500
0 0.447500 0.028125 0.125000 0.056250
0 0.752500 0.928125 0.190000 0.143750
