0 0.956250 0.779687 0.087500 0.178125
0 0.932500 0.328125 0.135000 0.209375
0 0.071250 0.139063 0.142500 0.284375
0 0.473750 0.951562 0.112500 0.118750
0 0.020000 0.500000 0.040000 0.175000
0 0.545000 0.325000 0.230000 0.212500
0 0.641250 0.454688 0.197500 0.243750
0 0.821250 0.635938 0.187500 0.206250
0 0.857500 0.125000 0.180000 0.209375
0 0.627500 0.793750 0.200000 0.193750
0 0.912500 0.987500 0.130000 0.093750
0 0.328750 0.892188 0.222500 0.237500
0 0.598750 0.901563 0.117500 0.143750
0 0.500000 0.125000 0.135000 0.131250
0 0.450000 0.075000 0.120000 0.068750
0 0.743750 0.985938 0.177500 0.125000
