0 0.962500 0.771875 0.075000 0.178125
0 0.928750 0.307812 0.142500 0.209375
0 0.043750 0.054688 0.087500 0.218750
0 0.433750 0.976562 0.107500 0.090625
0 0.543750 0.323437 0.222500 0.209375
0 0.653750 0.448437 0.197500 0.243750
0 0.831250 0.629687 0.187500 0.206250
0 0.855000 0.121875 0.180000 0.209375
0 0.608750 0.764062 0.182500 0.187500
0 0.937500 0.990625 0.120000 0.084375
0 0.336250 0.857812 0.222500 0.237500
0 0.593750 0.857812 0.117500 0.143750
0 0.477500 0.134375 0.195000 0.168750
0 0.446250 0.079687 0.127500 0.053125
0 0.761250 0.964063 0.202500 0.162500
0 0.623750 1.007812 0.152500 0.087500
