0 0.962500 0.771875 0.075000 0.178125
0 0.923750 0.295312 0.152500 0.209375
0 0.016250 0.020313 0.032500 0.184375
0 0.393750 0.995313 0.102500 0.068750
0 0.545000 0.321875 0.215000 0.203125
0 0.663750 0.445312 0.197500 0.243750
0 0.836250 0.626563 0.187500 0.206250
0 0.850000 0.118750 0.180000 0.209375
0 0.602500 0.743750 0.225000 0.200000
0 0.932500 0.993750 0.120000 0.081250
0 0.338750 0.835938 0.227500 0.240625
0 0.583750 0.839063 0.142500 0.134375
0 0.465000 0.153125 0.245000 0.203125
0 0.773750 0.926562 0.212500 0.178125
0 0.642500 1.000000 0.185000 0.115625
