0 0.960000 0.775000 0.080000 0.178125
0 0.931250 0.317188 0.137500 0.209375
0 0.060000 0.093750 0.120000 0.253125
0 0.457500 0.962500 0.110000 0.106250
0 0.020000 0.500000 0.040000 0.175000
0 0.543750 0.326562 0.227500 0.209375
0 0.646250 0.451562 0.197500 0.243750
0 0.826250 0.632812 0.187500 0.206250
0 0.855000 0.125000 0.180000 0.209375
0 0.618750 0.779687 0.192500 0.190625
0 0.925000 0.990625 0.125000 0.087500
0 0.331250 0.876563 0.222500 0.237500
0 0.596250 0.879687 0.117500 0.143750
0 0.500000 0.118750 0.145000 0.134375
0 0.447500 0.078125 0.125000 0.056250
0 0.752500 0.975000 0.190000 0.143750
