0 0.962500 0.814063 0.075000 0.178125
0 0.927500 0.320312 0.145000 0.209375
0 0.033750 0.101562 0.067500 0.203125
0 0.422500 0.959375 0.105000 0.081250
0 0.545000 0.290625 0.220000 0.206250
0 0.656250 0.446875 0.197500 0.243750
0 0.831250 0.615625 0.187500 0.206250
0 0.852500 0.114062 0.180000 0.209375
0 0.622500 0.731250 0.225000 0.200000
0 0.937500 0.959375 0.120000 0.081250
0 0.338750 0.831250 0.222500 0.237500
0 0.593750 0.843750 0.117500 0.143750
0 0.467500 0.100000 0.225000 0.187500
0 0.446250 0.026562 0.127500 0.053125
0 0.763750 0.914062 0.207500 0.171875
0 0.627500 0.951562 0.165000 0.096875
