0 0.962500 0.814063 0.075000 0.178125
0 0.923750 0.298438 0.152500 0.209375
0 0.013750 0.092188 0.027500 0.184375
0 0.372500 0.960938 0.095000 0.078125
0 0.546250 0.292187 0.212500 0.203125
0 0.670000 0.442188 0.195000 0.240625
0 0.838750 0.609375 0.187500 0.206250
0 0.850000 0.110937 0.180000 0.209375
0 0.603750 0.679688 0.217500 0.203125
0 0.927500 0.959375 0.120000 0.081250
0 0.307500 0.812500 0.280000 0.262500
0 0.576250 0.801562 0.157500 0.128125
0 0.476250 0.101562 0.232500 0.203125
0 0.778750 0.851562 0.212500 0.178125
0 0.653750 0.946875 0.157500 0.106250
