0 0.890000 0.618750 0.095000 0.109375
0 0.503750 0.404687 0.167500 0.206250
0 0.151250 0.232813 0.182500 0.271875
0 0.920000 0.481250 0.150000 0.146875
0 0.715000 0.643750 0.180000 0.196875
0 0.553750 0.551562 0.167500 0.184375
0 0.637500 0.481250 0.215000 0.159375
0 0.837500 0.481250 0.125000 0.112500
0 0.163750 0.907813 0.262500 0.231250
0 0.250000 0.431250 0.100000 0.206250
0 0.367500 0.509375 0.175000 0.281250
0 0.712500 0.634375 0.085000 0.090625
0 0.756250 0.729688 0.112500 0.087500
0 0.960000 0.518750 0.050000 0.103125
0 0.961250 0.604688 0.062500 0.093750
0 0.882500 0.506250 0.045000 0.053125
