0 0.916250 0.621875 0.092500 0.125000
0 0.495000 0.392188 0.175000 0.234375
0 0.153750 0.289062 0.182500 0.271875
0 0.925000 0.462500 0.150000 0.162500
0 0.727500 0.639062 0.180000 0.196875
0 0.561250 0.548438 0.167500 0.184375
0 0.650000 0.435937 0.190000 0.159375
0 0.830000 0.456250 0.125000 0.112500
0 0.128750 0.828125 0.257500 0.231250
0 0.237500 0.467187 0.100000 0.196875
0 0.365000 0.515625 0.190000 0.268750
0 0.715000 0.639062 0.085000 0.090625
0 0.763750 0.718750 0.112500 0.087500
0 0.931250 0.598437 0.057500 0.103125
0 0.972500 0.532813 0.050000 0.103125
