0 0.916250 0.617188 0.092500 0.121875
0 0.495000 0.387500 0.175000 0.231250
0 0.153750 0.264062 0.182500 0.271875
0 0.925000 0.475000 0.150000 0.162500
0 0.727500 0.650000 0.180000 0.196875
0 0.561250 0.557813 0.167500 0.184375
0 0.651250 0.473438 0.192500 0.159375
0 0.830000 0.478125 0.125000 0.112500
0 0.130000 0.875000 0.260000 0.231250
0 0.237500 0.431250 0.100000 0.196875
0 0.367500 0.500000 0.190000 0.271875
0 0.715000 0.643750 0.085000 0.090625
0 0.763750 0.745313 0.112500 0.087500
0 0.926250 0.576562 0.057500 0.103125
0 0.970000 0.512500 0.050000 0.103125
