0 0.527500 0.442188 0.140000 0.121875
0 0.118750 0.217188 0.237500 0.353125
0 0.873750 0.456250 0.127500 0.156250
0 0.682500 0.589063 0.145000 0.159375
0 0.515000 0.560937 0.165000 0.134375
0 0.608750 0.407813 0.272500 0.159375
0 0.777500 0.415625 0.125000 0.112500
0 0.256250 0.934375 0.187500 0.131250
0 0.252500 0.504687 0.115000 0.290625
0 0.368750 0.603125 0.142500 0.306250
0 0.635000 0.626563 0.085000 0.090625
0 0.688750 0.681250 0.107500 0.087500
0 0.925000 0.575000 0.085000 0.118750
0 0.951250 0.670312 0.097500 0.146875
0 0.795000 0.503125 0.080000 0.087500
0 0.862500 0.618750 0.050000 0.056250
0 0.840000 0.648438 0.095000 0.103125
