0 0.916250 0.621875 0.092500 0.125000
0 0.496250 0.392188 0.177500 0.234375
0 0.153750 0.292187 0.182500 0.271875
0 0.925000 0.464062 0.150000 0.165625
0 0.730000 0.639062 0.180000 0.196875
0 0.563750 0.548438 0.167500 0.184375
0 0.651250 0.435937 0.187500 0.159375
0 0.830000 0.456250 0.125000 0.112500
0 0.127500 0.828125 0.255000 0.231250
0 0.235000 0.467187 0.100000 0.196875
0 0.365000 0.515625 0.190000 0.268750
0 0.715000 0.639062 0.085000 0.090625
0 0.766250 0.721875 0.112500 0.087500
0 0.933750 0.604688 0.057500 0.103125
0 0.972500 0.529687 0.050000 0.103125
