0 0.918750 0.617188 0.092500 0.128125
0 0.493750 0.382812 0.177500 0.237500
0 0.151250 0.276562 0.182500 0.271875
0 0.925000 0.475000 0.150000 0.168750
0 0.730000 0.653125 0.180000 0.196875
0 0.563750 0.560937 0.167500 0.184375
0 0.652500 0.471875 0.185000 0.159375
0 0.830000 0.478125 0.125000 0.112500
0 0.126250 0.870313 0.252500 0.228125
0 0.232500 0.431250 0.100000 0.196875
0 0.365000 0.500000 0.190000 0.265625
0 0.715000 0.650000 0.085000 0.090625
0 0.766250 0.748437 0.112500 0.087500
0 0.938750 0.601562 0.057500 0.103125
