0 0.061250 0.076563 0.122500 0.293750
0 0.821250 0.417187 0.122500 0.146875
0 0.608750 0.539062 0.122500 0.140625
0 0.508750 0.701562 0.152500 0.218750
0 0.601250 0.304688 0.192500 0.284375
0 0.743750 0.320312 0.147500 0.150000
0 0.246250 0.585938 0.132500 0.296875
0 0.368750 0.664062 0.142500 0.318750
0 0.635000 0.637500 0.100000 0.137500
0 0.720000 0.631250 0.075000 0.131250
0 0.950000 0.696875 0.090000 0.221875
0 0.703750 0.460938 0.107500 0.131250
0 0.785000 0.646875 0.075000 0.100000
0 0.825000 0.759375 0.110000 0.231250
0 0.948750 0.648438 0.082500 0.112500
0 0.900000 0.493750 0.130000 0.218750
0 0.510000 0.509375 0.070000 0.168750
0 0.587500 0.456250 0.095000 0.081250
