0 0.091250 0.200000 0.182500 0.368750
0 0.837500 0.421875 0.100000 0.162500
0 0.618750 0.543750 0.132500 0.150000
0 0.503750 0.664062 0.152500 0.203125
0 0.585000 0.373437 0.260000 0.178125
0 0.745000 0.348438 0.125000 0.140625
0 0.270000 0.951562 0.155000 0.096875
0 0.252500 0.604688 0.115000 0.296875
0 0.360000 0.681250 0.130000 0.318750
0 0.621250 0.629687 0.092500 0.115625
0 0.677500 0.628125 0.060000 0.131250
0 0.946250 0.743750 0.102500 0.225000
0 0.731250 0.487500 0.107500 0.131250
0 0.837500 0.668750 0.075000 0.100000
0 0.803750 0.728125 0.112500 0.225000
0 0.948750 0.646875 0.082500 0.112500
0 0.865000 0.553125 0.105000 0.131250
0 0.515000 0.501563 0.070000 0.128125
0 0.577500 0.442188 0.095000 0.065625
