0 0.041250 0.051562 0.082500 0.262500
0 0.783750 0.420312 0.122500 0.146875
0 0.596250 0.570312 0.122500 0.140625
0 0.575000 0.215625 0.170000 0.275000
0 0.726250 0.298438 0.147500 0.150000
0 0.183750 0.523438 0.197500 0.421875
0 0.367500 0.803125 0.165000 0.259375
0 0.660000 0.675000 0.130000 0.243750
0 0.745000 0.684375 0.100000 0.156250
0 0.971250 0.695312 0.057500 0.221875
0 0.675000 0.418750 0.110000 0.137500
0 0.827500 0.809375 0.095000 0.250000
0 0.923750 0.654687 0.092500 0.146875
0 0.925000 0.415625 0.150000 0.287500
0 0.483750 0.492188 0.102500 0.215625
0 0.571250 0.417187 0.082500 0.112500
0 0.727500 0.575000 0.120000 0.146875
0 0.852500 0.681250 0.100000 0.137500
0 0.480000 0.693750 0.060000 0.171875
0 0.545000 0.628125 0.080000 0.087500
