0 0.041250 0.131250 0.082500 0.262500
0 0.783750 0.420312 0.122500 0.146875
0 0.596250 0.560937 0.122500 0.140625
0 0.572500 0.251563 0.170000 0.271875
0 0.726250 0.281250 0.147500 0.150000
0 0.186250 0.609375 0.192500 0.418750
0 0.367500 0.829688 0.165000 0.259375
0 0.660000 0.710938 0.130000 0.240625
0 0.745000 0.696875 0.100000 0.156250
0 0.970000 0.767188 0.060000 0.221875
0 0.673750 0.418750 0.107500 0.137500
0 0.827500 0.875000 0.095000 0.250000
0 0.923750 0.668750 0.092500 0.143750
0 0.925000 0.465625 0.150000 0.287500
0 0.483750 0.539062 0.102500 0.215625
0 0.572500 0.421875 0.085000 0.112500
0 0.730000 0.573438 0.120000 0.146875
0 0.851250 0.684375 0.102500 0.137500
0 0.478750 0.739062 0.057500 0.171875
0 0.546250 0.623437 0.077500 0.084375
