0 0.042500 0.053125 0.085000 0.265625
0 0.786250 0.426563 0.122500 0.146875
0 0.596250 0.551562 0.122500 0.140625
0 0.511250 0.701562 0.132500 0.162500
0 0.568750 0.260937 0.177500 0.246875
0 0.726250 0.298438 0.147500 0.150000
0 0.197500 0.537500 0.180000 0.396875
0 0.377500 0.790625 0.160000 0.287500
0 0.657500 0.665625 0.125000 0.218750
0 0.742500 0.671875 0.100000 0.156250
0 0.963750 0.698438 0.072500 0.215625
0 0.678750 0.417187 0.107500 0.131250
0 0.827500 0.796875 0.095000 0.262500
0 0.926250 0.657813 0.087500 0.131250
0 0.925000 0.425000 0.150000 0.287500
0 0.481250 0.514062 0.102500 0.215625
0 0.568750 0.423438 0.087500 0.115625
0 0.738750 0.576562 0.112500 0.140625
0 0.861250 0.679688 0.077500 0.115625
