0 0.041250 0.051562 0.082500 0.262500
0 0.781250 0.420312 0.122500 0.146875
0 0.593750 0.579688 0.122500 0.140625
0 0.577500 0.187500 0.165000 0.296875
0 0.726250 0.298438 0.147500 0.150000
0 0.173750 0.523438 0.207500 0.425000
0 0.365000 0.796875 0.165000 0.259375
0 0.665000 0.681250 0.135000 0.262500
0 0.745000 0.690625 0.100000 0.156250
0 0.976250 0.692187 0.047500 0.228125
0 0.672500 0.418750 0.110000 0.140625
0 0.827500 0.818750 0.095000 0.240625
0 0.923750 0.654687 0.097500 0.159375
0 0.925000 0.409375 0.150000 0.287500
0 0.486250 0.479687 0.102500 0.215625
0 0.573750 0.414062 0.082500 0.112500
0 0.722500 0.575000 0.120000 0.146875
0 0.853750 0.682813 0.097500 0.146875
0 0.481250 0.704688 0.067500 0.178125
0 0.542500 0.631250 0.090000 0.090625
0 0.368750 1.057813 0.242500 0.093750
