0 0.766250 0.395313 0.122500 0.146875
0 0.586250 0.579688 0.112500 0.171875
0 0.583750 0.139063 0.162500 0.312500
0 0.728750 0.295312 0.147500 0.150000
0 0.125000 0.650000 0.250000 0.315625
0 0.355000 0.803125 0.205000 0.278125
0 0.667500 0.775000 0.155000 0.312500
0 0.727500 0.715625 0.100000 0.171875
0 0.972500 0.865625 0.055000 0.168750
0 0.656250 0.426563 0.117500 0.171875
0 0.850000 0.896875 0.135000 0.187500
0 0.942500 0.675000 0.115000 0.231250
0 0.925000 0.346875 0.150000 0.287500
0 0.476250 0.489063 0.122500 0.259375
0 0.591250 0.401562 0.087500 0.115625
0 0.707500 0.559375 0.120000 0.168750
0 0.848750 0.632812 0.092500 0.218750
0 0.486250 0.726562 0.077500 0.184375
0 0.547500 0.478125 0.060000 0.150000
0 0.211250 1.007812 0.222500 0.131250
