0 0.773750 0.401562 0.122500 0.146875
0 0.592500 0.593750 0.120000 0.143750
0 0.591250 0.200000 0.162500 0.312500
0 0.728750 0.278125 0.147500 0.150000
0 0.140000 0.657813 0.260000 0.315625
0 0.361250 0.810937 0.192500 0.271875
0 0.668750 0.815625 0.152500 0.331250
0 0.740000 0.734375 0.100000 0.162500
0 0.975000 0.901563 0.050000 0.196875
0 0.662500 0.429688 0.115000 0.159375
0 0.845000 0.901563 0.130000 0.196875
0 0.941250 0.717187 0.117500 0.228125
0 0.925000 0.428125 0.150000 0.287500
0 0.483750 0.537500 0.107500 0.250000
0 0.588750 0.401562 0.082500 0.109375
0 0.702500 0.573438 0.120000 0.153125
0 0.851250 0.723437 0.092500 0.190625
0 0.486250 0.767188 0.077500 0.184375
0 0.555000 0.515625 0.060000 0.150000
0 0.251250 0.934375 0.207500 0.131250
