0 0.773750 0.401562 0.122500 0.146875
0 0.593750 0.601562 0.122500 0.140625
0 0.591250 0.200000 0.162500 0.312500
0 0.728750 0.278125 0.147500 0.150000
0 0.140000 0.657813 0.260000 0.315625
0 0.358750 0.812500 0.187500 0.268750
0 0.668750 0.814063 0.152500 0.334375
0 0.740000 0.734375 0.100000 0.162500
0 0.976250 0.895312 0.047500 0.209375
0 0.665000 0.429688 0.115000 0.159375
0 0.842500 0.900000 0.125000 0.200000
0 0.941250 0.715625 0.117500 0.225000
0 0.925000 0.434375 0.150000 0.287500
0 0.485000 0.535937 0.105000 0.246875
0 0.587500 0.401562 0.080000 0.109375
0 0.702500 0.571875 0.120000 0.150000
0 0.852500 0.725000 0.090000 0.175000
0 0.486250 0.767188 0.077500 0.184375
0 0.555000 0.525000 0.065000 0.143750
0 0.258750 0.934375 0.207500 0.131250
