0 0.771250 0.401562 0.122500 0.146875
0 0.588750 0.592187 0.117500 0.153125
0 0.588750 0.142187 0.162500 0.312500
0 0.728750 0.295312 0.147500 0.150000
0 0.132500 0.659375 0.260000 0.315625
0 0.362500 0.800000 0.205000 0.278125
0 0.666250 0.754687 0.152500 0.325000
0 0.735000 0.715625 0.100000 0.165625
0 0.972500 0.862500 0.055000 0.171875
0 0.660000 0.421875 0.115000 0.162500
0 0.848750 0.898438 0.137500 0.187500
0 0.942500 0.675000 0.115000 0.228125
0 0.925000 0.368750 0.150000 0.287500
0 0.481250 0.482812 0.112500 0.253125
0 0.590000 0.400000 0.085000 0.109375
0 0.705000 0.565625 0.120000 0.159375
0 0.851250 0.667188 0.092500 0.203125
0 0.486250 0.723437 0.077500 0.184375
0 0.552500 0.478125 0.060000 0.150000
0 0.238750 1.001562 0.212500 0.131250
