0 0.768750 0.398438 0.122500 0.146875
0 0.588750 0.589063 0.117500 0.159375
0 0.588750 0.142187 0.162500 0.312500
0 0.728750 0.295312 0.147500 0.150000
0 0.130000 0.659375 0.260000 0.315625
0 0.360000 0.800000 0.205000 0.278125
0 0.667500 0.762500 0.155000 0.321875
0 0.735000 0.715625 0.100000 0.165625
0 0.972500 0.862500 0.055000 0.171875
0 0.661250 0.426563 0.117500 0.165625
0 0.847500 0.896875 0.135000 0.187500
0 0.942500 0.675000 0.115000 0.228125
0 0.925000 0.362500 0.150000 0.287500
0 0.480000 0.484375 0.115000 0.253125
0 0.591250 0.401562 0.087500 0.109375
0 0.705000 0.565625 0.120000 0.162500
0 0.851250 0.657813 0.092500 0.206250
0 0.486250 0.726562 0.077500 0.184375
0 0.552500 0.478125 0.060000 0.150000
0 0.232500 1.003125 0.215000 0.131250
