0 0.753750 0.362500 0.122500 0.162500
0 0.562500 0.654687 0.115000 0.196875
0 0.566250 0.175000 0.162500 0.312500
0 0.698750 0.264062 0.157500 0.171875
0 0.106250 0.650000 0.212500 0.287500
0 0.317500 0.839063 0.205000 0.278125
0 0.677500 0.879687 0.180000 0.240625
0 0.707500 0.753125 0.155000 0.193750
0 0.970000 0.925000 0.060000 0.150000
0 0.642500 0.453125 0.125000 0.200000
0 0.851250 0.906250 0.122500 0.187500
0 0.942500 0.721875 0.115000 0.237500
0 0.925000 0.293750 0.150000 0.287500
0 0.445000 0.509375 0.180000 0.306250
0 0.586250 0.401562 0.067500 0.159375
0 0.715000 0.560937 0.120000 0.209375
0 0.840000 0.598437 0.105000 0.303125
0 0.436250 0.764062 0.077500 0.184375
0 0.531250 0.507812 0.077500 0.165625
0 0.112500 0.951562 0.225000 0.096875
