0 0.761250 0.385937 0.122500 0.146875
0 0.581250 0.567187 0.107500 0.196875
0 0.578750 0.132812 0.162500 0.312500
0 0.728750 0.295312 0.147500 0.150000
0 0.118750 0.639062 0.237500 0.321875
0 0.347500 0.809375 0.205000 0.278125
0 0.666250 0.798438 0.157500 0.296875
0 0.720000 0.721875 0.110000 0.178125
0 0.971250 0.873437 0.057500 0.162500
0 0.652500 0.428125 0.120000 0.181250
0 0.850000 0.893750 0.130000 0.187500
0 0.942500 0.675000 0.115000 0.231250
0 0.925000 0.315625 0.150000 0.287500
0 0.471250 0.495312 0.132500 0.265625
0 0.587500 0.390625 0.080000 0.131250
0 0.710000 0.550000 0.120000 0.181250
0 0.846250 0.585938 0.092500 0.256250
0 0.481250 0.729688 0.077500 0.184375
0 0.543750 0.479687 0.062500 0.150000
0 0.170000 1.012500 0.230000 0.131250
