0 0.753750 0.356250 0.122500 0.168750
0 0.553750 0.664062 0.137500 0.196875
0 0.561250 0.171875 0.162500 0.312500
0 0.692500 0.265625 0.155000 0.168750
0 0.103750 0.650000 0.207500 0.275000
0 0.312500 0.842187 0.205000 0.278125
0 0.680000 0.885938 0.185000 0.228125
0 0.710000 0.750000 0.155000 0.193750
0 0.970000 0.926562 0.060000 0.146875
0 0.641250 0.456250 0.127500 0.206250
0 0.852500 0.906250 0.120000 0.187500
0 0.943750 0.723437 0.112500 0.240625
0 0.925000 0.278125 0.150000 0.287500
0 0.445000 0.512500 0.180000 0.312500
0 0.583750 0.398438 0.067500 0.159375
0 0.717500 0.560937 0.120000 0.215625
0 0.840000 0.587500 0.110000 0.312500
0 0.426250 0.768750 0.087500 0.200000
0 0.527500 0.504687 0.080000 0.171875
0 0.108750 0.979688 0.217500 0.040625
