0 0.748750 0.325000 0.122500 0.206250
0 0.523750 0.690625 0.182500 0.237500
0 0.531250 0.159375 0.162500 0.312500
0 0.662500 0.243750 0.135000 0.156250
0 0.096250 0.667188 0.192500 0.303125
0 0.266250 0.887500 0.197500 0.225000
0 0.695000 0.915625 0.210000 0.168750
0 0.717500 0.735938 0.155000 0.196875
0 0.968750 0.932813 0.062500 0.134375
0 0.625000 0.446875 0.130000 0.218750
0 0.860000 0.940625 0.130000 0.118750
0 0.943750 0.739062 0.112500 0.234375
0 0.925000 0.200000 0.150000 0.287500
0 0.445000 0.532813 0.180000 0.353125
0 0.571250 0.379688 0.067500 0.159375
0 0.711250 0.546875 0.122500 0.218750
0 0.835000 0.501563 0.110000 0.315625
0 0.370000 0.825000 0.120000 0.212500
0 0.512500 0.485938 0.080000 0.171875
