0 0.748750 0.292187 0.122500 0.212500
0 0.521250 0.682813 0.182500 0.246875
0 0.528750 0.104688 0.162500 0.312500
0 0.658750 0.245312 0.132500 0.156250
0 0.095000 0.634375 0.190000 0.306250
0 0.260000 0.906250 0.195000 0.215625
0 0.695000 0.962500 0.210000 0.168750
0 0.715000 0.731250 0.155000 0.200000
0 0.968750 0.907813 0.062500 0.131250
0 0.620000 0.415625 0.130000 0.218750
0 0.862500 0.984375 0.135000 0.100000
0 0.943750 0.701562 0.112500 0.234375
0 0.925000 0.143750 0.150000 0.287500
0 0.445000 0.468750 0.180000 0.356250
0 0.568750 0.342187 0.067500 0.159375
0 0.711250 0.510938 0.122500 0.218750
0 0.835000 0.406250 0.110000 0.315625
0 0.370000 0.800000 0.120000 0.212500
0 0.510000 0.450000 0.080000 0.171875
