0 0.748750 0.320312 0.122500 0.209375
0 0.521250 0.690625 0.182500 0.243750
0 0.531250 0.159375 0.162500 0.312500
0 0.662500 0.243750 0.135000 0.156250
0 0.095000 0.668750 0.190000 0.306250
0 0.265000 0.892188 0.195000 0.215625
0 0.695000 0.915625 0.210000 0.168750
0 0.717500 0.735938 0.155000 0.196875
0 0.968750 0.934375 0.062500 0.131250
0 0.620000 0.443750 0.130000 0.218750
0 0.861250 0.946875 0.132500 0.106250
0 0.945000 0.743750 0.110000 0.231250
0 0.925000 0.196875 0.150000 0.287500
0 0.445000 0.534375 0.180000 0.356250
0 0.568750 0.379688 0.067500 0.159375
0 0.711250 0.543750 0.122500 0.218750
0 0.835000 0.498437 0.110000 0.315625
0 0.370000 0.828125 0.120000 0.212500
0 0.510000 0.485938 0.080000 0.171875
