0 0.745000 0.295312 0.130000 0.228125
0 0.513750 0.696875 0.182500 0.287500
0 0.496250 0.101562 0.222500 0.203125
0 0.643750 0.223438 0.117500 0.165625
0 0.095000 0.690625 0.190000 0.300000
0 0.217500 0.898438 0.195000 0.203125
0 0.702500 0.915625 0.210000 0.168750
0 0.711250 0.723437 0.157500 0.215625
0 0.962500 0.957812 0.075000 0.084375
0 0.605000 0.415625 0.130000 0.218750
0 0.928750 0.760938 0.142500 0.253125
0 0.925000 0.159375 0.150000 0.287500
0 0.415000 0.551562 0.180000 0.378125
0 0.563750 0.376563 0.067500 0.159375
0 0.705000 0.532813 0.125000 0.221875
0 0.860000 0.428125 0.165000 0.293750
0 0.370000 0.859375 0.120000 0.212500
0 0.507500 0.473438 0.080000 0.171875
