0 0.732500 0.254688 0.155000 0.221875
0 0.488750 0.707812 0.182500 0.328125
0 0.478750 0.109375 0.222500 0.206250
0 0.616250 0.187500 0.102500 0.206250
0 0.093750 0.759375 0.187500 0.231250
0 0.217500 0.921875 0.195000 0.156250
0 0.712500 0.915625 0.210000 0.168750
0 0.701250 0.704688 0.162500 0.246875
0 0.605000 0.384375 0.130000 0.218750
0 0.922500 0.778125 0.155000 0.300000
0 0.926250 0.140625 0.147500 0.262500
0 0.386250 0.578125 0.182500 0.425000
0 0.530000 0.301563 0.070000 0.159375
0 0.697500 0.490625 0.125000 0.256250
0 0.860000 0.390625 0.165000 0.293750
0 0.356250 0.893750 0.117500 0.200000
0 0.500000 0.445312 0.080000 0.171875
