0 0.727500 0.234375 0.165000 0.215625
0 0.478750 0.651563 0.182500 0.343750
0 0.471250 0.145313 0.222500 0.206250
0 0.603750 0.117188 0.102500 0.225000
0 0.088750 0.820312 0.177500 0.165625
0 0.210000 0.965625 0.195000 0.156250
0 0.725000 0.953125 0.195000 0.168750
0 0.697500 0.671875 0.165000 0.259375
0 0.602500 0.350000 0.130000 0.218750
0 0.906250 0.726562 0.157500 0.328125
0 0.926250 0.101562 0.147500 0.243750
0 0.386250 0.479687 0.182500 0.446875
0 0.530000 0.265625 0.075000 0.159375
0 0.705000 0.431250 0.140000 0.259375
0 0.862500 0.328125 0.165000 0.293750
0 0.348750 0.879687 0.112500 0.184375
0 0.487500 0.403125 0.080000 0.171875
