0 0.737500 0.184375 0.180000 0.200000
0 0.456250 0.717187 0.182500 0.371875
0 0.453750 0.112500 0.222500 0.206250
0 0.606250 0.128125 0.132500 0.225000
0 0.062500 0.818750 0.125000 0.206250
0 0.202500 0.939063 0.195000 0.121875
0 0.760000 0.915625 0.155000 0.168750
0 0.690000 0.684375 0.155000 0.325000
0 0.602500 0.356250 0.130000 0.218750
0 0.891250 0.870313 0.182500 0.228125
0 0.918750 0.092188 0.162500 0.165625
0 0.390000 0.573438 0.185000 0.478125
0 0.525000 0.285938 0.080000 0.159375
0 0.727500 0.423438 0.155000 0.259375
0 0.887500 0.315625 0.165000 0.293750
0 0.328750 0.923438 0.102500 0.153125
0 0.490000 0.414062 0.080000 0.171875
