0 0.736250 0.189062 0.177500 0.203125
0 0.458750 0.717187 0.182500 0.371875
0 0.456250 0.112500 0.222500 0.206250
0 0.605000 0.128125 0.130000 0.225000
0 0.063750 0.814063 0.127500 0.196875
0 0.202500 0.935937 0.195000 0.128125
0 0.757500 0.915625 0.160000 0.168750
0 0.691250 0.687500 0.157500 0.318750
0 0.602500 0.362500 0.130000 0.218750
0 0.890000 0.860938 0.180000 0.246875
0 0.921250 0.100000 0.157500 0.181250
0 0.390000 0.582812 0.185000 0.478125
0 0.527500 0.289062 0.080000 0.159375
0 0.725000 0.426563 0.155000 0.259375
0 0.885000 0.318750 0.165000 0.293750
0 0.328750 0.921875 0.102500 0.156250
0 0.490000 0.417187 0.080000 0.171875
