0 0.736250 0.185938 0.177500 0.203125
0 0.458750 0.717187 0.182500 0.371875
0 0.456250 0.112500 0.222500 0.206250
0 0.605000 0.128125 0.130000 0.225000
0 0.063750 0.817187 0.127500 0.203125
0 0.202500 0.937500 0.195000 0.125000
0 0.758750 0.915625 0.157500 0.168750
0 0.690000 0.685937 0.155000 0.321875
0 0.602500 0.359375 0.130000 0.218750
0 0.890000 0.867188 0.180000 0.234375
0 0.920000 0.095312 0.160000 0.171875
0 0.390000 0.576562 0.185000 0.478125
0 0.525000 0.285938 0.080000 0.159375
0 0.725000 0.423438 0.155000 0.259375
0 0.887500 0.315625 0.165000 0.293750
0 0.328750 0.923438 0.102500 0.153125
0 0.490000 0.417187 0.080000 0.171875
