0 0.755000 0.196875 0.205000 0.168750
0 0.441250 0.651563 0.182500 0.384375
0 0.411250 0.139063 0.222500 0.193750
0 0.580000 0.109375 0.140000 0.190625
0 0.055000 0.784375 0.110000 0.284375
0 0.778750 0.970313 0.127500 0.109375
0 0.688750 0.701562 0.207500 0.325000
0 0.607500 0.256250 0.130000 0.218750
0 0.892500 0.956250 0.150000 0.137500
0 0.915000 0.115625 0.170000 0.143750
0 0.413750 0.304688 0.147500 0.415625
0 0.513750 0.235937 0.087500 0.153125
0 0.798750 0.404687 0.237500 0.228125
0 0.902500 0.262500 0.195000 0.171875
0 0.332500 0.934375 0.075000 0.112500
0 0.495000 0.331250 0.080000 0.203125
