0 0.745000 0.168750 0.190000 0.187500
0 0.448750 0.720313 0.182500 0.384375
0 0.438750 0.106250 0.222500 0.206250
0 0.602500 0.118750 0.145000 0.225000
0 0.055000 0.856250 0.110000 0.281250
0 0.202500 0.945312 0.195000 0.109375
0 0.772500 0.925000 0.140000 0.150000
0 0.685000 0.701562 0.175000 0.328125
0 0.605000 0.325000 0.130000 0.218750
0 0.891250 0.910937 0.172500 0.178125
0 0.915000 0.081250 0.170000 0.143750
0 0.395000 0.507812 0.185000 0.478125
0 0.520000 0.276562 0.080000 0.159375
0 0.773750 0.398438 0.237500 0.228125
0 0.902500 0.248438 0.195000 0.171875
0 0.328750 0.934375 0.082500 0.131250
0 0.495000 0.395313 0.080000 0.178125
