0 0.748750 0.160938 0.197500 0.178125
0 0.443750 0.726562 0.182500 0.384375
0 0.426250 0.101562 0.222500 0.203125
0 0.585000 0.115625 0.120000 0.225000
0 0.055000 0.857812 0.110000 0.284375
0 0.202500 0.945312 0.195000 0.109375
0 0.776250 0.935937 0.132500 0.128125
0 0.682500 0.717187 0.190000 0.328125
0 0.605000 0.306250 0.130000 0.218750
0 0.902500 0.918750 0.165000 0.162500
0 0.915000 0.081250 0.170000 0.143750
0 0.400000 0.462500 0.175000 0.462500
0 0.517500 0.267188 0.080000 0.159375
0 0.786250 0.376563 0.237500 0.228125
0 0.902500 0.235937 0.195000 0.171875
0 0.327500 0.942187 0.070000 0.115625
0 0.495000 0.385937 0.080000 0.190625
