0 0.745000 0.193750 0.190000 0.187500
0 0.448750 0.642188 0.182500 0.384375
0 0.438750 0.142187 0.222500 0.206250
0 0.602500 0.100000 0.145000 0.225000
0 0.056250 0.785937 0.112500 0.275000
0 0.202500 1.012500 0.195000 0.109375
0 0.772500 0.934375 0.140000 0.153125
0 0.686250 0.642188 0.172500 0.328125
0 0.605000 0.300000 0.130000 0.218750
0 0.890000 0.925000 0.175000 0.184375
0 0.915000 0.115625 0.170000 0.143750
0 0.392500 0.390625 0.185000 0.478125
0 0.522500 0.246875 0.080000 0.159375
0 0.771250 0.435937 0.237500 0.228125
0 0.902500 0.287500 0.195000 0.171875
0 0.327500 0.918750 0.085000 0.134375
0 0.495000 0.356250 0.080000 0.175000
