0 0.756250 0.151562 0.207500 0.165625
0 0.441250 0.729688 0.182500 0.384375
0 0.406250 0.093750 0.222500 0.187500
0 0.582500 0.117188 0.165000 0.190625
0 0.055000 0.857812 0.110000 0.284375
0 0.780000 0.948438 0.125000 0.103125
0 0.705000 0.751563 0.225000 0.321875
0 0.612500 0.265625 0.130000 0.218750
0 0.892500 0.935937 0.145000 0.128125
0 0.915000 0.081250 0.170000 0.143750
0 0.418750 0.403125 0.132500 0.393750
0 0.510000 0.254688 0.095000 0.146875
0 0.806250 0.367188 0.237500 0.228125
0 0.902500 0.223438 0.195000 0.171875
0 0.333750 0.943750 0.077500 0.112500
0 0.495000 0.378125 0.080000 0.206250
