0 0.756250 0.198437 0.207500 0.165625
0 0.441250 0.651563 0.182500 0.384375
0 0.408750 0.139063 0.222500 0.190625
0 0.582500 0.125000 0.160000 0.184375
0 0.055000 0.784375 0.110000 0.284375
0 0.780000 0.975000 0.125000 0.103125
0 0.698750 0.717187 0.217500 0.321875
0 0.610000 0.243750 0.130000 0.218750
0 0.890000 0.962500 0.145000 0.128125
0 0.915000 0.115625 0.170000 0.143750
0 0.416250 0.295312 0.137500 0.403125
0 0.511250 0.239063 0.092500 0.150000
0 0.803750 0.401562 0.237500 0.228125
0 0.902500 0.262500 0.195000 0.171875
0 0.333750 0.935937 0.077500 0.112500
0 0.495000 0.325000 0.080000 0.206250
