0 0.752500 0.171875 0.230000 0.153125
0 0.431250 0.660937 0.182500 0.384375
0 0.385000 0.150000 0.240000 0.178125
0 0.597500 0.112500 0.180000 0.121875
0 0.762500 0.934375 0.350000 0.275000
0 0.628750 0.204687 0.157500 0.137500
0 0.930000 0.950000 0.140000 0.137500
0 0.915000 0.115625 0.170000 0.143750
0 0.421250 0.239063 0.102500 0.346875
0 0.496250 0.207813 0.122500 0.131250
0 0.893750 0.348438 0.152500 0.356250
0 0.948750 0.157812 0.102500 0.171875
0 0.325000 0.937500 0.080000 0.112500
0 0.495000 0.284375 0.080000 0.246875
0 0.980000 0.334375 0.040000 0.271875
