0 0.758750 0.148438 0.212500 0.159375
0 0.438750 0.732812 0.182500 0.384375
0 0.396250 0.090625 0.222500 0.181250
0 0.567500 0.110937 0.125000 0.221875
0 0.055000 0.857812 0.110000 0.284375
0 0.780000 0.948438 0.125000 0.103125
0 0.723750 0.770312 0.242500 0.315625
0 0.617500 0.240625 0.130000 0.218750
0 0.901250 0.934375 0.142500 0.131250
0 0.915000 0.081250 0.170000 0.143750
0 0.427500 0.379688 0.115000 0.365625
0 0.503750 0.246875 0.102500 0.137500
0 0.813750 0.364063 0.237500 0.228125
0 0.902500 0.217188 0.195000 0.171875
0 0.332500 0.943750 0.080000 0.112500
0 0.495000 0.376563 0.080000 0.215625
