0 0.752500 0.106250 0.230000 0.156250
0 0.431250 0.739062 0.182500 0.384375
0 0.385000 0.089063 0.240000 0.178125
0 0.596250 0.062500 0.177500 0.125000
0 0.763750 0.853125 0.347500 0.275000
0 0.628750 0.175000 0.157500 0.137500
0 0.930000 0.932813 0.140000 0.134375
0 0.915000 0.081250 0.170000 0.143750
0 0.421250 0.348438 0.102500 0.346875
0 0.496250 0.200000 0.122500 0.131250
0 0.892500 0.429688 0.155000 0.353125
0 0.948750 0.179688 0.102500 0.171875
0 0.325000 0.943750 0.080000 0.112500
0 0.495000 0.357812 0.080000 0.246875
0 0.980000 0.448437 0.040000 0.271875
