0 0.757500 0.193750 0.215000 0.156250
0 0.436250 0.654687 0.182500 0.384375
0 0.393750 0.142187 0.227500 0.178125
0 0.576250 0.089063 0.142500 0.196875
0 0.780000 0.975000 0.125000 0.103125
0 0.747500 0.803125 0.265000 0.312500
0 0.626250 0.192188 0.132500 0.212500
0 0.926250 0.942187 0.147500 0.150000
0 0.915000 0.115625 0.170000 0.143750
0 0.431250 0.251563 0.102500 0.346875
0 0.498750 0.242188 0.112500 0.128125
0 0.837500 0.378125 0.210000 0.256250
0 0.902500 0.240625 0.195000 0.171875
0 0.330000 0.937500 0.080000 0.112500
0 0.495000 0.309375 0.080000 0.221875
