0 0.755000 0.184375 0.225000 0.156250
0 0.433750 0.657813 0.182500 0.384375
0 0.390000 0.146875 0.235000 0.178125
0 0.590000 0.106250 0.170000 0.153125
0 0.786250 0.870313 0.302500 0.303125
0 0.635000 0.203125 0.150000 0.159375
0 0.928750 0.957812 0.142500 0.131250
0 0.915000 0.115625 0.170000 0.143750
0 0.426250 0.245312 0.102500 0.346875
0 0.492500 0.228125 0.120000 0.118750
0 0.875000 0.365625 0.185000 0.281250
0 0.933750 0.189062 0.132500 0.171875
0 0.327500 0.937500 0.080000 0.112500
0 0.495000 0.296875 0.080000 0.234375
0 0.980000 0.375000 0.040000 0.271875
