0 0.760000 0.145313 0.215000 0.159375
0 0.438750 0.732812 0.182500 0.384375
0 0.395000 0.090625 0.225000 0.181250
0 0.572500 0.104688 0.135000 0.209375
0 0.780000 0.948438 0.125000 0.103125
0 0.737500 0.782813 0.255000 0.315625
0 0.622500 0.225000 0.130000 0.218750
0 0.915000 0.929688 0.145000 0.140625
0 0.915000 0.081250 0.170000 0.143750
0 0.432500 0.365625 0.105000 0.350000
0 0.501250 0.240625 0.107500 0.131250
0 0.827500 0.367188 0.225000 0.240625
0 0.902500 0.210938 0.195000 0.171875
0 0.332500 0.943750 0.080000 0.112500
0 0.495000 0.371875 0.080000 0.218750
