0 0.768750 0.154688 0.232500 0.153125
0 0.418750 0.673438 0.182500 0.384375
0 0.377500 0.159375 0.255000 0.168750
0 0.570000 0.093750 0.150000 0.118750
0 0.832500 0.846875 0.220000 0.271875
0 0.598750 0.173437 0.157500 0.190625
0 0.951250 0.832812 0.097500 0.228125
0 0.915000 0.115625 0.170000 0.143750
0 0.403750 0.214062 0.102500 0.346875
0 0.476250 0.192188 0.137500 0.112500
0 0.885000 0.312500 0.145000 0.475000
0 0.322500 0.937500 0.080000 0.112500
0 0.488750 0.273438 0.087500 0.259375
0 0.955000 0.390625 0.070000 0.234375
0 0.108750 0.548438 0.187500 0.481250
