0 0.758750 0.160938 0.232500 0.153125
0 0.426250 0.667188 0.182500 0.384375
0 0.381250 0.157812 0.252500 0.175000
0 0.586250 0.098437 0.157500 0.093750
0 0.783750 0.932813 0.322500 0.262500
0 0.586250 0.195312 0.157500 0.162500
0 0.941250 0.848437 0.117500 0.225000
0 0.915000 0.115625 0.170000 0.143750
0 0.413750 0.226562 0.102500 0.346875
0 0.491250 0.192188 0.122500 0.150000
0 0.887500 0.309375 0.145000 0.406250
0 0.948750 0.154688 0.102500 0.171875
0 0.322500 0.937500 0.080000 0.112500
0 0.493750 0.273438 0.082500 0.259375
0 0.980000 0.303125 0.040000 0.165625
