0 0.767500 0.089063 0.230000 0.140625
0 0.413750 0.760938 0.182500 0.384375
0 0.377500 0.079687 0.255000 0.159375
0 0.566250 0.046875 0.152500 0.093750
0 0.843750 0.821875 0.147500 0.262500
0 0.583750 0.176563 0.157500 0.190625
0 0.955000 0.854688 0.090000 0.290625
0 0.915000 0.081250 0.170000 0.143750
0 0.398750 0.303125 0.102500 0.318750
0 0.467500 0.143750 0.145000 0.093750
0 0.830000 0.610938 0.200000 0.240625
0 0.320000 0.943750 0.080000 0.112500
0 0.487500 0.343750 0.095000 0.256250
0 0.945000 0.509375 0.095000 0.237500
0 0.178750 0.698438 0.197500 0.540625
0 0.058750 0.434375 0.112500 0.206250
