0 0.753750 0.093750 0.227500 0.125000
0 0.403750 0.795312 0.182500 0.384375
0 0.377500 0.070312 0.255000 0.140625
0 0.558750 0.032813 0.142500 0.065625
0 0.581250 0.151562 0.157500 0.190625
0 0.915000 0.081250 0.170000 0.143750
0 0.391250 0.285938 0.107500 0.278125
0 0.456250 0.125000 0.137500 0.112500
0 0.717500 0.601562 0.250000 0.271875
0 0.317500 0.943750 0.080000 0.112500
0 0.493750 0.326562 0.107500 0.246875
0 0.892500 0.684375 0.095000 0.312500
0 0.312500 0.514062 0.150000 0.240625
0 0.123750 0.285938 0.212500 0.246875
0 0.801250 0.839063 0.092500 0.096875
0 0.796250 0.962500 0.062500 0.075000
0 0.833750 0.701562 0.067500 0.103125
0 0.771250 0.757812 0.072500 0.103125
