0 0.728750 0.087500 0.227500 0.125000
0 0.398750 0.807813 0.177500 0.384375
0 0.365000 0.068750 0.255000 0.137500
0 0.546250 0.039062 0.142500 0.078125
0 0.571250 0.145313 0.157500 0.190625
0 0.915000 0.081250 0.170000 0.143750
0 0.387500 0.285938 0.110000 0.278125
0 0.451250 0.118750 0.137500 0.112500
0 0.668750 0.614062 0.257500 0.246875
0 0.317500 0.943750 0.080000 0.112500
0 0.496250 0.320312 0.107500 0.246875
0 0.901250 0.792188 0.152500 0.284375
0 0.325000 0.609375 0.135000 0.143750
0 0.132500 0.226562 0.225000 0.253125
0 0.761250 0.870313 0.092500 0.134375
0 0.778750 0.981250 0.072500 0.037500
0 0.831250 0.740625 0.067500 0.137500
0 0.767500 0.742188 0.070000 0.115625
