0 0.767500 0.175000 0.230000 0.128125
0 0.403750 0.698438 0.182500 0.384375
0 0.377500 0.159375 0.255000 0.146875
0 0.561250 0.098437 0.157500 0.071875
0 0.841250 0.745313 0.107500 0.159375
0 0.583750 0.167187 0.157500 0.190625
0 0.915000 0.115625 0.170000 0.143750
0 0.397500 0.212500 0.105000 0.278125
0 0.458750 0.164062 0.137500 0.109375
0 0.747500 0.565625 0.230000 0.321875
0 0.317500 0.937500 0.080000 0.112500
0 0.493750 0.279687 0.107500 0.246875
0 0.910000 0.528125 0.095000 0.237500
0 0.258750 0.489063 0.212500 0.425000
0 0.102500 0.328125 0.180000 0.234375
0 0.863750 0.842187 0.077500 0.084375
0 0.858750 0.939063 0.057500 0.096875
