0 0.726250 0.164062 0.222500 0.137500
0 0.372500 0.715625 0.160000 0.384375
0 0.355000 0.153125 0.230000 0.137500
0 0.496250 0.073438 0.117500 0.056250
0 0.551250 0.135937 0.157500 0.190625
0 0.915000 0.115625 0.170000 0.143750
0 0.382500 0.218750 0.115000 0.278125
0 0.431250 0.145313 0.137500 0.112500
0 0.618750 0.673438 0.257500 0.246875
0 0.317500 0.937500 0.080000 0.112500
0 0.492500 0.259375 0.100000 0.234375
0 0.926250 0.845313 0.147500 0.246875
0 0.125000 0.196875 0.225000 0.250000
0 0.761250 0.870313 0.092500 0.146875
0 0.778750 1.017187 0.072500 0.028125
0 0.835000 0.746875 0.095000 0.190625
0 0.737500 0.709375 0.080000 0.137500
0 0.256250 0.467187 0.152500 0.193750
0 0.338750 0.626563 0.117500 0.206250
0 0.605000 0.987500 0.180000 0.125000
