0 0.723750 0.160938 0.217500 0.140625
0 0.360000 0.709375 0.150000 0.384375
0 0.368750 0.142187 0.202500 0.137500
0 0.498750 0.085938 0.137500 0.050000
0 0.551250 0.148438 0.157500 0.175000
0 0.915000 0.115625 0.170000 0.143750
0 0.377500 0.218750 0.115000 0.278125
0 0.423750 0.142187 0.137500 0.112500
0 0.591250 0.676562 0.257500 0.250000
0 0.317500 0.937500 0.080000 0.112500
0 0.483750 0.251563 0.097500 0.231250
0 0.945000 0.878125 0.110000 0.190625
0 0.116250 0.185938 0.227500 0.221875
0 0.768750 0.860938 0.092500 0.187500
0 0.852500 0.784375 0.130000 0.200000
0 0.727500 0.681250 0.100000 0.178125
0 0.223750 0.470313 0.172500 0.237500
0 0.290000 0.643750 0.135000 0.250000
0 0.521250 0.932813 0.157500 0.165625
0 0.661250 0.976562 0.092500 0.081250
