0 0.723750 0.179688 0.207500 0.190625
0 0.356250 0.782813 0.147500 0.309375
0 0.411250 0.117188 0.112500 0.137500
0 0.522500 0.106250 0.140000 0.128125
0 0.556250 0.220312 0.157500 0.125000
0 0.915000 0.115625 0.170000 0.143750
0 0.372500 0.234375 0.120000 0.278125
0 0.485000 0.615625 0.205000 0.275000
0 0.317500 0.937500 0.080000 0.112500
0 0.458750 0.251563 0.097500 0.231250
0 0.050000 0.068750 0.095000 0.209375
0 0.896250 0.895312 0.112500 0.175000
0 0.951250 0.723437 0.097500 0.250000
0 0.677500 0.553125 0.155000 0.300000
0 0.077500 0.500000 0.155000 0.393750
0 0.207500 0.900000 0.190000 0.218750
0 0.945000 0.250000 0.110000 0.162500
0 0.477500 0.818750 0.065000 0.190625
0 0.531250 0.879687 0.062500 0.143750
