0 0.723750 0.179688 0.207500 0.193750
0 0.356250 0.785937 0.147500 0.306250
0 0.411250 0.117188 0.112500 0.137500
0 0.522500 0.106250 0.145000 0.128125
0 0.556250 0.223438 0.157500 0.125000
0 0.915000 0.115625 0.170000 0.143750
0 0.372500 0.234375 0.120000 0.278125
0 0.485000 0.612500 0.205000 0.275000
0 0.317500 0.937500 0.080000 0.112500
0 0.458750 0.251563 0.097500 0.231250
0 0.046250 0.064062 0.087500 0.209375
0 0.896250 0.895312 0.112500 0.175000
0 0.951250 0.723437 0.097500 0.250000
0 0.678750 0.554688 0.157500 0.306250
0 0.075000 0.493750 0.150000 0.400000
0 0.205000 0.900000 0.190000 0.218750
0 0.943750 0.251563 0.112500 0.162500
0 0.475000 0.818750 0.065000 0.190625
0 0.535000 0.881250 0.065000 0.143750
