0 0.720000 0.156250 0.210000 0.156250
0 0.356250 0.757812 0.147500 0.334375
0 0.403750 0.123438 0.132500 0.137500
0 0.536250 0.101562 0.162500 0.084375
0 0.553750 0.189062 0.157500 0.131250
0 0.915000 0.115625 0.170000 0.143750
0 0.372500 0.225000 0.120000 0.278125
0 0.446250 0.170313 0.137500 0.112500
0 0.505000 0.656250 0.225000 0.271875
0 0.317500 0.937500 0.080000 0.112500
0 0.463750 0.248438 0.097500 0.231250
0 0.980000 0.906250 0.040000 0.118750
0 0.105000 0.137500 0.205000 0.209375
0 0.881250 0.882812 0.112500 0.187500
0 0.933750 0.723437 0.097500 0.250000
0 0.683750 0.564063 0.137500 0.268750
0 0.112500 0.565625 0.210000 0.315625
0 0.215000 0.793750 0.140000 0.268750
0 0.493750 0.857812 0.127500 0.209375
0 0.953750 0.239063 0.092500 0.146875
