0 0.733750 0.307812 0.207500 0.212500
0 0.333750 0.848437 0.192500 0.271875
0 0.506250 0.304688 0.157500 0.125000
0 0.915000 0.115625 0.170000 0.143750
0 0.370000 0.262500 0.120000 0.278125
0 0.476250 0.517188 0.212500 0.328125
0 0.317500 0.937500 0.080000 0.112500
0 0.467500 0.303125 0.120000 0.196875
0 0.916250 0.935937 0.142500 0.153125
0 0.951250 0.692187 0.097500 0.253125
0 0.687500 0.621875 0.180000 0.406250
0 0.036250 0.426563 0.072500 0.275000
0 0.116250 1.032812 0.222500 0.106250
0 0.918750 0.314063 0.162500 0.290625
0 0.486250 0.779687 0.112500 0.287500
0 0.553750 0.945312 0.077500 0.103125
0 0.597500 0.215625 0.095000 0.125000
0 0.420000 0.165625 0.075000 0.106250
0 0.346250 0.085938 0.082500 0.128125
0 0.977500 0.396875 0.045000 0.121875
0 0.486250 0.154688 0.062500 0.084375
0 0.531250 0.148438 0.097500 0.112500
