0 0.733750 0.275000 0.207500 0.212500
0 0.342500 0.857812 0.175000 0.284375
0 0.526250 0.240625 0.157500 0.125000
0 0.915000 0.081250 0.170000 0.143750
0 0.370000 0.317188 0.120000 0.278125
0 0.473750 0.557813 0.212500 0.328125
0 0.317500 0.943750 0.080000 0.112500
0 0.467500 0.326562 0.120000 0.196875
0 0.037500 0.114062 0.070000 0.209375
0 0.921250 0.923438 0.117500 0.153125
0 0.951250 0.768750 0.097500 0.250000
0 0.690000 0.653125 0.180000 0.406250
0 0.036250 0.551562 0.072500 0.340625
0 0.125000 0.946875 0.240000 0.106250
0 0.925000 0.331250 0.150000 0.262500
0 0.483750 0.879687 0.092500 0.228125
0 0.555000 0.939063 0.080000 0.121875
0 0.595000 0.182812 0.095000 0.103125
0 0.497500 0.150000 0.095000 0.106250
0 0.408750 0.157812 0.072500 0.103125
0 0.323750 0.073438 0.072500 0.140625
0 0.977500 0.429688 0.045000 0.121875
