0 0.736250 0.320312 0.202500 0.212500
0 0.316250 0.914062 0.227500 0.228125
0 0.500000 0.293750 0.110000 0.125000
0 0.915000 0.115625 0.170000 0.143750
0 0.370000 0.275000 0.120000 0.278125
0 0.477500 0.468750 0.140000 0.275000
0 0.317500 0.937500 0.080000 0.112500
0 0.467500 0.303125 0.120000 0.196875
0 0.910000 0.959375 0.175000 0.150000
0 0.952500 0.678125 0.095000 0.262500
0 0.675000 0.771875 0.180000 0.331250
0 0.103750 1.001562 0.197500 0.121875
0 0.900000 0.412500 0.170000 0.278125
0 0.507500 0.703125 0.115000 0.365625
0 0.552500 0.959375 0.075000 0.087500
0 0.650000 0.231250 0.145000 0.156250
0 0.452500 0.196875 0.075000 0.106250
0 0.411250 0.114062 0.087500 0.112500
0 0.977500 0.393750 0.045000 0.131250
0 0.508750 0.160938 0.062500 0.084375
0 0.585000 0.168750 0.125000 0.128125
