0 0.752500 0.312500 0.170000 0.212500
0 0.300000 0.943750 0.235000 0.203125
0 0.505000 0.306250 0.110000 0.134375
0 0.915000 0.115625 0.170000 0.143750
0 0.370000 0.281250 0.120000 0.278125
0 0.317500 0.937500 0.080000 0.112500
0 0.467500 0.303125 0.120000 0.196875
0 0.908750 0.960938 0.172500 0.146875
0 0.953750 0.676562 0.092500 0.268750
0 0.671250 1.023438 0.187500 0.093750
0 0.095000 0.981250 0.180000 0.131250
0 0.861250 0.435937 0.152500 0.290625
0 0.523750 0.645312 0.097500 0.415625
0 0.640000 0.218750 0.145000 0.156250
0 0.452500 0.206250 0.075000 0.106250
0 0.427500 0.159375 0.130000 0.100000
0 0.973750 0.379688 0.052500 0.181250
0 0.531250 0.170313 0.062500 0.084375
0 0.610000 0.175000 0.155000 0.137500
0 0.446250 0.542188 0.092500 0.125000
0 0.512500 0.465625 0.090000 0.109375
