0 0.758750 0.323437 0.152500 0.212500
0 0.275000 0.975000 0.235000 0.171875
0 0.520000 0.321875 0.120000 0.146875
0 0.915000 0.115625 0.170000 0.143750
0 0.370000 0.293750 0.120000 0.278125
0 0.317500 0.937500 0.080000 0.112500
0 0.467500 0.303125 0.120000 0.196875
0 0.908750 0.964063 0.172500 0.143750
0 0.956250 0.673438 0.087500 0.278125
0 0.650000 1.021875 0.145000 0.068750
0 0.082500 0.934375 0.155000 0.162500
0 0.848750 0.504687 0.162500 0.284375
0 0.536250 0.626563 0.072500 0.418750
0 0.642500 0.321875 0.145000 0.156250
0 0.460000 0.209375 0.075000 0.106250
0 0.455000 0.178125 0.145000 0.093750
0 0.962500 0.425000 0.075000 0.184375
0 0.536250 0.195312 0.062500 0.084375
0 0.630000 0.196875 0.175000 0.140625
0 0.443750 0.660937 0.092500 0.218750
0 0.525000 0.450000 0.090000 0.190625
