0 0.758750 0.362500 0.152500 0.212500
0 0.262500 0.934375 0.235000 0.131250
0 0.537500 0.326562 0.120000 0.146875
0 0.915000 0.081250 0.170000 0.143750
0 0.370000 0.364063 0.120000 0.278125
0 0.317500 0.943750 0.080000 0.112500
0 0.467500 0.326562 0.120000 0.196875
0 0.907500 0.931250 0.170000 0.137500
0 0.957500 0.760938 0.085000 0.284375
0 0.617500 0.965625 0.080000 0.068750
0 0.067500 0.889062 0.125000 0.221875
0 0.830000 0.573438 0.180000 0.296875
0 0.556250 0.789062 0.097500 0.421875
0 0.662500 0.307812 0.155000 0.165625
0 0.467500 0.212500 0.075000 0.106250
0 0.485000 0.140625 0.145000 0.093750
0 0.962500 0.492188 0.075000 0.184375
0 0.551250 0.217188 0.062500 0.084375
0 0.633750 0.142187 0.177500 0.171875
0 0.438750 0.782813 0.132500 0.221875
0 0.512500 0.506250 0.090000 0.218750
0 0.297500 0.045312 0.140000 0.090625
