0 0.758750 0.337500 0.152500 0.212500
0 0.275000 0.915625 0.235000 0.168750
0 0.522500 0.320312 0.120000 0.146875
0 0.915000 0.081250 0.170000 0.143750
0 0.370000 0.357812 0.120000 0.278125
0 0.317500 0.943750 0.080000 0.112500
0 0.467500 0.326562 0.120000 0.196875
0 0.907500 0.928125 0.170000 0.143750
0 0.956250 0.757812 0.087500 0.278125
0 0.646250 0.965625 0.137500 0.068750
0 0.081250 0.915625 0.152500 0.168750
0 0.846250 0.546875 0.162500 0.281250
0 0.535000 0.790625 0.070000 0.418750
0 0.646250 0.312500 0.147500 0.156250
0 0.460000 0.215625 0.075000 0.106250
0 0.460000 0.137500 0.145000 0.093750
0 0.962500 0.473438 0.075000 0.184375
0 0.536250 0.201563 0.062500 0.084375
0 0.633750 0.157812 0.177500 0.140625
0 0.443750 0.725000 0.092500 0.218750
0 0.527500 0.493750 0.090000 0.200000
