0 0.748750 0.417187 0.152500 0.212500
0 0.235000 1.028125 0.225000 0.112500
0 0.547500 0.356250 0.120000 0.146875
0 0.915000 0.115625 0.170000 0.143750
0 0.370000 0.306250 0.120000 0.278125
0 0.317500 0.937500 0.080000 0.112500
0 0.467500 0.303125 0.120000 0.196875
0 0.912500 1.012500 0.155000 0.084375
0 0.958750 0.670312 0.082500 0.296875
0 0.623750 0.982812 0.092500 0.075000
0 0.061250 0.707812 0.112500 0.362500
0 0.792500 0.578125 0.195000 0.300000
0 0.602500 0.650000 0.150000 0.356250
0 0.697500 0.315625 0.175000 0.187500
0 0.482500 0.243750 0.075000 0.106250
0 0.522500 0.193750 0.145000 0.093750
0 0.953750 0.539062 0.092500 0.128125
0 0.568750 0.254688 0.062500 0.084375
0 0.633750 0.167187 0.177500 0.193750
0 0.451250 0.789062 0.167500 0.306250
0 0.431250 0.573438 0.212500 0.250000
0 0.315000 0.084375 0.135000 0.175000
