0 0.746250 0.459375 0.152500 0.212500
0 0.221250 0.948438 0.217500 0.103125
0 0.550000 0.370312 0.120000 0.146875
0 0.915000 0.081250 0.170000 0.143750
0 0.370000 0.370312 0.120000 0.278125
0 0.317500 0.943750 0.080000 0.112500
0 0.467500 0.326562 0.120000 0.196875
0 0.937500 0.957812 0.110000 0.084375
0 0.938750 0.764062 0.122500 0.290625
0 0.631250 0.957812 0.107500 0.084375
0 0.065000 0.796875 0.120000 0.406250
0 0.768750 0.646875 0.162500 0.306250
0 0.618750 0.720313 0.157500 0.340625
0 0.717500 0.300000 0.185000 0.200000
0 0.490000 0.268750 0.075000 0.106250
0 0.527500 0.171875 0.145000 0.093750
0 0.953750 0.582812 0.092500 0.128125
0 0.568750 0.273438 0.062500 0.084375
0 0.633750 0.157812 0.177500 0.203125
0 0.428750 0.846875 0.207500 0.281250
0 0.405000 0.576562 0.220000 0.253125
0 0.323750 0.100000 0.117500 0.200000
