0 0.331250 0.770312 0.172500 0.296875
0 0.588750 0.773438 0.297500 0.278125
0 0.628750 0.526563 0.247500 0.190625
0 0.048750 0.610938 0.092500 0.309375
0 0.752500 0.293750 0.130000 0.318750
0 0.188750 0.582812 0.167500 0.309375
0 0.555000 0.175000 0.135000 0.212500
0 0.370000 0.382812 0.225000 0.140625
0 0.701250 0.679688 0.332500 0.153125
0 0.276250 0.239063 0.237500 0.271875
0 0.783750 0.070312 0.162500 0.140625
0 0.872500 0.246875 0.070000 0.162500
0 0.071250 0.178125 0.142500 0.231250
0 0.317500 0.053125 0.185000 0.106250
0 0.451250 0.892188 0.102500 0.215625
0 0.945000 0.210938 0.110000 0.190625
0 0.943750 0.403125 0.112500 0.181250
