0 0.372500 0.728125 0.150000 0.290625
0 0.611250 0.854688 0.347500 0.268750
0 0.608750 0.526563 0.217500 0.203125
0 0.070000 0.506250 0.135000 0.371875
0 0.751250 0.201563 0.122500 0.356250
0 0.216250 0.532813 0.167500 0.309375
0 0.527500 0.143750 0.135000 0.212500
0 0.963750 0.204687 0.072500 0.256250
0 0.391250 0.448437 0.222500 0.118750
0 0.681250 0.764062 0.282500 0.143750
0 0.232500 0.240625 0.230000 0.265625
0 0.776250 0.101562 0.162500 0.131250
0 0.895000 0.121875 0.070000 0.234375
0 0.060000 0.096875 0.120000 0.200000
0 0.283750 0.098437 0.157500 0.081250
0 0.456250 0.939063 0.097500 0.121875
