0 0.353750 0.775000 0.162500 0.293750
0 0.606250 0.762500 0.347500 0.268750
0 0.618750 0.492188 0.217500 0.203125
0 0.063750 0.607812 0.122500 0.353125
0 0.751250 0.296875 0.122500 0.343750
0 0.208750 0.582812 0.167500 0.309375
0 0.532500 0.175000 0.135000 0.212500
0 0.958750 0.275000 0.082500 0.281250
0 0.387500 0.371875 0.225000 0.125000
0 0.685000 0.667188 0.295000 0.146875
0 0.247500 0.229687 0.230000 0.265625
0 0.778750 0.070312 0.162500 0.140625
0 0.895000 0.201563 0.070000 0.234375
0 0.062500 0.135937 0.125000 0.209375
0 0.292500 0.045312 0.175000 0.090625
0 0.456250 0.926562 0.097500 0.146875
