0 0.420000 0.820312 0.130000 0.265625
0 0.617500 0.779687 0.335000 0.246875
0 0.587500 0.489063 0.215000 0.203125
0 0.081250 0.603125 0.162500 0.412500
0 0.746250 0.295312 0.127500 0.415625
0 0.228750 0.582812 0.167500 0.309375
0 0.515000 0.139063 0.130000 0.209375
0 0.966250 0.276562 0.067500 0.240625
0 0.372500 0.373437 0.190000 0.115625
0 0.672500 0.651563 0.270000 0.140625
0 0.192500 0.226562 0.230000 0.265625
0 0.768750 0.053125 0.162500 0.106250
0 0.897500 0.175000 0.070000 0.231250
0 0.051250 0.100000 0.102500 0.181250
