0 0.176250 0.818750 0.247500 0.256250
0 0.671250 0.885938 0.302500 0.221875
0 0.695000 0.557813 0.265000 0.165625
0 0.690000 0.345313 0.165000 0.215625
0 0.138750 0.578125 0.187500 0.281250
0 0.642500 0.123438 0.120000 0.240625
0 0.268750 0.451562 0.192500 0.221875
0 0.716250 0.671875 0.357500 0.175000
0 0.178750 0.292187 0.242500 0.153125
0 0.838750 0.176563 0.152500 0.203125
0 0.861250 0.418750 0.067500 0.087500
0 0.061250 0.207813 0.122500 0.146875
0 0.281250 0.067187 0.287500 0.134375
0 0.426250 0.620313 0.167500 0.378125
0 0.973750 0.554688 0.052500 0.078125
0 0.950000 0.059375 0.100000 0.112500
