0 0.300000 0.868750 0.295000 0.284375
0 0.592500 0.946875 0.305000 0.146875
0 0.838750 0.585938 0.177500 0.184375
0 0.617500 0.346875 0.200000 0.243750
0 0.111250 0.610938 0.222500 0.234375
0 0.693750 0.095312 0.152500 0.140625
0 0.311250 0.464062 0.152500 0.315625
0 0.645000 0.678125 0.180000 0.187500
0 0.117500 0.478125 0.235000 0.118750
0 0.828750 0.314063 0.192500 0.234375
0 0.966250 0.345313 0.067500 0.078125
0 0.045000 0.131250 0.090000 0.193750
0 0.288750 0.126562 0.202500 0.093750
0 0.486250 0.464062 0.227500 0.268750
0 0.923750 0.095312 0.152500 0.193750
