0 0.245000 0.842187 0.295000 0.284375
0 0.688750 0.835938 0.382500 0.178125
0 0.793750 0.585938 0.227500 0.165625
0 0.640000 0.345313 0.180000 0.215625
0 0.123750 0.590625 0.222500 0.293750
0 0.671250 0.089063 0.127500 0.178125
0 0.310000 0.500000 0.150000 0.300000
0 0.647500 0.659375 0.160000 0.187500
0 0.121250 0.345313 0.242500 0.146875
0 0.842500 0.285938 0.180000 0.209375
0 0.943750 0.364063 0.067500 0.065625
0 0.056250 0.212500 0.112500 0.156250
0 0.308750 0.046875 0.202500 0.093750
0 0.458750 0.506250 0.167500 0.268750
0 0.933750 0.082812 0.132500 0.165625
