0 0.183750 0.854688 0.282500 0.275000
0 0.688750 0.979688 0.347500 0.221875
0 0.720000 0.684375 0.305000 0.146875
0 0.670000 0.340625 0.165000 0.215625
0 0.131250 0.560937 0.207500 0.303125
0 0.653750 0.073438 0.117500 0.218750
0 0.291250 0.442188 0.162500 0.259375
0 0.673750 0.714063 0.227500 0.184375
0 0.138750 0.379688 0.242500 0.153125
0 0.850000 0.243750 0.175000 0.203125
0 0.881250 0.404687 0.072500 0.084375
0 0.063750 0.223438 0.127500 0.137500
0 0.290000 0.168750 0.270000 0.121875
0 0.443750 0.489063 0.167500 0.378125
0 0.943750 0.073438 0.112500 0.118750
