0 0.280000 0.878125 0.295000 0.284375
0 0.743750 0.864062 0.317500 0.228125
0 0.546250 0.248438 0.207500 0.271875
0 0.101250 0.617188 0.202500 0.209375
0 0.751250 0.095312 0.152500 0.140625
0 0.301250 0.473438 0.122500 0.318750
0 0.590000 0.662500 0.220000 0.181250
0 0.036250 0.382812 0.072500 0.115625
0 0.801250 0.364063 0.222500 0.178125
0 0.931250 0.332813 0.067500 0.090625
0 0.038750 0.048438 0.077500 0.225000
0 0.250000 0.103125 0.165000 0.087500
0 0.401250 0.367188 0.242500 0.275000
0 0.926250 0.092188 0.147500 0.206250
0 0.793750 0.489063 0.232500 0.146875
0 0.877500 0.628125 0.135000 0.159375
