0 0.300000 0.868750 0.295000 0.284375
0 0.582500 0.971875 0.330000 0.140625
0 0.593750 0.307812 0.207500 0.271875
0 0.111250 0.626563 0.222500 0.234375
0 0.708750 0.095312 0.152500 0.140625
0 0.308750 0.495312 0.152500 0.315625
0 0.616250 0.676562 0.197500 0.200000
0 0.086250 0.460938 0.172500 0.118750
0 0.831250 0.373437 0.202500 0.168750
0 0.943750 0.329688 0.067500 0.096875
0 0.045000 0.075000 0.090000 0.193750
0 0.270000 0.125000 0.200000 0.093750
0 0.471250 0.432812 0.242500 0.275000
0 0.923750 0.095312 0.152500 0.200000
0 0.777500 0.471875 0.115000 0.143750
0 0.862500 0.578125 0.135000 0.162500
