0 0.262500 0.896875 0.330000 0.256250
0 0.736250 0.867188 0.317500 0.196875
0 0.531250 0.239063 0.207500 0.271875
0 0.098750 0.614062 0.197500 0.203125
0 0.760000 0.096875 0.155000 0.140625
0 0.298750 0.473438 0.122500 0.318750
0 0.572500 0.637500 0.200000 0.190625
0 0.036250 0.382812 0.072500 0.115625
0 0.803750 0.364063 0.222500 0.178125
0 0.928750 0.332813 0.067500 0.090625
0 0.036250 0.045312 0.072500 0.237500
0 0.245000 0.096875 0.155000 0.087500
0 0.368750 0.326562 0.242500 0.275000
0 0.926250 0.092188 0.147500 0.209375
0 0.761250 0.454688 0.217500 0.153125
0 0.895000 0.621875 0.130000 0.175000
