0 0.280000 0.835938 0.295000 0.284375
0 0.746250 0.785937 0.317500 0.240625
0 0.551250 0.257812 0.207500 0.271875
0 0.102500 0.596875 0.205000 0.212500
0 0.748750 0.070312 0.152500 0.140625
0 0.303750 0.556250 0.122500 0.318750
0 0.592500 0.615625 0.220000 0.181250
0 0.036250 0.395313 0.072500 0.115625
0 0.798750 0.314063 0.222500 0.178125
0 0.931250 0.335938 0.067500 0.090625
0 0.040000 0.110937 0.080000 0.221875
0 0.253750 0.043750 0.167500 0.087500
0 0.408750 0.359375 0.242500 0.275000
0 0.926250 0.103125 0.147500 0.206250
0 0.796250 0.420312 0.222500 0.146875
0 0.875000 0.620313 0.135000 0.159375
