0 0.198750 0.737500 0.357500 0.168750
0 0.735000 0.690625 0.265000 0.187500
0 0.448750 0.204687 0.172500 0.209375
0 0.086250 0.550000 0.172500 0.187500
0 0.786250 0.076563 0.177500 0.153125
0 0.291250 0.528125 0.167500 0.300000
0 0.492500 0.598437 0.150000 0.178125
0 0.822500 0.435937 0.190000 0.278125
0 0.930000 0.345313 0.065000 0.078125
0 0.301250 0.279687 0.172500 0.240625
0 0.946250 0.137500 0.107500 0.243750
0 0.597500 0.346875 0.165000 0.175000
0 0.945000 0.739062 0.110000 0.146875
0 0.505000 0.075000 0.175000 0.150000
