0 0.225000 0.906250 0.395000 0.146875
0 0.728750 0.789062 0.277500 0.168750
0 0.453750 0.201563 0.167500 0.209375
0 0.087500 0.575000 0.175000 0.184375
0 0.781250 0.107813 0.172500 0.150000
0 0.293750 0.473438 0.167500 0.300000
0 0.500000 0.600000 0.150000 0.178125
0 0.036250 0.382812 0.072500 0.115625
0 0.822500 0.396875 0.180000 0.281250
0 0.931250 0.342187 0.067500 0.087500
0 0.035000 0.043750 0.070000 0.246875
0 0.308750 0.251563 0.172500 0.240625
0 0.942500 0.084375 0.115000 0.237500
0 0.625000 0.378125 0.180000 0.209375
0 0.937500 0.725000 0.125000 0.165625
0 0.496250 0.079687 0.127500 0.106250
