0 0.146250 0.762500 0.262500 0.225000
0 0.741250 0.696875 0.222500 0.256250
0 0.423750 0.217188 0.177500 0.209375
0 0.071250 0.542188 0.142500 0.184375
0 0.800000 0.081250 0.190000 0.162500
0 0.246250 0.467187 0.202500 0.415625
0 0.478750 0.640625 0.177500 0.175000
0 0.842500 0.462500 0.170000 0.275000
0 0.932500 0.375000 0.050000 0.068750
0 0.392500 0.435937 0.230000 0.234375
0 0.953750 0.201563 0.092500 0.259375
0 0.567500 0.331250 0.185000 0.200000
0 0.950000 0.800000 0.100000 0.093750
0 0.562500 0.087500 0.210000 0.175000
0 0.301250 0.045312 0.142500 0.090625
