0 0.158750 0.773438 0.277500 0.278125
0 0.785000 0.729688 0.265000 0.271875
0 0.425000 0.248438 0.220000 0.209375
0 0.038750 0.559375 0.077500 0.150000
0 0.813750 0.106250 0.207500 0.212500
0 0.217500 0.415625 0.190000 0.393750
0 0.467500 0.750000 0.250000 0.162500
0 0.838750 0.423438 0.182500 0.253125
0 0.935000 0.446875 0.050000 0.068750
0 0.467500 0.526563 0.230000 0.234375
0 0.957500 0.295312 0.085000 0.271875
0 0.631250 0.409375 0.182500 0.181250
0 0.967500 0.846875 0.065000 0.093750
0 0.610000 0.096875 0.210000 0.175000
0 0.293750 0.056250 0.177500 0.112500
