0 0.156250 0.764062 0.277500 0.278125
0 0.810000 0.729688 0.255000 0.271875
0 0.426250 0.245312 0.227500 0.209375
0 0.033750 0.564063 0.067500 0.146875
0 0.810000 0.118750 0.210000 0.231250
0 0.210000 0.409375 0.180000 0.375000
0 0.472500 0.800000 0.255000 0.200000
0 0.850000 0.417187 0.180000 0.259375
0 0.935000 0.481250 0.050000 0.068750
0 0.515000 0.557813 0.230000 0.234375
0 0.962500 0.304688 0.075000 0.290625
0 0.676250 0.431250 0.182500 0.181250
0 0.967500 0.846875 0.065000 0.093750
0 0.625000 0.106250 0.210000 0.175000
0 0.293750 0.062500 0.182500 0.125000
