0 0.160000 0.809375 0.275000 0.268750
0 0.775000 0.756250 0.265000 0.271875
0 0.420000 0.262500 0.205000 0.209375
0 0.046250 0.532813 0.092500 0.159375
0 0.818750 0.123438 0.197500 0.178125
0 0.222500 0.337500 0.195000 0.403125
0 0.473750 0.789062 0.232500 0.140625
0 0.832500 0.412500 0.180000 0.246875
0 0.935000 0.418750 0.050000 0.068750
0 0.435000 0.521875 0.230000 0.234375
0 0.955000 0.215625 0.090000 0.259375
0 0.608750 0.414062 0.182500 0.181250
0 0.967500 0.840625 0.065000 0.093750
0 0.602500 0.137500 0.210000 0.175000
0 0.295000 0.103125 0.165000 0.106250
