0 0.156250 0.767188 0.277500 0.278125
0 0.805000 0.729688 0.260000 0.271875
0 0.426250 0.248438 0.227500 0.209375
0 0.033750 0.564063 0.067500 0.146875
0 0.810000 0.118750 0.210000 0.231250
0 0.211250 0.407813 0.182500 0.378125
0 0.471250 0.793750 0.252500 0.193750
0 0.848750 0.417187 0.182500 0.253125
0 0.935000 0.475000 0.050000 0.068750
0 0.510000 0.554688 0.230000 0.234375
0 0.962500 0.303125 0.075000 0.287500
0 0.668750 0.428125 0.182500 0.181250
0 0.967500 0.846875 0.065000 0.093750
0 0.622500 0.103125 0.210000 0.175000
0 0.293750 0.060937 0.182500 0.121875
