0 0.153750 0.732812 0.227500 0.250000
0 0.855000 0.725000 0.235000 0.281250
0 0.418750 0.307812 0.227500 0.209375
0 0.790000 0.162500 0.240000 0.303125
0 0.228750 0.414062 0.272500 0.312500
0 0.498750 0.879687 0.282500 0.215625
0 0.876250 0.364063 0.162500 0.296875
0 0.970000 0.462500 0.050000 0.068750
0 0.535000 0.593750 0.265000 0.268750
0 0.977500 0.196875 0.045000 0.309375
0 0.691250 0.489063 0.202500 0.228125
0 0.622500 0.159375 0.210000 0.175000
0 0.298750 0.126562 0.202500 0.140625
0 0.071250 0.076563 0.122500 0.109375
