0 0.147500 0.753125 0.255000 0.265625
0 0.853750 0.720313 0.237500 0.278125
0 0.418750 0.304688 0.227500 0.209375
0 0.792500 0.162500 0.240000 0.300000
0 0.226250 0.407813 0.267500 0.318750
0 0.493750 0.882812 0.282500 0.215625
0 0.876250 0.364063 0.162500 0.296875
0 0.965000 0.465625 0.050000 0.068750
0 0.535000 0.593750 0.265000 0.268750
0 0.977500 0.196875 0.045000 0.309375
0 0.686250 0.482812 0.207500 0.231250
0 0.622500 0.159375 0.210000 0.175000
0 0.297500 0.121875 0.195000 0.140625
0 0.071250 0.076563 0.122500 0.106250
