0 0.177500 0.671875 0.135000 0.196875
0 0.865000 0.737500 0.230000 0.296875
0 0.426250 0.317188 0.227500 0.209375
0 0.782500 0.168750 0.245000 0.312500
0 0.208750 0.470313 0.297500 0.250000
0 0.523750 0.889062 0.282500 0.215625
0 0.876250 0.360938 0.162500 0.290625
0 0.980000 0.443750 0.040000 0.075000
0 0.540000 0.600000 0.265000 0.268750
0 0.977500 0.196875 0.045000 0.309375
0 0.717500 0.506250 0.180000 0.209375
0 0.592500 0.159375 0.210000 0.175000
0 0.301250 0.139063 0.222500 0.143750
0 0.070000 0.078125 0.125000 0.115625
