0 0.177500 0.685937 0.135000 0.196875
0 0.872500 0.760938 0.225000 0.309375
0 0.427500 0.282813 0.230000 0.215625
0 0.775000 0.178125 0.250000 0.318750
0 0.193750 0.412500 0.312500 0.212500
0 0.540000 0.825000 0.290000 0.218750
0 0.877500 0.396875 0.165000 0.275000
0 0.986250 0.446875 0.027500 0.081250
0 0.542500 0.571875 0.265000 0.268750
0 0.977500 0.323437 0.045000 0.309375
0 0.736250 0.515625 0.162500 0.193750
0 0.572500 0.112500 0.210000 0.175000
0 0.301250 0.076563 0.222500 0.153125
0 0.071250 0.060937 0.127500 0.121875
