0 0.177500 0.671875 0.135000 0.196875
0 0.866250 0.739062 0.227500 0.300000
0 0.426250 0.317188 0.227500 0.209375
0 0.781250 0.173437 0.247500 0.315625
0 0.203750 0.482812 0.302500 0.237500
0 0.528750 0.892188 0.282500 0.215625
0 0.877500 0.362500 0.165000 0.287500
0 0.981250 0.439063 0.037500 0.075000
0 0.540000 0.600000 0.265000 0.268750
0 0.977500 0.196875 0.045000 0.309375
0 0.722500 0.509375 0.175000 0.206250
0 0.587500 0.159375 0.210000 0.175000
0 0.301250 0.139063 0.222500 0.146875
0 0.070000 0.078125 0.125000 0.118750
