0 0.925000 0.678125 0.135000 0.325000
0 0.481250 0.373437 0.237500 0.218750
0 0.732500 0.203125 0.215000 0.278125
0 0.171250 0.535937 0.312500 0.212500
0 0.670000 0.853125 0.240000 0.262500
0 0.795000 0.403125 0.105000 0.118750
0 0.588750 0.689063 0.257500 0.190625
0 0.792500 0.593750 0.200000 0.193750
0 0.458750 0.104688 0.162500 0.184375
0 0.272500 0.153125 0.220000 0.196875
0 0.073750 0.089063 0.142500 0.178125
0 0.645000 0.081250 0.130000 0.075000
0 0.285000 0.856250 0.255000 0.303125
0 0.362500 0.662500 0.145000 0.193750
0 0.038750 0.770312 0.077500 0.103125
