0 0.925000 0.756250 0.135000 0.325000
0 0.483750 0.335938 0.237500 0.215625
0 0.735000 0.204687 0.215000 0.278125
0 0.173750 0.451562 0.312500 0.209375
0 0.672500 0.835938 0.235000 0.265625
0 0.800000 0.396875 0.105000 0.118750
0 0.588750 0.623437 0.257500 0.190625
0 0.792500 0.568750 0.200000 0.193750
0 0.458750 0.095312 0.162500 0.184375
0 0.272500 0.117188 0.215000 0.203125
0 0.075000 0.089063 0.145000 0.178125
0 0.645000 0.037500 0.130000 0.075000
0 0.285000 0.848437 0.255000 0.303125
0 0.367500 0.681250 0.150000 0.187500
0 0.040000 0.771875 0.080000 0.106250
