0 0.923750 0.689063 0.137500 0.315625
0 0.466250 0.360938 0.242500 0.240625
0 0.722500 0.212500 0.215000 0.278125
0 0.173750 0.526563 0.312500 0.212500
0 0.656250 0.870313 0.267500 0.253125
0 0.827500 0.390625 0.140000 0.165625
0 0.593750 0.685937 0.257500 0.190625
0 0.787500 0.593750 0.200000 0.193750
0 0.462500 0.115625 0.175000 0.181250
0 0.276250 0.148438 0.222500 0.196875
0 0.072500 0.087500 0.140000 0.168750
0 0.661250 0.089063 0.142500 0.078125
0 0.272500 0.850000 0.255000 0.265625
0 0.281250 0.657813 0.227500 0.206250
0 0.032500 0.771875 0.065000 0.090625
