0 0.917500 0.706250 0.155000 0.309375
0 0.461250 0.345313 0.242500 0.240625
0 0.712500 0.225000 0.215000 0.278125
0 0.178750 0.514062 0.312500 0.212500
0 0.641250 0.889062 0.297500 0.243750
0 0.866250 0.370312 0.177500 0.218750
0 0.588750 0.670312 0.257500 0.203125
0 0.782500 0.587500 0.200000 0.193750
0 0.480000 0.134375 0.200000 0.178125
0 0.278750 0.142187 0.222500 0.187500
0 0.073750 0.085938 0.137500 0.159375
0 0.677500 0.093750 0.150000 0.081250
0 0.232500 0.821875 0.255000 0.262500
0 0.256250 0.682813 0.262500 0.181250
