0 0.925000 0.678125 0.135000 0.325000
0 0.486250 0.379688 0.237500 0.212500
0 0.735000 0.200000 0.215000 0.278125
0 0.175000 0.543750 0.310000 0.206250
0 0.673750 0.848437 0.232500 0.265625
0 0.802500 0.400000 0.105000 0.118750
0 0.588750 0.689063 0.257500 0.190625
0 0.792500 0.596875 0.200000 0.193750
0 0.461250 0.104688 0.162500 0.184375
0 0.270000 0.146875 0.210000 0.209375
0 0.075000 0.090625 0.145000 0.181250
0 0.645000 0.081250 0.130000 0.078125
0 0.285000 0.856250 0.255000 0.303125
0 0.370000 0.693750 0.155000 0.181250
0 0.040000 0.768750 0.080000 0.106250
