0 0.920000 0.700000 0.145000 0.309375
0 0.461250 0.348438 0.242500 0.240625
0 0.715000 0.221875 0.215000 0.278125
0 0.178750 0.517188 0.312500 0.212500
0 0.645000 0.884375 0.290000 0.246875
0 0.860000 0.375000 0.170000 0.209375
0 0.593750 0.679688 0.257500 0.193750
0 0.782500 0.590625 0.200000 0.193750
0 0.476250 0.129688 0.192500 0.178125
0 0.278750 0.142187 0.222500 0.190625
0 0.073750 0.085938 0.137500 0.159375
0 0.673750 0.095312 0.152500 0.078125
0 0.242500 0.828125 0.255000 0.262500
0 0.261250 0.679688 0.257500 0.187500
