0 0.961250 0.890625 0.077500 0.206250
0 0.536250 0.367188 0.262500 0.221875
0 0.178750 0.531250 0.242500 0.293750
0 0.795000 0.773438 0.275000 0.159375
0 0.478750 0.557813 0.307500 0.290625
0 0.862500 0.473438 0.145000 0.121875
0 0.463750 0.118750 0.157500 0.237500
0 0.261250 0.162500 0.172500 0.250000
0 0.072500 0.103125 0.145000 0.206250
0 0.647500 0.067187 0.125000 0.134375
0 0.395000 0.881250 0.170000 0.237500
0 0.557500 0.840625 0.170000 0.293750
0 0.183750 0.820312 0.277500 0.315625
0 0.907500 0.039062 0.095000 0.078125
0 0.748750 0.346875 0.187500 0.162500
0 0.828750 0.214062 0.147500 0.203125
