0 0.935000 0.621875 0.130000 0.459375
0 0.518750 0.398438 0.232500 0.196875
0 0.808750 0.273438 0.127500 0.175000
0 0.152500 0.537500 0.240000 0.237500
0 0.720000 0.862500 0.275000 0.175000
0 0.958750 0.389062 0.077500 0.121875
0 0.487500 0.612500 0.300000 0.275000
0 0.810000 0.543750 0.140000 0.218750
0 0.463750 0.098437 0.157500 0.221875
0 0.261250 0.145313 0.172500 0.250000
0 0.075000 0.093750 0.150000 0.206250
0 0.643750 0.079687 0.127500 0.112500
0 0.328750 0.857812 0.232500 0.287500
0 0.498750 0.798438 0.162500 0.200000
0 0.088750 0.751563 0.177500 0.200000
0 0.911250 0.064062 0.102500 0.056250
