0 0.928750 0.754687 0.132500 0.365625
0 0.506250 0.345313 0.232500 0.196875
0 0.758750 0.209375 0.177500 0.306250
0 0.172500 0.484375 0.275000 0.193750
0 0.705000 0.809375 0.275000 0.175000
0 0.875000 0.375000 0.105000 0.118750
0 0.532500 0.603125 0.300000 0.275000
0 0.807500 0.575000 0.140000 0.218750
0 0.466250 0.089063 0.162500 0.178125
0 0.261250 0.150000 0.172500 0.250000
0 0.075000 0.098437 0.150000 0.196875
0 0.645000 0.048438 0.130000 0.096875
0 0.302500 0.848437 0.255000 0.303125
0 0.427500 0.748437 0.175000 0.146875
0 0.058750 0.759375 0.117500 0.156250
