0 0.955000 0.868750 0.090000 0.262500
0 0.531250 0.364063 0.252500 0.215625
0 0.172500 0.517188 0.240000 0.284375
0 0.782500 0.775000 0.275000 0.175000
0 0.477500 0.554688 0.305000 0.284375
0 0.833750 0.493750 0.142500 0.137500
0 0.463750 0.118750 0.157500 0.237500
0 0.261250 0.162500 0.172500 0.250000
0 0.072500 0.103125 0.145000 0.206250
0 0.645000 0.064062 0.125000 0.128125
0 0.381250 0.879687 0.177500 0.240625
0 0.542500 0.826562 0.175000 0.296875
0 0.166250 0.795312 0.287500 0.315625
0 0.908750 0.035937 0.097500 0.071875
0 0.772500 0.354687 0.170000 0.146875
0 0.821250 0.198437 0.127500 0.203125
