0 0.928750 0.753125 0.132500 0.362500
0 0.506250 0.345313 0.232500 0.196875
0 0.757500 0.207813 0.180000 0.303125
0 0.172500 0.482812 0.275000 0.190625
0 0.705000 0.812500 0.275000 0.175000
0 0.870000 0.375000 0.105000 0.118750
0 0.535000 0.606250 0.300000 0.275000
0 0.807500 0.575000 0.140000 0.218750
0 0.466250 0.089063 0.162500 0.178125
0 0.261250 0.150000 0.172500 0.250000
0 0.075000 0.098437 0.150000 0.196875
0 0.645000 0.048438 0.130000 0.096875
0 0.300000 0.848437 0.255000 0.303125
0 0.426250 0.745313 0.177500 0.146875
0 0.058750 0.757812 0.117500 0.153125
