0 0.956250 0.875000 0.087500 0.250000
0 0.532500 0.364063 0.255000 0.215625
0 0.175000 0.521875 0.240000 0.287500
0 0.785000 0.775000 0.275000 0.175000
0 0.477500 0.556250 0.305000 0.287500
0 0.836250 0.490625 0.142500 0.131250
0 0.463750 0.118750 0.157500 0.237500
0 0.261250 0.162500 0.172500 0.250000
0 0.072500 0.103125 0.145000 0.206250
0 0.645000 0.065625 0.125000 0.131250
0 0.383750 0.879687 0.172500 0.240625
0 0.542500 0.828125 0.175000 0.306250
0 0.168750 0.801562 0.287500 0.315625
0 0.908750 0.037500 0.097500 0.075000
0 0.766250 0.353125 0.172500 0.150000
0 0.822500 0.201563 0.130000 0.203125
