0 0.951250 0.851562 0.097500 0.296875
0 0.528750 0.360938 0.247500 0.209375
0 0.168750 0.512500 0.237500 0.281250
0 0.770000 0.771875 0.275000 0.175000
0 0.477500 0.553125 0.305000 0.281250
0 0.828750 0.509375 0.142500 0.156250
0 0.463750 0.118750 0.157500 0.237500
0 0.261250 0.162500 0.172500 0.250000
0 0.073750 0.103125 0.147500 0.206250
0 0.646250 0.064062 0.127500 0.128125
0 0.370000 0.875000 0.185000 0.250000
0 0.537500 0.821875 0.180000 0.275000
0 0.158750 0.779687 0.287500 0.315625
0 0.908750 0.034375 0.097500 0.068750
0 0.780000 0.350000 0.145000 0.143750
0 0.823750 0.206250 0.112500 0.181250
