0 0.973750 0.854688 0.052500 0.165625
0 0.552500 0.381250 0.310000 0.225000
0 0.206250 0.554688 0.262500 0.303125
0 0.825000 0.723437 0.230000 0.121875
0 0.482500 0.564063 0.315000 0.303125
0 0.936250 0.437500 0.117500 0.137500
0 0.463750 0.118750 0.157500 0.237500
0 0.261250 0.162500 0.172500 0.250000
0 0.071250 0.104688 0.142500 0.209375
0 0.650000 0.073438 0.120000 0.146875
0 0.443750 0.914062 0.157500 0.171875
0 0.596250 0.868750 0.162500 0.262500
0 0.248750 0.837500 0.232500 0.306250
0 0.900000 0.039062 0.095000 0.078125
0 0.728750 0.337500 0.222500 0.200000
0 0.840000 0.232813 0.175000 0.203125
0 0.985000 0.075000 0.030000 0.143750
