0 0.983750 0.826562 0.032500 0.134375
0 0.575000 0.389062 0.400000 0.171875
0 0.227500 0.571875 0.280000 0.306250
0 0.826250 0.664062 0.222500 0.121875
0 0.483750 0.567187 0.317500 0.309375
0 0.955000 0.421875 0.090000 0.150000
0 0.463750 0.118750 0.157500 0.237500
0 0.261250 0.162500 0.172500 0.250000
0 0.071250 0.104688 0.142500 0.209375
0 0.650000 0.073438 0.120000 0.146875
0 0.467500 0.953125 0.140000 0.093750
0 0.625000 0.878125 0.185000 0.243750
0 0.272500 0.834375 0.280000 0.306250
0 0.895000 0.039062 0.095000 0.078125
0 0.741250 0.339062 0.237500 0.228125
0 0.840000 0.232813 0.175000 0.203125
0 0.983750 0.078125 0.032500 0.150000
