0 0.985000 0.825000 0.030000 0.131250
0 0.570000 0.382812 0.360000 0.165625
0 0.228750 0.575000 0.282500 0.306250
0 0.831250 0.660937 0.222500 0.121875
0 0.483750 0.567187 0.317500 0.309375
0 0.955000 0.421875 0.090000 0.150000
0 0.463750 0.118750 0.157500 0.237500
0 0.261250 0.162500 0.172500 0.250000
0 0.071250 0.104688 0.142500 0.209375
0 0.650000 0.073438 0.120000 0.146875
0 0.467500 0.954688 0.140000 0.090625
0 0.627500 0.879687 0.185000 0.240625
0 0.275000 0.834375 0.280000 0.306250
0 0.895000 0.039062 0.095000 0.078125
0 0.741250 0.340625 0.237500 0.231250
0 0.840000 0.232813 0.175000 0.203125
0 0.982500 0.078125 0.035000 0.150000
