0 0.076250 0.389062 0.152500 0.125000
0 0.046250 0.089063 0.092500 0.128125
0 0.492500 0.646875 0.105000 0.362500
0 0.158750 0.079687 0.127500 0.240625
0 0.890000 0.137500 0.220000 0.331250
0 0.588750 0.851562 0.137500 0.134375
0 0.653750 0.679688 0.187500 0.218750
0 0.268750 0.073438 0.117500 0.203125
0 0.070000 0.306250 0.140000 0.115625
0 0.727500 0.850000 0.110000 0.115625
0 0.872500 0.418750 0.195000 0.231250
0 0.892500 0.903125 0.215000 0.231250
0 0.971250 0.595313 0.057500 0.209375
0 0.646250 1.042188 0.252500 0.109375
0 0.361250 0.873437 0.182500 0.221875
0 0.677500 0.137500 0.220000 0.109375
0 0.828750 0.698438 0.197500 0.196875
0 0.231250 0.945312 0.052500 0.087500
0 0.036250 0.404687 0.072500 0.081250
0 0.371250 0.201563 0.162500 0.346875
0 0.283750 0.517188 0.082500 0.290625
0 0.241250 0.842187 0.092500 0.096875
