0 0.076250 0.385937 0.152500 0.128125
0 0.047500 0.093750 0.095000 0.128125
0 0.492500 0.637500 0.105000 0.362500
0 0.162500 0.078125 0.125000 0.246875
0 0.891250 0.135937 0.217500 0.337500
0 0.588750 0.851562 0.142500 0.134375
0 0.653750 0.673438 0.187500 0.225000
0 0.268750 0.073438 0.117500 0.206250
0 0.070000 0.300000 0.140000 0.115625
0 0.730000 0.843750 0.110000 0.118750
0 0.875000 0.421875 0.185000 0.218750
0 0.892500 0.903125 0.215000 0.231250
0 0.972500 0.593750 0.055000 0.206250
0 0.648750 1.039062 0.252500 0.112500
0 0.361250 0.873437 0.177500 0.218750
0 0.680000 0.137500 0.220000 0.109375
0 0.831250 0.698438 0.197500 0.196875
0 0.235000 0.959375 0.055000 0.075000
0 0.036250 0.404687 0.072500 0.081250
0 0.375000 0.218750 0.170000 0.334375
0 0.280000 0.550000 0.085000 0.271875
0 0.237500 0.840625 0.100000 0.109375
