0 0.046250 0.353125 0.092500 0.162500
0 0.051250 0.117188 0.102500 0.128125
0 0.490000 0.698438 0.105000 0.365625
0 0.173750 0.171875 0.102500 0.318750
0 0.900000 0.123438 0.200000 0.146875
0 0.585000 0.801562 0.155000 0.153125
0 0.662500 0.626563 0.185000 0.234375
0 0.272500 0.242188 0.125000 0.259375
0 0.078750 0.243750 0.142500 0.143750
0 0.736250 0.825000 0.132500 0.143750
0 0.902500 0.881250 0.195000 0.237500
0 0.966250 0.673438 0.067500 0.171875
0 0.645000 0.923438 0.250000 0.128125
0 0.366250 0.878125 0.177500 0.218750
0 0.645000 0.146875 0.190000 0.287500
0 0.851250 0.676562 0.197500 0.196875
0 0.372500 0.329688 0.155000 0.178125
0 0.226250 0.696875 0.132500 0.150000
0 0.218750 0.834375 0.107500 0.137500
0 0.135000 0.971875 0.210000 0.050000
0 0.058750 0.032813 0.117500 0.065625
0 0.848750 0.384375 0.137500 0.200000
0 0.973750 0.571875 0.052500 0.087500
