0 0.046250 0.329688 0.092500 0.162500
0 0.051250 0.117188 0.102500 0.128125
0 0.490000 0.581250 0.105000 0.365625
0 0.173750 0.076563 0.102500 0.318750
0 0.898750 0.176563 0.202500 0.143750
0 0.585000 0.821875 0.155000 0.153125
0 0.662500 0.625000 0.185000 0.234375
0 0.272500 0.190625 0.125000 0.259375
0 0.078750 0.257812 0.142500 0.143750
0 0.736250 0.835938 0.132500 0.143750
0 0.902500 0.884375 0.195000 0.237500
0 0.966250 0.629687 0.067500 0.171875
0 0.645000 1.015625 0.250000 0.128125
0 0.366250 0.879687 0.177500 0.218750
0 0.645000 0.121875 0.190000 0.287500
0 0.851250 0.701562 0.197500 0.196875
0 0.373750 0.339062 0.157500 0.181250
0 0.226250 0.704688 0.132500 0.153125
0 0.220000 0.834375 0.110000 0.137500
0 0.135000 1.078125 0.210000 0.050000
0 0.058750 0.073438 0.117500 0.065625
0 0.851250 0.373437 0.142500 0.203125
0 0.973750 0.564063 0.052500 0.087500
