0 0.072500 0.353125 0.145000 0.137500
0 0.050000 0.107813 0.100000 0.128125
0 0.492500 0.737500 0.105000 0.362500
0 0.165000 0.139063 0.115000 0.271875
0 0.895000 0.176563 0.210000 0.353125
0 0.590000 0.820312 0.155000 0.134375
0 0.655000 0.660937 0.185000 0.234375
0 0.273750 0.142187 0.117500 0.209375
0 0.070000 0.257812 0.140000 0.121875
0 0.741250 0.826562 0.112500 0.121875
0 0.882500 0.429688 0.150000 0.184375
0 0.895000 0.884375 0.210000 0.231250
0 0.977500 0.660937 0.045000 0.190625
0 0.648750 0.931250 0.252500 0.118750
0 0.363750 0.875000 0.177500 0.218750
0 0.690000 0.062500 0.220000 0.125000
0 0.841250 0.676562 0.197500 0.196875
0 0.233750 0.971875 0.057500 0.056250
0 0.393750 0.303125 0.197500 0.300000
0 0.267500 0.704688 0.095000 0.209375
0 0.225000 0.831250 0.110000 0.131250
0 0.158750 0.968750 0.202500 0.062500
0 0.057500 0.023438 0.115000 0.046875
