0 0.068750 0.354687 0.137500 0.153125
0 0.047500 0.140625 0.095000 0.156250
0 0.461250 0.629687 0.127500 0.421875
0 0.163750 0.170313 0.117500 0.328125
0 0.577500 0.807813 0.155000 0.159375
0 0.692500 0.717187 0.120000 0.140625
0 0.288750 0.329688 0.157500 0.309375
0 0.121250 0.329688 0.137500 0.221875
0 0.738750 0.835938 0.137500 0.146875
0 0.906250 0.893750 0.187500 0.212500
0 0.981250 0.539062 0.037500 0.190625
0 0.648750 0.918750 0.232500 0.143750
0 0.373750 0.890625 0.177500 0.218750
0 0.622500 0.364063 0.160000 0.259375
0 0.840000 0.664062 0.200000 0.203125
0 0.257500 0.623437 0.200000 0.178125
0 0.188750 0.707812 0.152500 0.178125
0 0.072500 0.967187 0.145000 0.065625
0 0.063750 0.043750 0.127500 0.087500
0 0.705000 0.168750 0.180000 0.300000
0 0.897500 0.581250 0.125000 0.106250
0 0.266250 0.379688 0.072500 0.121875
0 0.296250 0.584375 0.082500 0.118750
0 0.417500 0.071875 0.170000 0.143750
