0 0.070000 0.396875 0.140000 0.121875
0 0.048750 0.120313 0.097500 0.175000
0 0.452500 0.534375 0.160000 0.412500
0 0.162500 0.081250 0.120000 0.328125
0 0.585000 0.825000 0.155000 0.159375
0 0.716250 0.723437 0.112500 0.131250
0 0.320000 0.321875 0.185000 0.309375
0 0.130000 0.325000 0.150000 0.225000
0 0.746250 0.848437 0.137500 0.146875
0 0.911250 0.901563 0.177500 0.209375
0 0.980000 0.465625 0.040000 0.159375
0 0.652500 0.987500 0.225000 0.146875
0 0.372500 0.909375 0.200000 0.215625
0 0.607500 0.365625 0.160000 0.259375
0 0.828750 0.685937 0.202500 0.209375
0 0.215000 0.593750 0.120000 0.150000
0 0.181250 0.710938 0.157500 0.181250
0 0.071250 1.004687 0.142500 0.084375
0 0.065000 0.081250 0.130000 0.096875
0 0.691250 0.101562 0.162500 0.290625
0 0.882500 0.606250 0.130000 0.112500
0 0.268750 0.382812 0.077500 0.128125
0 0.301250 0.582812 0.082500 0.118750
0 0.396250 0.107813 0.172500 0.162500
0 0.336250 0.710938 0.117500 0.121875
0 0.873750 0.104688 0.162500 0.137500
