0 0.065000 0.353125 0.130000 0.159375
0 0.048750 0.126562 0.097500 0.146875
0 0.463750 0.498437 0.122500 0.418750
0 0.162500 0.078125 0.115000 0.325000
0 0.572500 0.818750 0.155000 0.159375
0 0.680000 0.718750 0.120000 0.140625
0 0.278750 0.254688 0.147500 0.309375
0 0.118750 0.298438 0.132500 0.218750
0 0.736250 0.845313 0.137500 0.146875
0 0.905000 0.903125 0.190000 0.215625
0 0.981250 0.476562 0.037500 0.193750
0 0.648750 0.995313 0.237500 0.143750
0 0.371250 0.892188 0.177500 0.218750
0 0.630000 0.318750 0.160000 0.256250
0 0.843750 0.689063 0.197500 0.200000
0 0.221250 0.620313 0.132500 0.134375
0 0.191250 0.723437 0.147500 0.178125
0 0.072500 1.031250 0.145000 0.059375
0 0.062500 0.078125 0.125000 0.087500
0 0.710000 0.156250 0.180000 0.284375
0 0.902500 0.603125 0.120000 0.103125
0 0.265000 0.356250 0.070000 0.121875
0 0.281250 0.576562 0.082500 0.118750
0 0.426250 0.104688 0.167500 0.134375
