0 0.033750 0.323437 0.067500 0.196875
0 0.066250 0.142187 0.132500 0.215625
0 0.441250 0.554688 0.157500 0.378125
0 0.181250 0.110937 0.137500 0.340625
0 0.592500 0.818750 0.155000 0.168750
0 0.357500 0.346875 0.190000 0.309375
0 0.142500 0.321875 0.110000 0.228125
0 0.747500 0.859375 0.150000 0.159375
0 0.912500 0.925000 0.175000 0.184375
0 0.943750 0.526563 0.062500 0.084375
0 0.656250 1.014063 0.217500 0.121875
0 0.371250 0.929688 0.222500 0.209375
0 0.575000 0.471875 0.180000 0.262500
0 0.802500 0.678125 0.210000 0.228125
0 0.170000 0.543750 0.125000 0.171875
0 0.165000 0.709375 0.170000 0.190625
0 0.073750 1.004687 0.147500 0.087500
0 0.070000 0.087500 0.140000 0.137500
0 0.633750 0.079687 0.127500 0.121875
0 0.847500 0.606250 0.130000 0.112500
0 0.300000 0.337500 0.085000 0.137500
0 0.263750 0.595313 0.082500 0.118750
0 0.366250 0.110937 0.177500 0.178125
0 0.335000 0.696875 0.120000 0.153125
0 0.836250 0.117188 0.177500 0.184375
0 0.748750 0.817187 0.092500 0.112500
0 0.766250 0.717187 0.107500 0.096875
0 0.970000 0.134375 0.060000 0.159375
