0 0.035000 0.337500 0.070000 0.184375
0 0.066250 0.145313 0.132500 0.212500
0 0.440000 0.553125 0.160000 0.381250
0 0.185000 0.118750 0.145000 0.343750
0 0.590000 0.815625 0.155000 0.175000
0 0.362500 0.350000 0.190000 0.309375
0 0.146250 0.320312 0.102500 0.228125
0 0.746250 0.860938 0.152500 0.162500
0 0.912500 0.928125 0.175000 0.181250
0 0.933750 0.539062 0.062500 0.084375
0 0.656250 1.023438 0.217500 0.112500
0 0.370000 0.931250 0.220000 0.206250
0 0.578750 0.485938 0.182500 0.262500
0 0.798750 0.679688 0.212500 0.231250
0 0.167500 0.537500 0.125000 0.171875
0 0.167500 0.709375 0.170000 0.190625
0 0.075000 1.009375 0.150000 0.084375
0 0.071250 0.089063 0.142500 0.143750
0 0.621250 0.070312 0.112500 0.075000
0 0.842500 0.606250 0.125000 0.112500
0 0.313750 0.326562 0.087500 0.140625
0 0.261250 0.595313 0.082500 0.118750
0 0.361250 0.110937 0.177500 0.178125
0 0.336250 0.695312 0.122500 0.159375
0 0.821250 0.114062 0.172500 0.193750
0 0.748750 0.826562 0.087500 0.109375
0 0.762500 0.731250 0.105000 0.096875
0 0.963750 0.126562 0.072500 0.184375
