0 0.045000 0.350000 0.080000 0.187500
0 0.067500 0.156250 0.135000 0.203125
0 0.432500 0.550000 0.170000 0.384375
0 0.197500 0.146875 0.165000 0.353125
0 0.587500 0.818750 0.155000 0.178125
0 0.400000 0.403125 0.155000 0.243750
0 0.172500 0.362500 0.145000 0.225000
0 0.741250 0.873437 0.162500 0.168750
0 0.911250 0.939063 0.177500 0.171875
0 0.906250 0.585938 0.062500 0.084375
0 0.656250 1.054688 0.217500 0.081250
0 0.370000 0.940625 0.220000 0.196875
0 0.585000 0.537500 0.190000 0.259375
0 0.772500 0.650000 0.210000 0.259375
0 0.160000 0.521875 0.125000 0.171875
0 0.180000 0.712500 0.170000 0.190625
0 0.081250 1.032812 0.162500 0.068750
0 0.077500 0.090625 0.145000 0.153125
0 0.618750 0.067187 0.107500 0.046875
0 0.846250 0.598437 0.107500 0.106250
0 0.335000 0.271875 0.115000 0.178125
0 0.256250 0.589063 0.082500 0.118750
0 0.356250 0.101562 0.162500 0.156250
0 0.346250 0.689063 0.137500 0.178125
0 0.783750 0.132812 0.167500 0.203125
0 0.753750 0.826562 0.072500 0.100000
0 0.733750 0.748437 0.077500 0.093750
0 0.945000 0.100000 0.110000 0.275000
