0 0.036250 0.342187 0.072500 0.184375
0 0.066250 0.148438 0.132500 0.209375
0 0.436250 0.551562 0.162500 0.381250
0 0.191250 0.129688 0.152500 0.346875
0 0.590000 0.812500 0.155000 0.178125
0 0.375000 0.365625 0.180000 0.290625
0 0.153750 0.335938 0.117500 0.228125
0 0.743750 0.864062 0.157500 0.168750
0 0.911250 0.932813 0.177500 0.178125
0 0.923750 0.554688 0.062500 0.084375
0 0.656250 1.032812 0.217500 0.103125
0 0.370000 0.934375 0.220000 0.203125
0 0.581250 0.501563 0.187500 0.259375
0 0.791250 0.676562 0.212500 0.234375
0 0.165000 0.534375 0.125000 0.171875
0 0.172500 0.709375 0.170000 0.190625
0 0.076250 1.017187 0.152500 0.078125
0 0.072500 0.090625 0.145000 0.150000
0 0.620000 0.068750 0.110000 0.056250
0 0.842500 0.603125 0.115000 0.109375
0 0.328750 0.317188 0.092500 0.143750
0 0.258750 0.595313 0.082500 0.118750
0 0.358750 0.110937 0.177500 0.178125
0 0.338750 0.692187 0.127500 0.165625
0 0.803750 0.114062 0.167500 0.203125
0 0.751250 0.832812 0.077500 0.103125
0 0.753750 0.742188 0.092500 0.096875
0 0.957500 0.118750 0.085000 0.212500
