0 0.046250 0.354687 0.082500 0.190625
0 0.067500 0.159375 0.135000 0.200000
0 0.426250 0.548438 0.177500 0.384375
0 0.202500 0.162500 0.170000 0.337500
0 0.587500 0.818750 0.155000 0.178125
0 0.402500 0.403125 0.135000 0.215625
0 0.177500 0.371875 0.150000 0.221875
0 0.741250 0.876563 0.162500 0.165625
0 0.911250 0.942187 0.177500 0.168750
0 0.893750 0.604688 0.062500 0.084375
0 0.660000 1.062500 0.225000 0.078125
0 0.368750 0.939063 0.217500 0.196875
0 0.585000 0.556250 0.190000 0.259375
0 0.763750 0.632812 0.207500 0.271875
0 0.157500 0.515625 0.125000 0.171875
0 0.185000 0.712500 0.170000 0.190625
0 0.085000 1.043750 0.170000 0.062500
0 0.080000 0.090625 0.145000 0.153125
0 0.618750 0.067187 0.107500 0.046875
0 0.853750 0.604688 0.122500 0.106250
0 0.333750 0.248438 0.132500 0.203125
0 0.251250 0.576562 0.082500 0.118750
0 0.356250 0.095312 0.152500 0.143750
0 0.351250 0.689063 0.142500 0.184375
0 0.771250 0.142187 0.167500 0.203125
0 0.753750 0.817187 0.072500 0.100000
0 0.720000 0.750000 0.070000 0.093750
0 0.937500 0.090625 0.125000 0.306250
