0 0.066250 0.389062 0.092500 0.200000
0 0.068750 0.176563 0.137500 0.184375
0 0.402500 0.550000 0.205000 0.390625
0 0.211250 0.207813 0.177500 0.296875
0 0.582500 0.831250 0.155000 0.178125
0 0.180000 0.378125 0.150000 0.221875
0 0.741250 0.889062 0.162500 0.156250
0 0.910000 0.956250 0.180000 0.156250
0 0.905000 0.662500 0.115000 0.103125
0 0.680000 1.081250 0.255000 0.078125
0 0.368750 0.951562 0.217500 0.184375
0 0.580000 0.593750 0.185000 0.237500
0 0.733750 0.582812 0.202500 0.303125
0 0.147500 0.506250 0.125000 0.171875
0 0.200000 0.718750 0.170000 0.190625
0 0.121250 0.985938 0.147500 0.106250
0 0.095000 0.090625 0.145000 0.153125
0 0.875000 0.612500 0.160000 0.106250
0 0.285000 0.178125 0.115000 0.156250
0 0.256250 0.576562 0.102500 0.118750
0 0.371250 0.089063 0.142500 0.187500
0 0.373750 0.704688 0.172500 0.203125
0 0.735000 0.225000 0.205000 0.184375
0 0.733750 0.785937 0.072500 0.103125
0 0.671250 0.729688 0.062500 0.093750
0 0.930000 0.134375 0.130000 0.281250
0 0.372500 0.406250 0.105000 0.109375
0 0.441250 0.470313 0.082500 0.109375
