0 0.070000 0.440625 0.125000 0.187500
0 0.070000 0.189062 0.140000 0.171875
0 0.402500 0.604688 0.210000 0.378125
0 0.225000 0.276562 0.175000 0.290625
0 0.582500 0.823438 0.155000 0.178125
0 0.175000 0.389062 0.150000 0.221875
0 0.746250 0.864062 0.162500 0.153125
0 0.917500 0.926562 0.165000 0.146875
0 0.921250 0.651563 0.112500 0.121875
0 0.692500 0.960938 0.245000 0.078125
0 0.368750 0.915625 0.217500 0.168750
0 0.580000 0.626563 0.170000 0.184375
0 0.718750 0.579688 0.202500 0.303125
0 0.145000 0.514062 0.125000 0.171875
0 0.215000 0.710938 0.170000 0.190625
0 0.131250 0.935937 0.157500 0.128125
0 0.082500 0.065625 0.105000 0.125000
0 0.875000 0.554688 0.165000 0.103125
0 0.271250 0.150000 0.117500 0.175000
0 0.256250 0.576562 0.087500 0.159375
0 0.395000 0.726562 0.200000 0.209375
0 0.703750 0.193750 0.172500 0.187500
0 0.741250 0.781250 0.082500 0.118750
0 0.673750 0.768750 0.062500 0.118750
0 0.888750 0.079687 0.222500 0.159375
0 0.375000 0.373437 0.105000 0.109375
0 0.447500 0.479687 0.090000 0.121875
