0 0.063750 0.382812 0.092500 0.200000
0 0.068750 0.176563 0.137500 0.184375
0 0.401250 0.548438 0.202500 0.390625
0 0.211250 0.207813 0.177500 0.296875
0 0.582500 0.831250 0.155000 0.178125
0 0.396250 0.389062 0.102500 0.178125
0 0.180000 0.378125 0.150000 0.221875
0 0.741250 0.889062 0.162500 0.156250
0 0.910000 0.956250 0.180000 0.156250
0 0.902500 0.665625 0.115000 0.103125
0 0.680000 1.081250 0.255000 0.078125
0 0.368750 0.951562 0.217500 0.184375
0 0.580000 0.590625 0.185000 0.243750
0 0.733750 0.585938 0.202500 0.303125
0 0.147500 0.506250 0.125000 0.171875
0 0.200000 0.718750 0.170000 0.190625
0 0.121250 0.985938 0.147500 0.106250
0 0.095000 0.090625 0.145000 0.153125
0 0.875000 0.612500 0.160000 0.106250
0 0.287500 0.181250 0.115000 0.153125
0 0.255000 0.575000 0.100000 0.118750
0 0.373750 0.089063 0.142500 0.206250
0 0.372500 0.703125 0.170000 0.203125
0 0.738750 0.226562 0.207500 0.184375
0 0.733750 0.789062 0.072500 0.103125
0 0.671250 0.729688 0.062500 0.090625
0 0.932500 0.131250 0.130000 0.284375
