0 0.067500 0.434375 0.125000 0.212500
0 0.071250 0.193750 0.142500 0.162500
0 0.402500 0.601562 0.215000 0.371875
0 0.245000 0.300000 0.170000 0.275000
0 0.580000 0.826562 0.155000 0.178125
0 0.167500 0.382812 0.150000 0.221875
0 0.751250 0.860938 0.162500 0.153125
0 0.927500 0.928125 0.145000 0.143750
0 0.913750 0.657813 0.112500 0.128125
0 0.700000 0.960938 0.240000 0.078125
0 0.368750 0.918750 0.217500 0.162500
0 0.577500 0.618750 0.160000 0.212500
0 0.711250 0.564063 0.202500 0.303125
0 0.142500 0.514062 0.125000 0.171875
0 0.215000 0.714063 0.170000 0.190625
0 0.136250 0.932813 0.162500 0.134375
0 0.077500 0.060937 0.095000 0.115625
0 0.878750 0.551562 0.172500 0.096875
0 0.273750 0.128125 0.117500 0.175000
0 0.256250 0.576562 0.092500 0.165625
0 0.397500 0.739062 0.200000 0.209375
0 0.676250 0.217188 0.167500 0.253125
0 0.760000 0.779687 0.090000 0.128125
0 0.682500 0.776563 0.080000 0.134375
0 0.885000 0.087500 0.230000 0.175000
0 0.382500 0.357812 0.105000 0.109375
0 0.452500 0.487500 0.095000 0.131250
0 0.030000 0.910937 0.060000 0.178125
0 0.786250 0.043750 0.152500 0.087500
