0 0.065000 0.396875 0.125000 0.221875
0 0.071250 0.204687 0.142500 0.159375
0 0.402500 0.546875 0.215000 0.368750
0 0.245000 0.271875 0.160000 0.256250
0 0.580000 0.834375 0.155000 0.178125
0 0.165000 0.365625 0.150000 0.221875
0 0.753750 0.885938 0.162500 0.153125
0 0.932500 0.943750 0.135000 0.140625
0 0.911250 0.664062 0.112500 0.128125
0 0.705000 1.071875 0.240000 0.078125
0 0.368750 0.976562 0.217500 0.159375
0 0.578750 0.598437 0.157500 0.231250
0 0.708750 0.535937 0.197500 0.296875
0 0.142500 0.506250 0.125000 0.171875
0 0.217500 0.725000 0.170000 0.190625
0 0.140000 0.968750 0.165000 0.134375
0 0.881250 0.614062 0.177500 0.093750
0 0.271250 0.107813 0.122500 0.181250
0 0.255000 0.553125 0.095000 0.168750
0 0.397500 0.762500 0.200000 0.209375
0 0.666250 0.198437 0.167500 0.256250
0 0.777500 0.778125 0.100000 0.134375
0 0.686250 0.760938 0.087500 0.140625
0 0.870000 0.146875 0.215000 0.200000
0 0.397500 0.359375 0.105000 0.109375
0 0.452500 0.481250 0.095000 0.137500
0 0.028750 0.823438 0.057500 0.212500
0 0.786250 0.095312 0.152500 0.103125
0 0.048750 0.120313 0.077500 0.084375
0 0.086250 0.051562 0.082500 0.078125
