0 0.062500 0.384375 0.125000 0.237500
0 0.071250 0.207813 0.142500 0.156250
0 0.403750 0.548438 0.217500 0.365625
0 0.237500 0.271875 0.135000 0.215625
0 0.580000 0.834375 0.155000 0.178125
0 0.160000 0.365625 0.150000 0.221875
0 0.758750 0.882812 0.162500 0.153125
0 0.932500 0.946875 0.135000 0.137500
0 0.902500 0.678125 0.120000 0.115625
0 0.710000 1.068750 0.235000 0.078125
0 0.366250 0.985938 0.222500 0.153125
0 0.576250 0.570312 0.152500 0.262500
0 0.711250 0.551562 0.167500 0.240625
0 0.142500 0.506250 0.125000 0.171875
0 0.217500 0.728125 0.170000 0.190625
0 0.145000 0.968750 0.170000 0.137500
0 0.887500 0.612500 0.170000 0.093750
0 0.268750 0.098437 0.132500 0.193750
0 0.253750 0.551562 0.097500 0.175000
0 0.398750 0.770312 0.197500 0.203125
0 0.653750 0.201563 0.167500 0.256250
0 0.791250 0.770312 0.112500 0.143750
0 0.692500 0.743750 0.095000 0.159375
0 0.827500 0.159375 0.175000 0.268750
0 0.415000 0.340625 0.100000 0.115625
0 0.455000 0.484375 0.100000 0.143750
0 0.027500 0.793750 0.055000 0.240625
0 0.786250 0.095312 0.152500 0.128125
0 0.050000 0.128125 0.080000 0.090625
0 0.075000 0.065625 0.105000 0.084375
