0 0.066250 0.207813 0.132500 0.153125
0 0.406250 0.554688 0.222500 0.356250
0 0.226250 0.276562 0.102500 0.140625
0 0.580000 0.837500 0.155000 0.178125
0 0.150000 0.362500 0.150000 0.221875
0 0.763750 0.882812 0.162500 0.153125
0 0.932500 0.953125 0.135000 0.131250
0 0.888750 0.682813 0.107500 0.100000
0 0.721250 1.064062 0.227500 0.078125
0 0.348750 1.001562 0.247500 0.153125
0 0.577500 0.515625 0.145000 0.325000
0 0.712500 0.584375 0.110000 0.137500
0 0.140000 0.506250 0.125000 0.171875
0 0.217500 0.725000 0.170000 0.193750
0 0.137500 0.946875 0.180000 0.156250
0 0.903750 0.598437 0.137500 0.100000
0 0.265000 0.112500 0.180000 0.150000
0 0.252500 0.550000 0.100000 0.178125
0 0.397500 0.781250 0.185000 0.184375
0 0.651250 0.204687 0.167500 0.256250
0 0.838750 0.767188 0.102500 0.137500
0 0.702500 0.721875 0.110000 0.184375
0 0.817500 0.212500 0.165000 0.281250
0 0.441250 0.326562 0.112500 0.131250
0 0.460000 0.487500 0.105000 0.156250
0 0.023750 0.754687 0.047500 0.275000
0 0.781250 0.095312 0.152500 0.153125
0 0.040000 0.112500 0.080000 0.090625
0 0.076250 0.082812 0.132500 0.084375
0 0.925000 0.084375 0.135000 0.115625
0 0.041250 0.357812 0.082500 0.118750
0 0.066250 0.507812 0.107500 0.125000
