0 0.053750 0.189062 0.107500 0.162500
0 0.410000 0.556250 0.230000 0.362500
0 0.218750 0.270313 0.102500 0.140625
0 0.580000 0.840625 0.155000 0.178125
0 0.145000 0.356250 0.150000 0.221875
0 0.761250 0.885938 0.162500 0.153125
0 0.931250 0.957812 0.137500 0.128125
0 0.873750 0.676562 0.092500 0.109375
0 0.723750 1.064062 0.227500 0.078125
0 0.345000 1.006250 0.255000 0.153125
0 0.573750 0.492188 0.142500 0.340625
0 0.727500 0.600000 0.115000 0.131250
0 0.137500 0.509375 0.125000 0.171875
0 0.215000 0.721875 0.170000 0.196875
0 0.131250 0.929688 0.187500 0.171875
0 0.910000 0.593750 0.130000 0.100000
0 0.252500 0.106250 0.170000 0.125000
0 0.250000 0.546875 0.100000 0.178125
0 0.396250 0.782813 0.182500 0.178125
0 0.648750 0.207813 0.167500 0.256250
0 0.837500 0.781250 0.105000 0.125000
0 0.701250 0.720313 0.117500 0.196875
0 0.812500 0.243750 0.165000 0.281250
0 0.468750 0.326562 0.112500 0.143750
0 0.462500 0.490625 0.110000 0.165625
0 0.022500 0.725000 0.045000 0.296875
0 0.773750 0.098437 0.152500 0.153125
0 0.055000 0.118750 0.080000 0.090625
0 0.063750 0.067187 0.107500 0.084375
0 0.923750 0.085938 0.137500 0.128125
0 0.040000 0.359375 0.080000 0.115625
0 0.065000 0.506250 0.110000 0.131250
