0 0.062500 0.425000 0.125000 0.237500
0 0.070000 0.200000 0.140000 0.150000
0 0.403750 0.590625 0.222500 0.356250
0 0.228750 0.285938 0.102500 0.140625
0 0.580000 0.829688 0.155000 0.178125
0 0.152500 0.379688 0.150000 0.221875
0 0.763750 0.854688 0.162500 0.153125
0 0.932500 0.932813 0.135000 0.134375
0 0.892500 0.665625 0.120000 0.100000
0 0.717500 0.960938 0.230000 0.078125
0 0.351250 0.923438 0.242500 0.153125
0 0.577500 0.590625 0.145000 0.312500
0 0.711250 0.582812 0.117500 0.153125
0 0.140000 0.514062 0.125000 0.171875
0 0.217500 0.715625 0.170000 0.193750
0 0.138750 0.917188 0.177500 0.153125
0 0.902500 0.557813 0.145000 0.096875
0 0.265000 0.082812 0.170000 0.159375
0 0.252500 0.576562 0.100000 0.178125
0 0.396250 0.757812 0.187500 0.190625
0 0.651250 0.228125 0.167500 0.256250
0 0.831250 0.776563 0.117500 0.146875
0 0.701250 0.746875 0.107500 0.181250
0 0.817500 0.237500 0.165000 0.281250
0 0.431250 0.325000 0.102500 0.131250
0 0.458750 0.498437 0.102500 0.153125
0 0.025000 0.865625 0.050000 0.268750
0 0.781250 0.076563 0.152500 0.153125
0 0.040000 0.110937 0.080000 0.090625
0 0.073750 0.043750 0.127500 0.087500
0 0.926250 0.056250 0.132500 0.112500
