0 0.033750 0.154688 0.067500 0.178125
0 0.401250 0.539062 0.242500 0.387500
0 0.208750 0.257812 0.102500 0.137500
0 0.582500 0.843750 0.155000 0.178125
0 0.135000 0.353125 0.150000 0.221875
0 0.758750 0.895312 0.162500 0.153125
0 0.931250 0.967187 0.137500 0.118750
0 0.846250 0.695312 0.107500 0.121875
0 0.723750 1.067187 0.227500 0.075000
0 0.347500 1.000000 0.245000 0.153125
0 0.571250 0.485938 0.142500 0.309375
0 0.135000 0.509375 0.125000 0.171875
0 0.215000 0.715625 0.170000 0.203125
0 0.133750 0.917188 0.182500 0.181250
0 0.912500 0.593750 0.130000 0.100000
0 0.192500 0.075000 0.120000 0.109375
0 0.245000 0.540625 0.090000 0.178125
0 0.398750 0.773438 0.182500 0.178125
0 0.641250 0.195312 0.167500 0.256250
0 0.827500 0.809375 0.115000 0.115625
0 0.685000 0.706250 0.120000 0.196875
0 0.805000 0.259375 0.160000 0.293750
0 0.491250 0.310937 0.102500 0.196875
0 0.476250 0.492188 0.112500 0.171875
0 0.023750 0.695312 0.047500 0.296875
0 0.763750 0.098437 0.152500 0.153125
0 0.071250 0.176563 0.102500 0.118750
0 0.062500 0.065625 0.105000 0.118750
0 0.926250 0.082812 0.132500 0.146875
0 0.035000 0.356250 0.070000 0.112500
0 0.058750 0.507812 0.112500 0.143750
0 0.767500 0.571875 0.090000 0.137500
0 0.716250 0.629687 0.077500 0.093750
