0 0.025000 0.128125 0.050000 0.200000
0 0.388750 0.517188 0.262500 0.425000
0 0.202500 0.240625 0.095000 0.131250
0 0.582500 0.846875 0.155000 0.178125
0 0.125000 0.368750 0.155000 0.200000
0 0.753750 0.901563 0.162500 0.153125
0 0.930000 0.981250 0.140000 0.106250
0 0.832500 0.700000 0.105000 0.153125
0 0.723750 1.073438 0.227500 0.068750
0 0.346250 0.998437 0.242500 0.153125
0 0.548750 0.539062 0.107500 0.153125
0 0.125000 0.509375 0.125000 0.171875
0 0.212500 0.709375 0.170000 0.209375
0 0.138750 0.904687 0.172500 0.187500
0 0.915000 0.590625 0.130000 0.100000
0 0.140000 0.062500 0.100000 0.087500
0 0.242500 0.521875 0.085000 0.178125
0 0.402500 0.775000 0.190000 0.215625
0 0.636250 0.151562 0.167500 0.303125
0 0.803750 0.817187 0.112500 0.137500
0 0.697500 0.709375 0.120000 0.200000
0 0.815000 0.303125 0.180000 0.315625
0 0.491250 0.292187 0.102500 0.218750
0 0.470000 0.503125 0.090000 0.140625
0 0.025000 0.715625 0.050000 0.265625
0 0.796250 0.076563 0.122500 0.100000
0 0.078750 0.207813 0.102500 0.118750
0 0.080000 0.087500 0.140000 0.146875
0 0.932500 0.075000 0.120000 0.171875
0 0.026250 0.360938 0.052500 0.096875
0 0.041250 0.485938 0.082500 0.146875
0 0.796250 0.614062 0.097500 0.093750
0 0.730000 0.696875 0.140000 0.081250
0 0.306250 0.067187 0.107500 0.168750
