0 0.025000 0.128125 0.050000 0.200000
0 0.387500 0.512500 0.265000 0.434375
0 0.202500 0.237500 0.095000 0.128125
0 0.582500 0.846875 0.155000 0.178125
0 0.126250 0.370312 0.157500 0.196875
0 0.753750 0.901563 0.162500 0.153125
0 0.930000 0.981250 0.140000 0.106250
0 0.831250 0.704688 0.117500 0.156250
0 0.723750 1.073438 0.227500 0.068750
0 0.343750 0.998437 0.242500 0.153125
0 0.546250 0.548438 0.102500 0.134375
0 0.122500 0.509375 0.125000 0.171875
0 0.212500 0.709375 0.170000 0.212500
0 0.140000 0.900000 0.170000 0.187500
0 0.917500 0.590625 0.130000 0.100000
0 0.141250 0.064062 0.102500 0.093750
0 0.245000 0.515625 0.085000 0.178125
0 0.403750 0.776563 0.192500 0.228125
0 0.635000 0.140625 0.165000 0.321875
0 0.798750 0.807813 0.102500 0.143750
0 0.696250 0.707812 0.117500 0.200000
0 0.821250 0.323437 0.192500 0.315625
0 0.491250 0.292187 0.102500 0.218750
0 0.467500 0.503125 0.090000 0.140625
0 0.025000 0.721875 0.050000 0.259375
0 0.803750 0.076563 0.122500 0.090625
0 0.081250 0.210938 0.102500 0.118750
0 0.082500 0.090625 0.145000 0.150000
0 0.933750 0.073438 0.117500 0.171875
0 0.025000 0.359375 0.050000 0.096875
0 0.038750 0.482812 0.077500 0.150000
0 0.793750 0.620313 0.097500 0.093750
0 0.731250 0.692187 0.137500 0.084375
0 0.301250 0.067187 0.107500 0.171875
0 0.971250 0.351562 0.057500 0.090625
