0 0.027500 0.201563 0.055000 0.209375
0 0.395000 0.567187 0.225000 0.365625
0 0.201250 0.239063 0.092500 0.128125
0 0.585000 0.842187 0.155000 0.178125
0 0.130000 0.368750 0.165000 0.193750
0 0.748750 0.876563 0.162500 0.153125
0 0.928750 0.951562 0.142500 0.096875
0 0.838750 0.704688 0.142500 0.165625
0 0.723750 0.967187 0.227500 0.065625
0 0.338750 0.923438 0.242500 0.153125
0 0.546250 0.551562 0.102500 0.134375
0 0.116250 0.514062 0.127500 0.171875
0 0.210000 0.704688 0.170000 0.215625
0 0.140000 0.879687 0.170000 0.190625
0 0.917500 0.559375 0.130000 0.100000
0 0.145000 0.056250 0.110000 0.112500
0 0.247500 0.529687 0.085000 0.178125
0 0.403750 0.770312 0.192500 0.234375
0 0.623750 0.195312 0.147500 0.365625
0 0.787500 0.800000 0.085000 0.156250
0 0.701250 0.734375 0.112500 0.200000
0 0.827500 0.354687 0.195000 0.315625
0 0.491250 0.303125 0.102500 0.218750
0 0.457500 0.523438 0.090000 0.140625
0 0.025000 0.821875 0.050000 0.237500
0 0.088750 0.215625 0.102500 0.118750
0 0.093750 0.082812 0.167500 0.165625
0 0.938750 0.089063 0.107500 0.178125
0 0.025000 0.376563 0.050000 0.096875
0 0.027500 0.509375 0.055000 0.150000
0 0.792500 0.606250 0.100000 0.106250
0 0.747500 0.643750 0.105000 0.100000
0 0.285000 0.085938 0.110000 0.171875
0 0.956250 0.371875 0.087500 0.081250
0 0.750000 0.189062 0.080000 0.159375
0 0.793750 0.045312 0.087500 0.090625
