0 0.037500 0.242188 0.075000 0.253125
0 0.587500 0.851562 0.155000 0.178125
0 0.147500 0.350000 0.200000 0.162500
0 0.728750 0.879687 0.162500 0.153125
0 0.932500 0.962500 0.135000 0.075000
0 0.910000 0.706250 0.175000 0.162500
0 0.718750 0.968750 0.227500 0.062500
0 0.313750 0.923438 0.242500 0.153125
0 0.117500 0.498437 0.140000 0.171875
0 0.230000 0.704688 0.130000 0.221875
0 0.165000 0.835938 0.170000 0.190625
0 0.922500 0.546875 0.130000 0.100000
0 0.160000 0.056250 0.140000 0.112500
0 0.251250 0.448437 0.097500 0.234375
0 0.401250 0.745313 0.192500 0.234375
0 0.613750 0.192188 0.137500 0.309375
0 0.776250 0.781250 0.122500 0.131250
0 0.675000 0.700000 0.105000 0.200000
0 0.796250 0.335938 0.207500 0.246875
0 0.486250 0.173437 0.157500 0.209375
0 0.536250 0.715625 0.112500 0.175000
0 0.038750 0.789062 0.077500 0.228125
0 0.106250 0.203125 0.102500 0.118750
0 0.061250 0.082812 0.122500 0.165625
0 0.913750 0.084375 0.162500 0.168750
0 0.033750 0.523438 0.067500 0.121875
0 0.790000 0.557813 0.110000 0.146875
0 0.748750 0.639062 0.082500 0.096875
0 0.298750 0.098437 0.132500 0.196875
0 0.946250 0.396875 0.107500 0.125000
0 0.753750 0.160938 0.142500 0.196875
0 0.770000 0.039062 0.110000 0.078125
0 0.507500 0.509375 0.130000 0.262500
0 0.610000 0.623437 0.080000 0.090625
0 0.205000 0.151562 0.135000 0.121875
0 0.168750 0.243750 0.107500 0.081250
0 0.421250 0.551562 0.102500 0.090625
0 0.471250 0.618750 0.082500 0.112500
