0 0.478750 0.626563 0.237500 0.403125
0 0.710000 0.492188 0.255000 0.253125
0 0.065000 0.153125 0.130000 0.306250
0 0.590000 0.295312 0.285000 0.309375
0 0.847500 0.267188 0.305000 0.421875
0 0.637500 0.054688 0.260000 0.109375
0 0.282500 0.223438 0.300000 0.446875
0 0.772500 0.601562 0.220000 0.253125
0 0.886250 0.903125 0.227500 0.193750
0 0.702500 0.835938 0.235000 0.328125
0 0.943750 0.787500 0.072500 0.212500
0 0.072500 0.885938 0.130000 0.228125
0 0.955000 0.553125 0.090000 0.200000
0 0.976250 0.785937 0.047500 0.184375
