0 0.478750 0.573438 0.237500 0.396875
0 0.708750 0.514062 0.242500 0.253125
0 0.066250 0.082812 0.132500 0.306250
0 0.591250 0.320312 0.282500 0.303125
0 0.848750 0.245312 0.302500 0.421875
0 0.637500 0.162500 0.260000 0.112500
0 0.280000 0.184375 0.295000 0.443750
0 0.781250 0.601562 0.217500 0.259375
0 0.886250 0.957812 0.227500 0.184375
0 0.706250 0.810937 0.232500 0.334375
0 0.932500 0.687500 0.080000 0.250000
0 0.077500 0.868750 0.130000 0.212500
0 0.958750 0.507812 0.082500 0.193750
0 0.982500 0.721875 0.035000 0.175000
