0 0.476250 0.635938 0.237500 0.415625
0 0.713750 0.495312 0.277500 0.253125
0 0.063750 0.156250 0.127500 0.312500
0 0.586250 0.295312 0.287500 0.321875
0 0.846250 0.267188 0.307500 0.421875
0 0.636250 0.053125 0.262500 0.106250
0 0.283750 0.226562 0.307500 0.453125
0 0.760000 0.617188 0.225000 0.246875
0 0.885000 0.896875 0.230000 0.206250
0 0.690000 0.843750 0.235000 0.312500
0 0.966250 0.828125 0.057500 0.143750
0 0.065000 0.870313 0.125000 0.259375
0 0.947500 0.556250 0.105000 0.212500
0 0.965000 0.779687 0.070000 0.196875
