0 0.472500 0.646875 0.235000 0.425000
0 0.717500 0.500000 0.300000 0.250000
0 0.062500 0.157812 0.125000 0.315625
0 0.581250 0.293750 0.292500 0.331250
0 0.845000 0.267188 0.310000 0.421875
0 0.636250 0.051562 0.262500 0.103125
0 0.285000 0.228125 0.315000 0.456250
0 0.748750 0.628125 0.232500 0.237500
0 0.883750 0.889062 0.232500 0.221875
0 0.681250 0.850000 0.237500 0.300000
0 0.982500 0.867188 0.035000 0.096875
0 0.057500 0.867188 0.115000 0.265625
0 0.940000 0.557813 0.120000 0.221875
0 0.953750 0.771875 0.092500 0.212500
