0 0.462500 0.609375 0.230000 0.415625
0 0.722500 0.593750 0.335000 0.250000
0 0.060000 0.075000 0.120000 0.321875
0 0.573750 0.304688 0.297500 0.350000
0 0.842500 0.253125 0.315000 0.421875
0 0.635000 0.165625 0.265000 0.096875
0 0.287500 0.203125 0.325000 0.465625
0 0.727500 0.687500 0.240000 0.225000
0 0.876250 0.923438 0.247500 0.231250
0 0.663750 0.867188 0.237500 0.281250
0 0.978750 0.832812 0.042500 0.103125
0 0.043750 0.810937 0.087500 0.243750
0 0.928750 0.532813 0.142500 0.240625
0 0.935000 0.728125 0.130000 0.234375
