0 0.466250 0.662500 0.232500 0.418750
0 0.722500 0.506250 0.325000 0.250000
0 0.060000 0.159375 0.120000 0.318750
0 0.577500 0.293750 0.295000 0.343750
0 0.843750 0.267188 0.312500 0.421875
0 0.635000 0.050000 0.265000 0.100000
0 0.286250 0.231250 0.322500 0.462500
0 0.733750 0.642188 0.237500 0.228125
0 0.881250 0.884375 0.237500 0.231250
0 0.668750 0.856250 0.237500 0.287500
0 0.988750 0.882812 0.022500 0.078125
0 0.048750 0.875000 0.097500 0.250000
0 0.932500 0.560937 0.135000 0.234375
0 0.941250 0.765625 0.117500 0.225000
