0 0.213750 0.818750 0.187500 0.362500
0 0.621250 0.648438 0.287500 0.290625
0 0.056250 0.196875 0.112500 0.393750
0 0.515000 0.328125 0.310000 0.437500
0 0.817500 0.254688 0.320000 0.421875
0 0.617500 0.035937 0.165000 0.071875
0 0.262500 0.214062 0.305000 0.428125
0 0.405000 0.778125 0.300000 0.262500
0 0.795000 0.917188 0.295000 0.165625
0 0.447500 0.934375 0.235000 0.131250
0 0.742500 0.743750 0.260000 0.231250
0 0.916250 0.467187 0.167500 0.265625
0 0.676250 0.895312 0.122500 0.134375
0 0.856250 0.812500 0.207500 0.143750
0 0.973750 0.873437 0.052500 0.234375
