0 0.180000 0.731250 0.185000 0.365625
0 0.573750 0.657813 0.257500 0.318750
0 0.051250 0.064062 0.102500 0.403125
0 0.511250 0.317188 0.302500 0.425000
0 0.815000 0.240625 0.320000 0.421875
0 0.621250 0.095312 0.152500 0.062500
0 0.256250 0.185938 0.297500 0.428125
0 0.365000 0.812500 0.300000 0.256250
0 0.766250 0.985938 0.297500 0.200000
0 0.400000 1.021875 0.270000 0.146875
0 0.717500 0.740625 0.260000 0.231250
0 0.908750 0.442188 0.182500 0.275000
0 0.568750 0.873437 0.117500 0.187500
0 0.856250 0.835938 0.217500 0.259375
0 0.958750 0.735938 0.082500 0.275000
