0 0.236250 0.826562 0.192500 0.346875
0 0.647500 0.645312 0.305000 0.278125
0 0.060000 0.195312 0.120000 0.390625
0 0.517500 0.323437 0.315000 0.446875
0 0.820000 0.254688 0.320000 0.421875
0 0.612500 0.037500 0.170000 0.075000
0 0.267500 0.214062 0.310000 0.428125
0 0.425000 0.792188 0.300000 0.265625
0 0.810000 0.929688 0.295000 0.140625
0 0.467500 0.940625 0.215000 0.118750
0 0.755000 0.742188 0.260000 0.203125
0 0.920000 0.467187 0.160000 0.259375
0 0.735000 0.889062 0.120000 0.115625
0 0.863750 0.810937 0.182500 0.109375
