0 0.161250 0.778125 0.187500 0.350000
0 0.541250 0.660937 0.237500 0.334375
0 0.052500 0.198437 0.105000 0.396875
0 0.507500 0.348438 0.295000 0.415625
0 0.812500 0.251563 0.320000 0.421875
0 0.625000 0.028125 0.145000 0.056250
0 0.250000 0.214062 0.290000 0.428125
0 0.340000 0.739062 0.300000 0.253125
0 0.736250 0.895312 0.302500 0.209375
0 0.350000 0.925000 0.295000 0.150000
0 0.700000 0.659375 0.260000 0.231250
0 0.903750 0.467187 0.192500 0.284375
0 0.526250 0.890625 0.137500 0.200000
0 0.862500 0.845313 0.215000 0.246875
0 0.947500 0.787500 0.105000 0.300000
0 0.380000 0.037500 0.180000 0.075000
0 0.027500 0.532813 0.055000 0.209375
