0 0.147500 0.764062 0.190000 0.340625
0 0.518750 0.664062 0.222500 0.346875
0 0.057500 0.187500 0.115000 0.375000
0 0.505000 0.354687 0.290000 0.409375
0 0.812500 0.251563 0.320000 0.421875
0 0.627500 0.026562 0.140000 0.053125
0 0.246250 0.214062 0.287500 0.428125
0 0.322500 0.728125 0.300000 0.250000
0 0.715000 0.893750 0.305000 0.212500
0 0.318750 0.925000 0.312500 0.150000
0 0.687500 0.637500 0.260000 0.231250
0 0.901250 0.465625 0.197500 0.287500
0 0.498750 0.885938 0.152500 0.209375
0 0.866250 0.857812 0.212500 0.240625
0 0.940000 0.782813 0.120000 0.296875
0 0.387500 0.051562 0.200000 0.103125
0 0.041250 0.517188 0.082500 0.203125
