0 0.092500 0.678125 0.185000 0.275000
0 0.495000 0.746875 0.205000 0.240625
0 0.087500 0.109375 0.175000 0.271875
0 0.500000 0.371875 0.280000 0.378125
0 0.805000 0.234375 0.320000 0.421875
0 0.621250 0.092188 0.147500 0.053125
0 0.227500 0.165625 0.265000 0.428125
0 0.245000 0.746875 0.300000 0.243750
0 0.652500 0.918750 0.175000 0.190625
0 0.176250 1.051562 0.352500 0.168750
0 0.648750 0.651563 0.237500 0.231250
0 0.881250 0.520312 0.237500 0.265625
0 0.376250 0.898438 0.177500 0.209375
0 0.875000 0.934375 0.205000 0.193750
0 0.902500 0.740625 0.195000 0.278125
0 0.431250 0.176563 0.282500 0.234375
0 0.121250 0.535937 0.242500 0.209375
0 0.977500 0.225000 0.045000 0.196875
