0 0.087500 0.693750 0.175000 0.256250
0 0.493750 0.759375 0.202500 0.206250
0 0.093750 0.123438 0.187500 0.246875
0 0.501250 0.390625 0.287500 0.368750
0 0.805000 0.248438 0.320000 0.428125
0 0.618750 0.026562 0.152500 0.053125
0 0.222500 0.214062 0.260000 0.428125
0 0.237500 0.673438 0.300000 0.246875
0 0.645000 0.910937 0.135000 0.178125
0 0.163750 0.907813 0.327500 0.184375
0 0.641250 0.612500 0.232500 0.231250
0 0.876250 0.514062 0.247500 0.259375
0 0.356250 0.901563 0.172500 0.196875
0 0.875000 0.907813 0.205000 0.184375
0 0.907500 0.756250 0.185000 0.268750
0 0.440000 0.125000 0.285000 0.250000
0 0.140000 0.498437 0.280000 0.221875
0 0.973750 0.293750 0.052500 0.212500
