0 0.137500 0.753125 0.190000 0.331250
0 0.503750 0.665625 0.212500 0.356250
0 0.062500 0.181250 0.125000 0.362500
0 0.503750 0.359375 0.287500 0.406250
0 0.810000 0.251563 0.320000 0.421875
0 0.627500 0.025000 0.135000 0.050000
0 0.243750 0.214062 0.282500 0.428125
0 0.307500 0.720313 0.300000 0.246875
0 0.701250 0.890625 0.307500 0.218750
0 0.295000 0.925000 0.325000 0.150000
0 0.683750 0.634375 0.257500 0.231250
0 0.898750 0.468750 0.202500 0.287500
0 0.477500 0.885938 0.160000 0.215625
0 0.867500 0.864062 0.210000 0.234375
0 0.935000 0.778125 0.130000 0.293750
0 0.395000 0.062500 0.215000 0.125000
0 0.052500 0.504687 0.105000 0.196875
