0 0.073750 0.675000 0.147500 0.206250
0 0.510000 0.815625 0.260000 0.237500
0 0.091250 0.128125 0.182500 0.256250
0 0.508750 0.407813 0.307500 0.346875
0 0.810000 0.253125 0.310000 0.450000
0 0.610000 0.028125 0.165000 0.056250
0 0.216250 0.223438 0.257500 0.446875
0 0.217500 0.659375 0.300000 0.256250
0 0.131250 0.892188 0.262500 0.215625
0 0.608750 0.639062 0.252500 0.246875
0 0.865000 0.539062 0.270000 0.246875
0 0.316250 0.893750 0.217500 0.212500
0 0.885000 0.920312 0.205000 0.159375
0 0.931250 0.753125 0.137500 0.237500
0 0.462500 0.145313 0.295000 0.290625
0 0.173750 0.517188 0.317500 0.221875
0 0.966250 0.292187 0.067500 0.253125
0 0.625000 0.903125 0.095000 0.137500
0 0.601250 0.979688 0.062500 0.040625
