0 0.060000 0.657813 0.120000 0.184375
0 0.526250 0.857812 0.312500 0.278125
0 0.073750 0.156250 0.147500 0.312500
0 0.512500 0.421875 0.320000 0.331250
0 0.812500 0.259375 0.305000 0.468750
0 0.605000 0.029687 0.175000 0.059375
0 0.213750 0.235937 0.262500 0.471875
0 0.202500 0.650000 0.300000 0.262500
0 0.101250 0.879687 0.202500 0.234375
0 0.585000 0.664062 0.270000 0.259375
0 0.856250 0.559375 0.287500 0.237500
0 0.291250 0.876563 0.277500 0.246875
0 0.895000 0.926562 0.205000 0.146875
0 0.950000 0.754687 0.100000 0.215625
0 0.475000 0.157812 0.295000 0.315625
0 0.183750 0.526563 0.272500 0.184375
0 0.955000 0.304688 0.080000 0.284375
0 0.603750 0.904687 0.092500 0.121875
0 0.598750 0.978125 0.087500 0.043750
