0 0.078750 0.681250 0.157500 0.225000
0 0.502500 0.793750 0.235000 0.218750
0 0.098750 0.114062 0.197500 0.228125
0 0.505000 0.403125 0.300000 0.356250
0 0.808750 0.253125 0.312500 0.443750
0 0.612500 0.028125 0.160000 0.056250
0 0.217500 0.217188 0.255000 0.434375
0 0.225000 0.667188 0.300000 0.253125
0 0.632500 0.942187 0.130000 0.115625
0 0.142500 0.898438 0.285000 0.203125
0 0.621250 0.626563 0.242500 0.240625
0 0.868750 0.532813 0.262500 0.253125
0 0.330000 0.901563 0.190000 0.196875
0 0.880000 0.915625 0.205000 0.168750
0 0.922500 0.754687 0.155000 0.246875
0 0.455000 0.137500 0.290000 0.275000
0 0.170000 0.510938 0.340000 0.240625
0 0.968750 0.292187 0.062500 0.240625
