0 0.077500 0.681250 0.155000 0.218750
0 0.503750 0.800000 0.242500 0.225000
0 0.097500 0.118750 0.195000 0.237500
0 0.506250 0.404687 0.302500 0.353125
0 0.808750 0.253125 0.312500 0.443750
0 0.613750 0.028125 0.162500 0.056250
0 0.218750 0.218750 0.257500 0.437500
0 0.222500 0.664062 0.300000 0.253125
0 0.632500 0.942187 0.130000 0.115625
0 0.140000 0.896875 0.280000 0.206250
0 0.617500 0.629687 0.245000 0.240625
0 0.867500 0.534375 0.265000 0.250000
0 0.326250 0.898438 0.197500 0.203125
0 0.880000 0.917188 0.205000 0.165625
0 0.925000 0.753125 0.150000 0.243750
0 0.456250 0.140625 0.292500 0.281250
0 0.171250 0.515625 0.332500 0.237500
0 0.968750 0.290625 0.062500 0.243750
