0 0.075000 0.676562 0.150000 0.209375
0 0.508750 0.814063 0.257500 0.234375
0 0.092500 0.126562 0.185000 0.253125
0 0.507500 0.409375 0.305000 0.350000
0 0.810000 0.253125 0.310000 0.450000
0 0.612500 0.028125 0.165000 0.056250
0 0.216250 0.221875 0.257500 0.443750
0 0.220000 0.662500 0.300000 0.256250
0 0.132500 0.892188 0.265000 0.215625
0 0.611250 0.637500 0.252500 0.243750
0 0.865000 0.539062 0.270000 0.246875
0 0.320000 0.893750 0.215000 0.212500
0 0.885000 0.918750 0.205000 0.162500
0 0.930000 0.753125 0.140000 0.237500
0 0.461250 0.143750 0.292500 0.287500
0 0.172500 0.515625 0.320000 0.225000
0 0.966250 0.292187 0.067500 0.253125
0 0.625000 0.900000 0.095000 0.137500
0 0.603750 0.979688 0.062500 0.040625
