0 0.075000 0.665625 0.150000 0.209375
0 0.510000 0.853125 0.255000 0.234375
0 0.093750 0.117188 0.187500 0.250000
0 0.507500 0.421875 0.305000 0.350000
0 0.808750 0.223438 0.312500 0.450000
0 0.611250 0.101562 0.162500 0.056250
0 0.216250 0.160938 0.257500 0.440625
0 0.220000 0.721875 0.300000 0.256250
0 0.133750 0.954688 0.267500 0.212500
0 0.612500 0.668750 0.250000 0.243750
0 0.866250 0.579688 0.267500 0.246875
0 0.320000 0.921875 0.210000 0.209375
0 0.882500 0.965625 0.205000 0.162500
0 0.930000 0.721875 0.140000 0.240625
0 0.461250 0.182812 0.292500 0.287500
0 0.173750 0.604688 0.322500 0.228125
0 0.967500 0.206250 0.065000 0.250000
0 0.628750 0.892188 0.097500 0.137500
0 0.602500 0.996875 0.060000 0.040625
