0 0.085000 0.671875 0.170000 0.246875
0 0.495000 0.800000 0.205000 0.193750
0 0.097500 0.121875 0.195000 0.237500
0 0.502500 0.393750 0.290000 0.365625
0 0.806250 0.232813 0.317500 0.434375
0 0.617500 0.096875 0.155000 0.053125
0 0.222500 0.162500 0.260000 0.428125
0 0.235000 0.734375 0.300000 0.250000
0 0.638750 0.932813 0.132500 0.150000
0 0.157500 1.009375 0.315000 0.187500
0 0.636250 0.642188 0.232500 0.231250
0 0.873750 0.548438 0.252500 0.259375
0 0.346250 0.914062 0.167500 0.190625
0 0.875000 0.950000 0.205000 0.178125
0 0.912500 0.734375 0.175000 0.262500
0 0.443750 0.179688 0.287500 0.256250
0 0.147500 0.571875 0.295000 0.228125
0 0.972500 0.218750 0.055000 0.218750
