0 0.073750 0.667188 0.147500 0.203125
0 0.512500 0.865625 0.265000 0.240625
0 0.090000 0.112500 0.180000 0.259375
0 0.508750 0.429688 0.307500 0.346875
0 0.810000 0.221875 0.310000 0.453125
0 0.610000 0.103125 0.165000 0.056250
0 0.216250 0.160938 0.257500 0.446875
0 0.217500 0.718750 0.300000 0.256250
0 0.128750 0.942187 0.257500 0.218750
0 0.607500 0.678125 0.255000 0.246875
0 0.863750 0.589063 0.272500 0.246875
0 0.316250 0.923438 0.222500 0.215625
0 0.885000 0.968750 0.205000 0.159375
0 0.932500 0.721875 0.135000 0.234375
0 0.465000 0.184375 0.295000 0.293750
0 0.175000 0.603125 0.315000 0.218750
0 0.963750 0.207813 0.067500 0.256250
0 0.621250 0.892188 0.092500 0.134375
0 0.600000 1.000000 0.065000 0.040625
