0 0.070000 0.668750 0.140000 0.187500
0 0.517500 0.834375 0.285000 0.256250
0 0.083750 0.140625 0.167500 0.281250
0 0.511250 0.414062 0.312500 0.340625
0 0.811250 0.254688 0.307500 0.459375
0 0.607500 0.028125 0.170000 0.056250
0 0.215000 0.228125 0.260000 0.456250
0 0.210000 0.654687 0.300000 0.259375
0 0.120000 0.885938 0.240000 0.228125
0 0.597500 0.651563 0.260000 0.253125
0 0.861250 0.548438 0.277500 0.240625
0 0.305000 0.885938 0.245000 0.228125
0 0.890000 0.923438 0.205000 0.153125
0 0.940000 0.754687 0.120000 0.228125
0 0.471250 0.151562 0.297500 0.303125
0 0.178750 0.521875 0.297500 0.206250
0 0.961250 0.300000 0.072500 0.268750
0 0.610000 0.900000 0.085000 0.131250
0 0.596250 0.978125 0.077500 0.043750
