0 0.038750 0.587500 0.077500 0.262500
0 0.518750 0.920312 0.217500 0.159375
0 0.040000 0.195312 0.080000 0.390625
0 0.531250 0.468750 0.372500 0.275000
0 0.823750 0.273438 0.282500 0.528125
0 0.608750 0.018750 0.132500 0.037500
0 0.206250 0.279687 0.282500 0.559375
0 0.147500 0.681250 0.210000 0.481250
0 0.017500 0.800000 0.035000 0.118750
0 0.528750 0.684375 0.272500 0.300000
0 0.798750 0.623437 0.237500 0.234375
0 0.253750 0.939063 0.187500 0.121875
0 0.821250 0.867188 0.157500 0.221875
0 0.492500 0.198437 0.275000 0.334375
0 0.285000 0.673438 0.250000 0.296875
0 0.928750 0.425000 0.137500 0.275000
0 0.711250 0.926562 0.097500 0.128125
0 0.787500 0.959375 0.075000 0.081250
0 0.907500 0.771875 0.125000 0.118750
0 0.915000 0.654687 0.115000 0.121875
0 0.981250 0.296875 0.037500 0.250000
