0 0.040000 0.590625 0.080000 0.184375
0 0.506250 0.964063 0.297500 0.221875
0 0.056250 0.070312 0.112500 0.368750
0 0.517500 0.487500 0.335000 0.315625
0 0.816250 0.204687 0.297500 0.484375
0 0.605000 0.103125 0.165000 0.053125
0 0.212500 0.168750 0.270000 0.496875
0 0.187500 0.690625 0.300000 0.271875
0 0.066250 0.829688 0.132500 0.240625
0 0.560000 0.731250 0.290000 0.271875
0 0.847500 0.653125 0.305000 0.225000
0 0.280000 0.946875 0.270000 0.221875
0 0.880000 0.946875 0.190000 0.171875
0 0.961250 0.673438 0.077500 0.193750
0 0.476250 0.179688 0.287500 0.331250
0 0.212500 0.625000 0.265000 0.187500
0 0.943750 0.217188 0.092500 0.315625
0 0.600000 0.925000 0.105000 0.109375
0 0.615000 1.012500 0.100000 0.050000
