0 0.040000 0.579688 0.080000 0.284375
0 0.540000 0.918750 0.180000 0.162500
0 0.037500 0.195312 0.075000 0.390625
0 0.527500 0.478125 0.370000 0.275000
0 0.826250 0.275000 0.277500 0.537500
0 0.617500 0.017188 0.120000 0.034375
0 0.202500 0.287500 0.285000 0.575000
0 0.136250 0.690625 0.187500 0.531250
0 0.030000 0.781250 0.060000 0.168750
0 0.525000 0.681250 0.265000 0.306250
0 0.787500 0.632812 0.220000 0.234375
0 0.237500 0.942187 0.165000 0.115625
0 0.811250 0.857812 0.157500 0.209375
0 0.502500 0.210938 0.275000 0.321875
0 0.300000 0.712500 0.240000 0.343750
0 0.925000 0.457813 0.150000 0.246875
0 0.722500 0.943750 0.110000 0.106250
0 0.807500 0.967187 0.090000 0.065625
0 0.897500 0.779687 0.140000 0.121875
0 0.911250 0.664062 0.117500 0.121875
0 0.977500 0.300000 0.045000 0.250000
