0 0.048750 0.592187 0.097500 0.303125
0 0.555000 0.892188 0.155000 0.215625
0 0.035000 0.196875 0.070000 0.387500
0 0.511250 0.496875 0.352500 0.281250
0 0.825000 0.275000 0.280000 0.525000
0 0.642500 0.010937 0.090000 0.021875
0 0.200000 0.309375 0.295000 0.618750
0 0.127500 0.748437 0.165000 0.503125
0 0.048750 0.790625 0.097500 0.243750
0 0.541250 0.667188 0.212500 0.253125
0 0.758750 0.665625 0.177500 0.243750
0 0.225000 0.979688 0.065000 0.040625
0 0.722500 0.818750 0.160000 0.181250
0 0.530000 0.242188 0.255000 0.278125
0 0.340000 0.737500 0.275000 0.318750
0 0.911250 0.495312 0.177500 0.184375
0 0.690000 0.954688 0.115000 0.090625
0 0.762500 0.960938 0.080000 0.078125
0 0.893750 0.848437 0.177500 0.146875
0 0.902500 0.692187 0.145000 0.159375
0 0.967500 0.312500 0.065000 0.250000
0 0.356250 0.960938 0.147500 0.078125
0 0.353750 0.031250 0.157500 0.062500
