0 0.050000 0.509375 0.100000 0.303125
0 0.546250 0.910937 0.162500 0.190625
0 0.042500 0.059375 0.085000 0.384375
0 0.508750 0.576562 0.347500 0.281250
0 0.823750 0.189062 0.282500 0.518750
0 0.642500 0.056250 0.090000 0.021875
0 0.200000 0.187500 0.295000 0.628125
0 0.128750 0.642188 0.167500 0.462500
0 0.050000 0.756250 0.100000 0.240625
0 0.552500 0.675000 0.195000 0.221875
0 0.758750 0.654687 0.177500 0.253125
0 0.225000 1.006250 0.045000 0.021875
0 0.697500 0.818750 0.160000 0.175000
0 0.535000 0.262500 0.240000 0.268750
0 0.348750 0.767188 0.287500 0.306250
0 0.907500 0.537500 0.185000 0.168750
0 0.680000 0.971875 0.125000 0.106250
0 0.760000 0.971875 0.080000 0.078125
0 0.896250 0.910937 0.187500 0.153125
0 0.900000 0.709375 0.155000 0.171875
0 0.965000 0.234375 0.070000 0.250000
0 0.348750 0.995313 0.147500 0.096875
0 0.342500 0.112500 0.180000 0.084375
