0 0.048750 0.592187 0.097500 0.303125
0 0.553750 0.893750 0.157500 0.212500
0 0.037500 0.196875 0.075000 0.387500
0 0.511250 0.496875 0.352500 0.281250
0 0.825000 0.273438 0.280000 0.521875
0 0.642500 0.010937 0.090000 0.021875
0 0.200000 0.310937 0.295000 0.621875
0 0.127500 0.753125 0.165000 0.493750
0 0.050000 0.795312 0.100000 0.240625
0 0.545000 0.667188 0.210000 0.246875
0 0.758750 0.667188 0.177500 0.246875
0 0.223750 0.982812 0.057500 0.034375
0 0.717500 0.815625 0.160000 0.181250
0 0.530000 0.242188 0.250000 0.278125
0 0.341250 0.739062 0.277500 0.315625
0 0.910000 0.496875 0.180000 0.181250
0 0.688750 0.953125 0.117500 0.093750
0 0.762500 0.960938 0.080000 0.078125
0 0.895000 0.854688 0.180000 0.146875
0 0.901250 0.693750 0.147500 0.162500
0 0.967500 0.312500 0.065000 0.250000
0 0.353750 0.959375 0.147500 0.081250
0 0.351250 0.034375 0.162500 0.068750
