0 0.055000 0.531250 0.110000 0.303125
0 0.523750 0.973437 0.177500 0.137500
0 0.057500 0.087500 0.115000 0.375000
0 0.502500 0.581250 0.340000 0.287500
0 0.823750 0.192188 0.282500 0.512500
0 0.642500 0.056250 0.090000 0.021875
0 0.202500 0.190625 0.275000 0.618750
0 0.131250 0.729688 0.172500 0.378125
0 0.051250 0.804688 0.102500 0.234375
0 0.761250 0.657813 0.177500 0.271875
0 0.646250 0.807813 0.162500 0.162500
0 0.550000 0.268750 0.210000 0.246875
0 0.352500 0.784375 0.295000 0.278125
0 0.905000 0.571875 0.190000 0.140625
0 0.657500 0.946875 0.145000 0.143750
0 0.752500 0.971875 0.080000 0.078125
0 0.897500 0.953125 0.205000 0.168750
0 0.892500 0.721875 0.170000 0.193750
0 0.958750 0.248438 0.082500 0.262500
0 0.338750 0.960938 0.147500 0.131250
0 0.321250 0.142187 0.227500 0.121875
0 0.608750 0.626563 0.117500 0.128125
0 0.527500 0.743750 0.150000 0.125000
