0 0.042500 0.573438 0.085000 0.303125
0 0.553750 0.906250 0.157500 0.187500
0 0.035000 0.195312 0.070000 0.390625
0 0.521250 0.485938 0.362500 0.278125
0 0.825000 0.276562 0.280000 0.534375
0 0.630000 0.014063 0.105000 0.028125
0 0.201250 0.295312 0.287500 0.590625
0 0.125000 0.700000 0.165000 0.581250
0 0.041250 0.759375 0.082500 0.218750
0 0.517500 0.675000 0.255000 0.312500
0 0.773750 0.646875 0.202500 0.237500
0 0.223750 0.946875 0.142500 0.106250
0 0.788750 0.846875 0.157500 0.200000
0 0.510000 0.221875 0.275000 0.306250
0 0.316250 0.732812 0.242500 0.359375
0 0.920000 0.468750 0.160000 0.225000
0 0.708750 0.954688 0.112500 0.090625
0 0.795000 0.967187 0.090000 0.065625
0 0.892500 0.796875 0.155000 0.125000
0 0.910000 0.671875 0.125000 0.131250
0 0.975000 0.306250 0.050000 0.250000
