0 0.057500 0.614062 0.115000 0.303125
0 0.083750 0.187500 0.167500 0.337500
0 0.481250 0.537500 0.317500 0.293750
0 0.821250 0.271875 0.287500 0.493750
0 0.212500 0.350000 0.240000 0.581250
0 0.143750 0.890625 0.167500 0.218750
0 0.031250 0.821875 0.062500 0.218750
0 0.767500 0.717187 0.175000 0.321875
0 0.460000 0.834375 0.195000 0.193750
0 0.545000 0.284375 0.205000 0.231250
0 0.222500 0.681250 0.180000 0.256250
0 0.965000 0.584375 0.070000 0.056250
0 0.600000 0.889062 0.165000 0.221875
0 0.731250 0.954688 0.112500 0.090625
0 0.886250 0.937500 0.197500 0.125000
0 0.876250 0.701562 0.172500 0.196875
0 0.935000 0.387500 0.130000 0.343750
0 0.278750 0.909375 0.147500 0.181250
0 0.268750 0.065625 0.282500 0.131250
0 0.642500 0.592187 0.145000 0.246875
0 0.518750 0.709375 0.162500 0.125000
