0 0.056250 0.610938 0.112500 0.303125
0 0.086250 0.181250 0.172500 0.331250
0 0.480000 0.542188 0.315000 0.296875
0 0.821250 0.273438 0.287500 0.490625
0 0.208750 0.339062 0.247500 0.565625
0 0.147500 0.890625 0.160000 0.218750
0 0.035000 0.803125 0.070000 0.200000
0 0.763750 0.720313 0.177500 0.321875
0 0.435000 0.846875 0.195000 0.200000
0 0.541250 0.287500 0.207500 0.231250
0 0.208750 0.668750 0.177500 0.256250
0 0.973750 0.592187 0.052500 0.046875
0 0.588750 0.884375 0.162500 0.231250
0 0.727500 0.953125 0.120000 0.093750
0 0.882500 0.940625 0.195000 0.118750
0 0.871250 0.701562 0.172500 0.196875
0 0.932500 0.395313 0.135000 0.353125
0 0.268750 0.906250 0.147500 0.187500
0 0.273750 0.065625 0.277500 0.131250
0 0.637500 0.592187 0.145000 0.234375
0 0.510000 0.704688 0.165000 0.134375
