0 0.057500 0.543750 0.115000 0.303125
0 0.491250 1.014063 0.142500 0.075000
0 0.072500 0.118750 0.145000 0.365625
0 0.492500 0.584375 0.330000 0.290625
0 0.822500 0.200000 0.285000 0.503125
0 0.210000 0.196875 0.255000 0.606250
0 0.132500 0.818750 0.175000 0.290625
0 0.041250 0.785937 0.082500 0.234375
0 0.762500 0.659375 0.175000 0.293750
0 0.563750 0.826562 0.187500 0.171875
0 0.557500 0.278125 0.190000 0.231250
0 0.297500 0.734375 0.245000 0.268750
0 0.918750 0.585938 0.162500 0.121875
0 0.632500 0.918750 0.165000 0.184375
0 0.745000 0.971875 0.080000 0.078125
0 0.891250 0.973437 0.202500 0.153125
0 0.886250 0.720313 0.172500 0.196875
0 0.948750 0.267188 0.102500 0.296875
0 0.316250 0.939063 0.147500 0.153125
0 0.298750 0.164062 0.262500 0.140625
0 0.627500 0.590625 0.130000 0.190625
0 0.527500 0.750000 0.155000 0.121875
