0 0.057500 0.623437 0.115000 0.303125
0 0.488750 0.965625 0.132500 0.068750
0 0.073750 0.209375 0.147500 0.362500
0 0.492500 0.523438 0.330000 0.290625
0 0.822500 0.273438 0.285000 0.503125
0 0.210000 0.343750 0.255000 0.606250
0 0.133750 0.859375 0.177500 0.281250
0 0.040000 0.848437 0.080000 0.234375
0 0.765000 0.696875 0.175000 0.293750
0 0.555000 0.795312 0.190000 0.171875
0 0.557500 0.275000 0.190000 0.231250
0 0.292500 0.712500 0.240000 0.268750
0 0.920000 0.546875 0.160000 0.118750
0 0.632500 0.907813 0.165000 0.184375
0 0.743750 0.959375 0.082500 0.081250
0 0.891250 0.925000 0.202500 0.150000
0 0.886250 0.710938 0.172500 0.196875
0 0.947500 0.356250 0.105000 0.300000
0 0.313750 0.921875 0.147500 0.156250
0 0.296250 0.068750 0.262500 0.137500
0 0.630000 0.604688 0.130000 0.196875
0 0.527500 0.712500 0.155000 0.118750
