0 0.056250 0.529687 0.112500 0.303125
0 0.085000 0.121875 0.170000 0.331250
0 0.480000 0.590625 0.315000 0.296875
0 0.821250 0.204687 0.287500 0.490625
0 0.208750 0.210938 0.247500 0.568750
0 0.145000 0.881250 0.160000 0.218750
0 0.033750 0.745313 0.067500 0.203125
0 0.765000 0.668750 0.175000 0.321875
0 0.440000 0.868750 0.195000 0.196875
0 0.543750 0.301563 0.207500 0.231250
0 0.211250 0.654687 0.177500 0.256250
0 0.973750 0.601562 0.052500 0.046875
0 0.591250 0.873437 0.162500 0.228125
0 0.728750 0.979688 0.117500 0.093750
0 0.886250 1.001562 0.197500 0.121875
0 0.873750 0.710938 0.172500 0.196875
0 0.932500 0.300000 0.135000 0.353125
0 0.271250 0.904687 0.147500 0.187500
0 0.271250 0.173437 0.277500 0.131250
0 0.637500 0.565625 0.145000 0.237500
0 0.512500 0.743750 0.165000 0.134375
