0 0.056250 0.520312 0.112500 0.303125
0 0.090000 0.118750 0.180000 0.312500
0 0.446250 0.589063 0.302500 0.296875
0 0.820000 0.212500 0.290000 0.484375
0 0.198750 0.220312 0.267500 0.521875
0 0.158750 0.873437 0.142500 0.215625
0 0.043750 0.732812 0.087500 0.156250
0 0.751250 0.689063 0.187500 0.309375
0 0.391250 0.879687 0.197500 0.212500
0 0.532500 0.312500 0.215000 0.231250
0 0.182500 0.621875 0.175000 0.253125
0 0.568750 0.848437 0.162500 0.253125
0 0.720000 0.987500 0.140000 0.100000
0 0.887500 1.006250 0.180000 0.106250
0 0.861250 0.701562 0.167500 0.200000
0 0.932500 0.340625 0.135000 0.353125
0 0.250000 0.893750 0.165000 0.209375
0 0.282500 0.162500 0.260000 0.128125
0 0.621250 0.582812 0.147500 0.203125
0 0.488750 0.723437 0.172500 0.162500
