0 0.056250 0.595313 0.112500 0.303125
0 0.090000 0.146875 0.180000 0.293750
0 0.415000 0.551562 0.290000 0.296875
0 0.820000 0.270313 0.290000 0.478125
0 0.190000 0.292187 0.285000 0.484375
0 0.167500 0.901563 0.140000 0.196875
0 0.032500 0.717187 0.065000 0.109375
0 0.737500 0.729688 0.195000 0.296875
0 0.372500 0.854688 0.205000 0.221875
0 0.526250 0.300000 0.222500 0.231250
0 0.157500 0.614062 0.170000 0.253125
0 0.551250 0.862500 0.167500 0.256250
0 0.710000 0.942187 0.155000 0.115625
0 0.895000 0.953125 0.160000 0.093750
0 0.855000 0.692187 0.165000 0.203125
0 0.932500 0.464062 0.135000 0.353125
0 0.235000 0.885938 0.185000 0.228125
0 0.291250 0.064062 0.247500 0.128125
0 0.613750 0.589063 0.152500 0.184375
0 0.476250 0.685937 0.177500 0.178125
