0 0.055000 0.592187 0.110000 0.303125
0 0.085000 0.142187 0.170000 0.284375
0 0.396250 0.554688 0.282500 0.296875
0 0.817500 0.270313 0.290000 0.471875
0 0.187500 0.279687 0.295000 0.465625
0 0.170000 0.912500 0.145000 0.175000
0 0.023750 0.698438 0.047500 0.084375
0 0.730000 0.732812 0.200000 0.290625
0 0.363750 0.846875 0.207500 0.225000
0 0.523750 0.303125 0.227500 0.231250
0 0.142500 0.601562 0.170000 0.253125
0 0.540000 0.854688 0.170000 0.253125
0 0.703750 0.935937 0.162500 0.128125
0 0.898750 0.956250 0.147500 0.087500
0 0.848750 0.690625 0.162500 0.206250
0 0.932500 0.482812 0.135000 0.353125
0 0.226250 0.879687 0.197500 0.240625
0 0.297500 0.064062 0.240000 0.128125
0 0.613750 0.582812 0.157500 0.184375
0 0.473750 0.670312 0.177500 0.178125
