0 0.056250 0.595313 0.112500 0.303125
0 0.088750 0.146875 0.177500 0.293750
0 0.411250 0.551562 0.287500 0.296875
0 0.820000 0.270313 0.290000 0.478125
0 0.191250 0.290625 0.287500 0.481250
0 0.167500 0.903125 0.140000 0.193750
0 0.031250 0.715625 0.062500 0.106250
0 0.737500 0.729688 0.195000 0.296875
0 0.372500 0.851562 0.205000 0.221875
0 0.527500 0.300000 0.225000 0.231250
0 0.155000 0.610938 0.170000 0.253125
0 0.548750 0.862500 0.167500 0.256250
0 0.708750 0.940625 0.157500 0.118750
0 0.896250 0.953125 0.157500 0.093750
0 0.852500 0.692187 0.165000 0.203125
0 0.932500 0.467187 0.135000 0.353125
0 0.233750 0.884375 0.187500 0.231250
0 0.293750 0.064062 0.247500 0.128125
0 0.611250 0.589063 0.152500 0.184375
0 0.476250 0.682813 0.177500 0.178125
