0 0.056250 0.523438 0.112500 0.303125
0 0.088750 0.117188 0.177500 0.315625
0 0.452500 0.587500 0.305000 0.296875
0 0.820000 0.209375 0.290000 0.484375
0 0.200000 0.218750 0.265000 0.531250
0 0.157500 0.875000 0.145000 0.215625
0 0.042500 0.734375 0.085000 0.165625
0 0.752500 0.684375 0.185000 0.312500
0 0.393750 0.882812 0.197500 0.209375
0 0.535000 0.312500 0.215000 0.231250
0 0.187500 0.628125 0.175000 0.253125
0 0.573750 0.851562 0.162500 0.250000
0 0.721250 0.985938 0.137500 0.100000
0 0.887500 1.009375 0.185000 0.106250
0 0.865000 0.703125 0.170000 0.200000
0 0.932500 0.334375 0.135000 0.353125
0 0.252500 0.893750 0.160000 0.206250
0 0.282500 0.165625 0.265000 0.128125
0 0.623750 0.579688 0.147500 0.209375
0 0.493750 0.726562 0.172500 0.156250
