0 0.056250 0.520312 0.112500 0.303125
0 0.090000 0.118750 0.180000 0.309375
0 0.442500 0.587500 0.300000 0.296875
0 0.820000 0.212500 0.290000 0.481250
0 0.197500 0.221875 0.270000 0.518750
0 0.161250 0.873437 0.142500 0.215625
0 0.043750 0.729688 0.087500 0.153125
0 0.748750 0.689063 0.187500 0.309375
0 0.388750 0.879687 0.197500 0.212500
0 0.533750 0.314063 0.217500 0.231250
0 0.180000 0.618750 0.175000 0.253125
0 0.566250 0.845313 0.162500 0.256250
0 0.718750 0.989062 0.142500 0.100000
0 0.888750 1.007812 0.177500 0.103125
0 0.861250 0.701562 0.167500 0.200000
0 0.932500 0.343750 0.135000 0.353125
0 0.248750 0.892188 0.167500 0.212500
0 0.285000 0.162500 0.260000 0.128125
0 0.618750 0.585938 0.147500 0.200000
0 0.490000 0.725000 0.175000 0.165625
