0 0.056250 0.601562 0.112500 0.303125
0 0.091250 0.156250 0.182500 0.306250
0 0.437500 0.548438 0.300000 0.296875
0 0.820000 0.271875 0.290000 0.481250
0 0.198750 0.309375 0.272500 0.512500
0 0.162500 0.892188 0.140000 0.215625
0 0.043750 0.748437 0.087500 0.146875
0 0.746250 0.725000 0.187500 0.306250
0 0.387500 0.859375 0.200000 0.212500
0 0.533750 0.293750 0.217500 0.231250
0 0.176250 0.632812 0.172500 0.253125
0 0.563750 0.870313 0.162500 0.259375
0 0.717500 0.948438 0.145000 0.103125
0 0.890000 0.948438 0.175000 0.103125
0 0.861250 0.693750 0.167500 0.200000
0 0.932500 0.439063 0.135000 0.353125
0 0.247500 0.893750 0.170000 0.212500
0 0.283750 0.064062 0.257500 0.128125
0 0.618750 0.592187 0.147500 0.196875
0 0.487500 0.696875 0.175000 0.168750
