0 0.040000 0.581250 0.080000 0.237500
0 0.071250 0.089063 0.142500 0.253125
0 0.340000 0.578125 0.260000 0.296875
0 0.817500 0.228125 0.290000 0.453125
0 0.172500 0.231250 0.300000 0.428125
0 0.178750 1.004687 0.167500 0.100000
0 0.710000 0.737500 0.215000 0.271875
0 0.332500 0.846875 0.220000 0.243750
0 0.518750 0.335938 0.227500 0.231250
0 0.098750 0.532813 0.162500 0.250000
0 0.510000 0.825000 0.180000 0.250000
0 0.687500 0.959375 0.190000 0.159375
0 0.911250 1.001562 0.112500 0.068750
0 0.832500 0.675000 0.155000 0.212500
0 0.936250 0.435937 0.127500 0.346875
0 0.176250 0.845313 0.197500 0.240625
0 0.300000 0.128125 0.205000 0.143750
0 0.618750 0.576562 0.177500 0.184375
0 0.468750 0.648438 0.177500 0.178125
0 0.502500 1.028125 0.100000 0.034375
