0 0.046250 0.628125 0.092500 0.262500
0 0.075000 0.132812 0.150000 0.265625
0 0.358750 0.560937 0.267500 0.296875
0 0.817500 0.273438 0.290000 0.459375
0 0.177500 0.259375 0.305000 0.431250
0 0.175000 0.937500 0.160000 0.125000
0 0.015000 0.673438 0.030000 0.053125
0 0.717500 0.735938 0.210000 0.278125
0 0.341250 0.834375 0.217500 0.237500
0 0.521250 0.306250 0.227500 0.231250
0 0.112500 0.568750 0.165000 0.250000
0 0.518750 0.843750 0.177500 0.250000
0 0.692500 0.926562 0.180000 0.146875
0 0.906250 0.962500 0.122500 0.075000
0 0.838750 0.685937 0.157500 0.209375
0 0.933750 0.518750 0.132500 0.350000
0 0.193750 0.854688 0.197500 0.240625
0 0.301250 0.068750 0.217500 0.137500
0 0.617500 0.564063 0.170000 0.184375
0 0.471250 0.642188 0.177500 0.178125
0 0.492500 0.987500 0.085000 0.025000
