0 0.056250 0.514062 0.112500 0.303125
0 0.086250 0.107813 0.172500 0.287500
0 0.402500 0.584375 0.285000 0.296875
0 0.817500 0.215625 0.290000 0.475000
0 0.188750 0.229687 0.292500 0.471875
0 0.170000 0.909375 0.145000 0.181250
0 0.026250 0.692187 0.052500 0.090625
0 0.733750 0.707812 0.197500 0.293750
0 0.366250 0.867188 0.207500 0.225000
0 0.526250 0.329688 0.227500 0.231250
0 0.147500 0.584375 0.170000 0.253125
0 0.545000 0.837500 0.170000 0.256250
0 0.705000 0.975000 0.160000 0.125000
0 0.898750 1.004687 0.152500 0.090625
0 0.851250 0.692187 0.162500 0.203125
0 0.932500 0.384375 0.135000 0.353125
0 0.228750 0.882812 0.192500 0.237500
0 0.296250 0.151562 0.242500 0.128125
0 0.613750 0.592187 0.157500 0.184375
0 0.476250 0.698438 0.177500 0.178125
