0 0.022500 0.665625 0.045000 0.159375
0 0.051250 0.064062 0.102500 0.200000
0 0.275000 0.562500 0.255000 0.287500
0 0.815000 0.250000 0.290000 0.418750
0 0.143750 0.204687 0.262500 0.400000
0 0.187500 1.040625 0.205000 0.087500
0 0.701250 0.770312 0.212500 0.240625
0 0.256250 0.773438 0.242500 0.287500
0 0.511250 0.348438 0.227500 0.231250
0 0.045000 0.453125 0.090000 0.221875
0 0.462500 0.806250 0.190000 0.234375
0 0.655000 0.937500 0.200000 0.187500
0 0.922500 1.015625 0.065000 0.025000
0 0.802500 0.621875 0.150000 0.218750
0 0.948750 0.489063 0.102500 0.325000
0 0.116250 0.810937 0.197500 0.206250
0 0.307500 0.093750 0.145000 0.175000
0 0.632500 0.546875 0.195000 0.196875
0 0.453750 0.601562 0.187500 0.184375
0 0.526250 1.017187 0.072500 0.028125
0 0.967500 0.800000 0.065000 0.153125
0 0.622500 0.081250 0.130000 0.037500
0 0.442500 1.021875 0.080000 0.028125
