0 0.045000 0.068750 0.090000 0.168750
0 0.182500 0.528125 0.260000 0.265625
0 0.811250 0.285938 0.287500 0.368750
0 0.107500 0.190625 0.185000 0.278125
0 0.130000 0.996875 0.235000 0.150000
0 0.702500 0.812500 0.190000 0.203125
0 0.095000 0.693750 0.190000 0.253125
0 0.478750 0.342187 0.227500 0.231250
0 0.355000 0.806250 0.205000 0.200000
0 0.547500 0.906250 0.190000 0.209375
0 0.785000 0.618750 0.190000 0.256250
0 0.947500 0.540625 0.105000 0.246875
0 0.287500 0.096875 0.155000 0.234375
0 0.643750 0.498437 0.187500 0.225000
0 0.417500 0.581250 0.220000 0.209375
0 0.925000 0.818750 0.150000 0.193750
0 0.608750 0.095312 0.152500 0.065625
0 0.338750 0.954688 0.172500 0.153125
0 0.973750 0.032813 0.052500 0.156250
