0 0.045000 0.065625 0.090000 0.168750
0 0.206250 0.535937 0.257500 0.271875
0 0.810000 0.278125 0.290000 0.378125
0 0.110000 0.181250 0.210000 0.340625
0 0.162500 1.015625 0.235000 0.131250
0 0.708750 0.801562 0.192500 0.212500
0 0.127500 0.715625 0.205000 0.262500
0 0.491250 0.348438 0.227500 0.231250
0 0.393750 0.798438 0.197500 0.209375
0 0.586250 0.917188 0.177500 0.193750
0 0.792500 0.609375 0.175000 0.240625
0 0.946250 0.551562 0.107500 0.262500
0 0.033750 0.735938 0.067500 0.153125
0 0.291250 0.095312 0.152500 0.218750
0 0.652500 0.506250 0.195000 0.231250
0 0.427500 0.584375 0.215000 0.203125
0 0.930000 0.843750 0.140000 0.162500
0 0.613750 0.092188 0.147500 0.059375
0 0.388750 0.951562 0.157500 0.146875
0 0.980000 0.025000 0.040000 0.137500
