0 0.046250 0.070312 0.092500 0.168750
0 0.172500 0.525000 0.260000 0.265625
0 0.811250 0.282813 0.282500 0.368750
0 0.105000 0.193750 0.175000 0.256250
0 0.117500 0.993750 0.235000 0.153125
0 0.698750 0.817187 0.187500 0.200000
0 0.095000 0.687500 0.190000 0.253125
0 0.476250 0.342187 0.227500 0.231250
0 0.341250 0.810937 0.207500 0.196875
0 0.535000 0.903125 0.195000 0.215625
0 0.782500 0.621875 0.195000 0.259375
0 0.948750 0.535937 0.102500 0.240625
0 0.286250 0.098437 0.157500 0.237500
0 0.640000 0.496875 0.185000 0.221875
0 0.416250 0.582812 0.222500 0.212500
0 0.923750 0.810937 0.152500 0.206250
0 0.610000 0.096875 0.155000 0.068750
0 0.318750 0.957812 0.177500 0.153125
0 0.972500 0.034375 0.055000 0.162500
