0 0.056250 0.073438 0.112500 0.168750
0 0.135000 0.462500 0.240000 0.312500
0 0.813750 0.285938 0.252500 0.368750
0 0.116250 0.189062 0.127500 0.159375
0 0.078750 0.939063 0.157500 0.159375
0 0.667500 0.840625 0.185000 0.203125
0 0.075000 0.546875 0.150000 0.325000
0 0.435000 0.328125 0.240000 0.237500
0 0.245000 0.828125 0.195000 0.206250
0 0.493750 0.892188 0.202500 0.218750
0 0.776250 0.639062 0.222500 0.287500
0 0.951250 0.526563 0.097500 0.190625
0 0.281250 0.098437 0.157500 0.231250
0 0.620000 0.475000 0.165000 0.206250
0 0.391250 0.576562 0.237500 0.237500
0 0.921250 0.760938 0.157500 0.253125
0 0.605000 0.106250 0.170000 0.090625
0 0.266250 0.985938 0.147500 0.106250
0 0.955000 0.056250 0.090000 0.215625
