0 0.055000 0.071875 0.110000 0.168750
0 0.137500 0.475000 0.245000 0.303125
0 0.813750 0.285938 0.257500 0.368750
0 0.113750 0.192188 0.132500 0.165625
0 0.082500 0.937500 0.165000 0.165625
0 0.675000 0.840625 0.185000 0.196875
0 0.083750 0.592187 0.167500 0.293750
0 0.445000 0.331250 0.235000 0.234375
0 0.260000 0.828125 0.200000 0.203125
0 0.496250 0.895312 0.202500 0.218750
0 0.773750 0.639062 0.222500 0.287500
0 0.951250 0.526563 0.097500 0.190625
0 0.280000 0.100000 0.160000 0.250000
0 0.621250 0.476562 0.167500 0.209375
0 0.395000 0.578125 0.235000 0.234375
0 0.918750 0.764062 0.162500 0.256250
0 0.603750 0.104688 0.167500 0.087500
0 0.270000 0.981250 0.155000 0.115625
0 0.957500 0.053125 0.085000 0.209375
