0 0.047500 0.096875 0.095000 0.168750
0 0.160000 0.487500 0.260000 0.262500
0 0.813750 0.296875 0.277500 0.368750
0 0.106250 0.209375 0.162500 0.218750
0 0.108750 0.921875 0.217500 0.156250
0 0.696250 0.804688 0.187500 0.196875
0 0.095000 0.682813 0.190000 0.253125
0 0.471250 0.312500 0.227500 0.231250
0 0.318750 0.779687 0.212500 0.190625
0 0.512500 0.884375 0.200000 0.225000
0 0.778750 0.634375 0.202500 0.268750
0 0.950000 0.584375 0.100000 0.231250
0 0.283750 0.123438 0.157500 0.246875
0 0.635000 0.487500 0.180000 0.218750
0 0.410000 0.550000 0.225000 0.218750
0 0.921250 0.812500 0.157500 0.225000
0 0.606250 0.037500 0.157500 0.075000
0 0.291250 0.923438 0.187500 0.153125
0 0.968750 0.087500 0.062500 0.175000
