0 0.051250 0.073438 0.102500 0.168750
0 0.146250 0.495312 0.252500 0.281250
0 0.815000 0.284375 0.265000 0.368750
0 0.108750 0.198437 0.142500 0.181250
0 0.092500 0.953125 0.185000 0.162500
0 0.690000 0.837500 0.185000 0.187500
0 0.095000 0.653125 0.190000 0.253125
0 0.458750 0.332813 0.227500 0.231250
0 0.282500 0.821875 0.205000 0.200000
0 0.503750 0.895312 0.202500 0.221875
0 0.773750 0.639062 0.217500 0.284375
0 0.951250 0.523438 0.097500 0.212500
0 0.277500 0.100000 0.160000 0.262500
0 0.628750 0.482812 0.172500 0.212500
0 0.400000 0.578125 0.230000 0.228125
0 0.916250 0.773438 0.167500 0.256250
0 0.605000 0.103125 0.165000 0.081250
0 0.278750 0.973437 0.167500 0.131250
0 0.962500 0.046875 0.075000 0.193750
