0 0.046250 0.096875 0.092500 0.168750
0 0.170000 0.490625 0.260000 0.262500
0 0.812500 0.293750 0.280000 0.368750
0 0.106250 0.210938 0.172500 0.246875
0 0.115000 0.921875 0.230000 0.156250
0 0.698750 0.800000 0.187500 0.200000
0 0.095000 0.692187 0.190000 0.253125
0 0.473750 0.312500 0.227500 0.231250
0 0.335000 0.779687 0.210000 0.196875
0 0.527500 0.887500 0.195000 0.218750
0 0.783750 0.631250 0.197500 0.262500
0 0.948750 0.590625 0.102500 0.237500
0 0.286250 0.120313 0.157500 0.240625
0 0.638750 0.489063 0.182500 0.221875
0 0.413750 0.548438 0.222500 0.215625
0 0.923750 0.814063 0.152500 0.209375
0 0.607500 0.035937 0.155000 0.071875
0 0.312500 0.923438 0.180000 0.153125
0 0.971250 0.082812 0.057500 0.165625
