0 0.056250 0.073438 0.112500 0.168750
0 0.136250 0.467187 0.242500 0.309375
0 0.815000 0.287500 0.255000 0.368750
0 0.113750 0.189062 0.127500 0.162500
0 0.080000 0.937500 0.160000 0.162500
0 0.670000 0.840625 0.185000 0.203125
0 0.078750 0.560937 0.157500 0.312500
0 0.438750 0.329688 0.237500 0.237500
0 0.251250 0.829688 0.197500 0.206250
0 0.493750 0.895312 0.202500 0.218750
0 0.776250 0.639062 0.222500 0.287500
0 0.951250 0.526563 0.097500 0.190625
0 0.281250 0.098437 0.157500 0.237500
0 0.620000 0.475000 0.165000 0.206250
0 0.393750 0.576562 0.237500 0.237500
0 0.920000 0.762500 0.160000 0.253125
0 0.603750 0.104688 0.167500 0.090625
0 0.267500 0.984375 0.150000 0.109375
0 0.956250 0.054688 0.087500 0.215625
