0 0.056250 0.087500 0.112500 0.168750
0 0.135000 0.468750 0.240000 0.312500
0 0.813750 0.312500 0.252500 0.368750
0 0.116250 0.189062 0.127500 0.159375
0 0.078750 0.920312 0.157500 0.159375
0 0.670000 0.826562 0.185000 0.203125
0 0.076250 0.617188 0.152500 0.321875
0 0.437500 0.296875 0.240000 0.237500
0 0.245000 0.809375 0.195000 0.206250
0 0.493750 0.875000 0.202500 0.218750
0 0.776250 0.643750 0.222500 0.287500
0 0.951250 0.560937 0.097500 0.190625
0 0.281250 0.117188 0.157500 0.234375
0 0.620000 0.475000 0.165000 0.206250
0 0.391250 0.546875 0.237500 0.237500
0 0.921250 0.789062 0.157500 0.253125
0 0.605000 0.045312 0.170000 0.090625
0 0.266250 0.946875 0.147500 0.106250
0 0.956250 0.107813 0.087500 0.215625
