0 0.115000 0.453125 0.220000 0.400000
0 0.816250 0.346875 0.182500 0.237500
0 0.041250 0.967187 0.082500 0.065625
0 0.601250 0.870313 0.182500 0.253125
0 0.050000 0.682813 0.100000 0.178125
0 0.345000 0.260937 0.295000 0.265625
0 0.180000 0.839063 0.175000 0.215625
0 0.472500 0.823438 0.200000 0.228125
0 0.786250 0.628125 0.222500 0.287500
0 0.300000 0.032813 0.100000 0.065625
0 0.600000 0.453125 0.150000 0.193750
0 0.376250 0.531250 0.222500 0.231250
0 0.937500 0.764062 0.125000 0.240625
0 0.603750 0.060937 0.187500 0.121875
0 0.141250 0.968750 0.112500 0.062500
0 0.931250 0.145313 0.137500 0.290625
0 0.983750 0.535937 0.032500 0.103125
0 0.926250 0.462500 0.102500 0.131250
0 0.157500 0.100000 0.090000 0.112500
0 0.117500 0.140625 0.075000 0.087500
0 0.043750 0.096875 0.087500 0.125000
0 0.096250 0.042188 0.092500 0.078125
