0 0.058750 0.084375 0.117500 0.168750
0 0.112500 0.451562 0.215000 0.378125
0 0.811250 0.343750 0.217500 0.306250
0 0.141250 0.142187 0.122500 0.153125
0 0.058750 0.943750 0.117500 0.112500
0 0.625000 0.856250 0.185000 0.237500
0 0.048750 0.609375 0.097500 0.318750
0 0.380000 0.273438 0.275000 0.253125
0 0.190000 0.832812 0.180000 0.215625
0 0.476250 0.853125 0.202500 0.218750
0 0.783750 0.634375 0.222500 0.287500
0 0.295000 0.064062 0.135000 0.128125
0 0.602500 0.459375 0.150000 0.193750
0 0.375000 0.540625 0.245000 0.250000
0 0.931250 0.771875 0.137500 0.243750
0 0.602500 0.054688 0.180000 0.109375
0 0.188750 0.965625 0.122500 0.068750
0 0.940000 0.131250 0.120000 0.262500
0 0.976250 0.581250 0.047500 0.106250
0 0.918750 0.484375 0.097500 0.162500
