0 0.158750 0.473438 0.252500 0.328125
0 0.015000 0.990625 0.030000 0.018750
0 0.605000 0.846875 0.155000 0.231250
0 0.065000 0.575000 0.130000 0.225000
0 0.321250 0.243750 0.302500 0.293750
0 0.156250 0.839063 0.167500 0.215625
0 0.466250 0.781250 0.197500 0.243750
0 0.793750 0.634375 0.222500 0.287500
0 0.597500 0.437500 0.150000 0.193750
0 0.380000 0.515625 0.185000 0.200000
0 0.603750 0.070312 0.197500 0.140625
0 0.191250 0.985938 0.072500 0.028125
0 0.916250 0.168750 0.167500 0.337500
0 0.986250 0.514062 0.027500 0.078125
0 0.933750 0.487500 0.102500 0.131250
0 0.143750 0.084375 0.082500 0.112500
0 0.088750 0.100000 0.062500 0.081250
0 0.016250 0.081250 0.032500 0.112500
0 0.068750 0.021875 0.077500 0.043750
0 0.751250 0.303125 0.137500 0.181250
0 0.852500 0.400000 0.120000 0.187500
0 0.027500 0.809375 0.055000 0.262500
0 0.948750 0.810937 0.092500 0.090625
0 0.971250 0.715625 0.057500 0.100000
0 0.016250 0.423438 0.032500 0.171875
