0 0.133750 0.420312 0.242500 0.387500
0 0.818750 0.329688 0.172500 0.231250
0 0.037500 0.990625 0.075000 0.056250
0 0.601250 0.851562 0.177500 0.250000
0 0.053750 0.610938 0.107500 0.212500
0 0.335000 0.309375 0.300000 0.265625
0 0.176250 0.839063 0.172500 0.215625
0 0.472500 0.825000 0.200000 0.228125
0 0.788750 0.620313 0.222500 0.287500
0 0.300000 0.062500 0.100000 0.065625
0 0.600000 0.446875 0.150000 0.193750
0 0.376250 0.551562 0.217500 0.228125
0 0.938750 0.717187 0.122500 0.237500
0 0.603750 0.117188 0.187500 0.125000
0 0.126250 1.007812 0.107500 0.059375
0 0.928750 0.089063 0.142500 0.300000
0 0.983750 0.504687 0.032500 0.100000
0 0.926250 0.464062 0.102500 0.131250
0 0.162500 0.093750 0.085000 0.112500
0 0.115000 0.121875 0.065000 0.081250
0 0.042500 0.078125 0.085000 0.121875
0 0.097500 0.059375 0.095000 0.068750
