0 0.161250 0.470313 0.257500 0.331250
0 0.015000 1.000000 0.030000 0.018750
0 0.603750 0.829688 0.157500 0.231250
0 0.065000 0.537500 0.130000 0.234375
0 0.321250 0.285938 0.302500 0.290625
0 0.158750 0.839063 0.167500 0.215625
0 0.466250 0.782813 0.197500 0.240625
0 0.793750 0.626563 0.222500 0.287500
0 0.597500 0.437500 0.150000 0.193750
0 0.378750 0.532813 0.187500 0.200000
0 0.603750 0.123438 0.197500 0.140625
0 0.190000 1.015625 0.070000 0.028125
0 0.916250 0.104688 0.167500 0.337500
0 0.986250 0.492188 0.027500 0.078125
0 0.933750 0.482812 0.102500 0.131250
0 0.143750 0.079687 0.082500 0.112500
0 0.091250 0.101562 0.062500 0.081250
0 0.015000 0.043750 0.030000 0.112500
0 0.068750 0.048438 0.077500 0.043750
0 0.751250 0.301563 0.137500 0.178125
0 0.855000 0.378125 0.120000 0.184375
0 0.025000 0.709375 0.050000 0.253125
0 0.951250 0.820312 0.092500 0.090625
0 0.972500 0.700000 0.055000 0.096875
0 0.013750 0.354687 0.027500 0.168750
