0 0.160000 0.468750 0.255000 0.328125
0 0.015000 1.000000 0.030000 0.018750
0 0.605000 0.828125 0.155000 0.231250
0 0.065000 0.540625 0.130000 0.228125
0 0.321250 0.285938 0.302500 0.293750
0 0.156250 0.835938 0.167500 0.215625
0 0.466250 0.782813 0.197500 0.243750
0 0.793750 0.626563 0.222500 0.287500
0 0.597500 0.437500 0.150000 0.193750
0 0.377500 0.531250 0.185000 0.200000
0 0.603750 0.123438 0.197500 0.140625
0 0.191250 1.017187 0.072500 0.028125
0 0.916250 0.104688 0.167500 0.337500
0 0.986250 0.492188 0.027500 0.078125
0 0.933750 0.485938 0.102500 0.131250
0 0.143750 0.079687 0.082500 0.112500
0 0.088750 0.098437 0.062500 0.081250
0 0.016250 0.045312 0.032500 0.112500
0 0.068750 0.048438 0.077500 0.043750
0 0.751250 0.298438 0.137500 0.181250
0 0.852500 0.381250 0.120000 0.184375
0 0.026250 0.710938 0.052500 0.259375
0 0.948750 0.823438 0.092500 0.090625
0 0.971250 0.701562 0.057500 0.100000
0 0.015000 0.356250 0.030000 0.171875
