0 0.165000 0.484375 0.285000 0.365625
0 0.027500 0.996875 0.055000 0.037500
0 0.602500 0.843750 0.170000 0.243750
0 0.062500 0.521875 0.125000 0.281250
0 0.330000 0.300000 0.300000 0.275000
0 0.168750 0.839063 0.167500 0.215625
0 0.468750 0.807813 0.197500 0.234375
0 0.788750 0.617188 0.222500 0.287500
0 0.300000 0.062500 0.100000 0.065625
0 0.600000 0.443750 0.150000 0.193750
0 0.377500 0.543750 0.205000 0.218750
0 0.945000 0.725000 0.110000 0.209375
0 0.603750 0.120313 0.192500 0.131250
0 0.138750 1.010938 0.097500 0.050000
0 0.923750 0.095312 0.152500 0.312500
0 0.985000 0.496875 0.030000 0.090625
0 0.926250 0.470313 0.102500 0.131250
0 0.156250 0.085938 0.082500 0.112500
0 0.106250 0.110937 0.062500 0.081250
0 0.032500 0.065625 0.065000 0.118750
0 0.087500 0.056250 0.090000 0.059375
0 0.768750 0.307812 0.137500 0.137500
0 0.860000 0.340625 0.105000 0.168750
