0 0.223750 0.442188 0.132500 0.153125
0 0.601250 0.840625 0.137500 0.218750
0 0.055000 0.562500 0.110000 0.125000
0 0.307500 0.228125 0.305000 0.306250
0 0.128750 0.790625 0.192500 0.225000
0 0.471250 0.753125 0.212500 0.262500
0 0.793750 0.690625 0.222500 0.287500
0 0.565000 0.454688 0.160000 0.203125
0 0.371250 0.490625 0.147500 0.175000
0 0.601250 0.075000 0.197500 0.150000
0 0.192500 0.962500 0.130000 0.075000
0 0.913750 0.179688 0.172500 0.359375
0 0.951250 0.501563 0.097500 0.146875
0 0.116250 0.065625 0.082500 0.112500
0 0.061250 0.079687 0.052500 0.078125
0 0.030000 0.056250 0.060000 0.093750
0 0.068750 0.021875 0.077500 0.043750
0 0.723750 0.339062 0.137500 0.246875
0 0.842500 0.456250 0.135000 0.218750
0 0.035000 0.807813 0.070000 0.296875
0 0.910000 0.865625 0.120000 0.137500
0 0.951250 0.740625 0.097500 0.143750
0 0.100000 0.468750 0.135000 0.256250
0 0.060000 0.245312 0.120000 0.228125
0 0.400000 0.960938 0.155000 0.078125
0 0.981250 0.879687 0.037500 0.090625
0 0.012500 0.440625 0.025000 0.150000
0 0.315000 0.017188 0.135000 0.034375
0 0.022500 0.310937 0.045000 0.084375
