0 0.223750 0.439063 0.132500 0.153125
0 0.601250 0.843750 0.137500 0.218750
0 0.051250 0.568750 0.102500 0.137500
0 0.307500 0.228125 0.305000 0.306250
0 0.127500 0.787500 0.195000 0.225000
0 0.471250 0.750000 0.212500 0.262500
0 0.791250 0.693750 0.222500 0.287500
0 0.563750 0.457813 0.162500 0.203125
0 0.370000 0.487500 0.145000 0.175000
0 0.598750 0.076563 0.197500 0.153125
0 0.192500 0.959375 0.135000 0.081250
0 0.913750 0.181250 0.172500 0.362500
0 0.951250 0.501563 0.097500 0.146875
0 0.113750 0.065625 0.082500 0.112500
0 0.058750 0.079687 0.052500 0.078125
0 0.028750 0.051562 0.057500 0.090625
0 0.068750 0.021875 0.077500 0.043750
0 0.723750 0.339062 0.137500 0.246875
0 0.842500 0.457813 0.135000 0.221875
0 0.035000 0.807813 0.070000 0.296875
0 0.906250 0.865625 0.122500 0.137500
0 0.950000 0.742188 0.100000 0.146875
0 0.125000 0.475000 0.180000 0.262500
0 0.062500 0.250000 0.125000 0.243750
0 0.401250 0.959375 0.157500 0.081250
0 0.978750 0.879687 0.042500 0.090625
0 0.015000 0.440625 0.030000 0.150000
0 0.308750 0.020313 0.142500 0.040625
0 0.025000 0.312500 0.050000 0.087500
