0 0.225000 0.410938 0.120000 0.153125
0 0.592500 0.846875 0.135000 0.206250
0 0.035000 0.573438 0.070000 0.059375
0 0.298750 0.215625 0.302500 0.306250
0 0.107500 0.739062 0.205000 0.203125
0 0.468750 0.687500 0.207500 0.225000
0 0.741250 0.725000 0.222500 0.287500
0 0.526250 0.467187 0.167500 0.209375
0 0.297500 0.514062 0.125000 0.171875
0 0.596250 0.081250 0.197500 0.162500
0 0.203750 0.881250 0.132500 0.181250
0 0.908750 0.185938 0.182500 0.371875
0 0.937500 0.485938 0.125000 0.134375
0 0.110000 0.045312 0.090000 0.090625
0 0.052500 0.075000 0.050000 0.075000
0 0.021250 0.046875 0.042500 0.093750
0 0.726250 0.339062 0.137500 0.246875
0 0.828750 0.459375 0.112500 0.237500
0 0.035000 0.807813 0.070000 0.296875
0 0.872500 0.882812 0.150000 0.171875
0 0.930000 0.732812 0.140000 0.196875
0 0.148750 0.535937 0.157500 0.265625
0 0.068750 0.250000 0.137500 0.250000
0 0.403750 0.921875 0.187500 0.156250
0 0.970000 0.901563 0.060000 0.096875
0 0.045000 0.459375 0.090000 0.175000
0 0.252500 0.098437 0.235000 0.196875
0 0.056250 0.331250 0.112500 0.143750
0 0.980000 0.412500 0.040000 0.093750
