0 0.230000 0.375000 0.115000 0.153125
0 0.586250 0.829688 0.132500 0.190625
0 0.063750 0.573438 0.127500 0.096875
0 0.297500 0.215625 0.265000 0.290625
0 0.106250 0.739062 0.207500 0.212500
0 0.451250 0.695312 0.222500 0.228125
0 0.726250 0.717187 0.222500 0.287500
0 0.501250 0.454688 0.162500 0.206250
0 0.285000 0.484375 0.125000 0.165625
0 0.598750 0.123438 0.197500 0.165625
0 0.215000 0.853125 0.150000 0.178125
0 0.900000 0.125000 0.200000 0.337500
0 0.932500 0.468750 0.135000 0.140625
0 0.115000 0.062500 0.100000 0.068750
0 0.057500 0.081250 0.060000 0.071875
0 0.025000 0.031250 0.050000 0.087500
0 0.726250 0.304688 0.137500 0.246875
0 0.820000 0.440625 0.130000 0.187500
0 0.035000 0.703125 0.070000 0.296875
0 0.856250 0.885938 0.157500 0.190625
0 0.913750 0.692187 0.162500 0.240625
0 0.186250 0.548438 0.152500 0.259375
0 0.071250 0.214062 0.142500 0.215625
0 0.405000 0.921875 0.195000 0.200000
0 0.966250 0.914062 0.067500 0.100000
0 0.055000 0.431250 0.110000 0.200000
0 0.270000 0.134375 0.215000 0.081250
0 0.097500 0.384375 0.165000 0.187500
0 0.980000 0.359375 0.040000 0.109375
