0 0.230000 0.354687 0.115000 0.153125
0 0.562500 0.832812 0.130000 0.190625
0 0.046250 0.581250 0.092500 0.037500
0 0.298750 0.182812 0.247500 0.284375
0 0.105000 0.704688 0.205000 0.228125
0 0.437500 0.670312 0.240000 0.240625
0 0.718750 0.721875 0.222500 0.287500
0 0.486250 0.434375 0.157500 0.181250
0 0.283750 0.482812 0.132500 0.178125
0 0.603750 0.082812 0.197500 0.165625
0 0.206250 0.832812 0.177500 0.196875
0 0.896250 0.160938 0.207500 0.321875
0 0.932500 0.450000 0.135000 0.125000
0 0.120000 0.034375 0.100000 0.068750
0 0.071250 0.098437 0.082500 0.071875
0 0.027500 0.042188 0.055000 0.084375
0 0.726250 0.345313 0.137500 0.246875
0 0.813750 0.445312 0.147500 0.146875
0 0.035000 0.807813 0.070000 0.296875
0 0.841250 0.895312 0.157500 0.209375
0 0.896250 0.698438 0.167500 0.278125
0 0.170000 0.617188 0.145000 0.209375
0 0.082500 0.245312 0.165000 0.240625
0 0.406250 0.890625 0.177500 0.218750
0 0.952500 0.939063 0.085000 0.103125
0 0.055000 0.462500 0.110000 0.206250
0 0.261250 0.031250 0.147500 0.062500
0 0.116250 0.393750 0.187500 0.218750
0 0.980000 0.389062 0.040000 0.109375
