0 0.226250 0.401562 0.117500 0.153125
0 0.592500 0.831250 0.135000 0.200000
0 0.045000 0.584375 0.090000 0.068750
0 0.297500 0.240625 0.290000 0.300000
0 0.103750 0.757812 0.207500 0.196875
0 0.467500 0.693750 0.205000 0.212500
0 0.736250 0.717187 0.222500 0.287500
0 0.517500 0.462500 0.165000 0.209375
0 0.280000 0.512500 0.125000 0.178125
0 0.593750 0.123438 0.197500 0.165625
0 0.211250 0.867188 0.137500 0.175000
0 0.906250 0.117188 0.187500 0.359375
0 0.936250 0.485938 0.127500 0.137500
0 0.112500 0.059375 0.095000 0.084375
0 0.053750 0.070312 0.052500 0.071875
0 0.022500 0.028125 0.045000 0.093750
0 0.726250 0.301563 0.137500 0.246875
0 0.826250 0.407813 0.107500 0.240625
0 0.035000 0.703125 0.070000 0.296875
0 0.868750 0.889062 0.152500 0.178125
0 0.925000 0.712500 0.150000 0.209375
0 0.156250 0.510938 0.152500 0.259375
0 0.063750 0.204687 0.127500 0.212500
0 0.405000 0.950000 0.195000 0.171875
0 0.970000 0.893750 0.060000 0.090625
0 0.052500 0.434375 0.105000 0.190625
0 0.257500 0.146875 0.235000 0.181250
0 0.070000 0.350000 0.130000 0.156250
0 0.980000 0.378125 0.040000 0.100000
