0 0.230000 0.357812 0.115000 0.153125
0 0.567500 0.835938 0.130000 0.190625
0 0.051250 0.571875 0.102500 0.050000
0 0.297500 0.187500 0.250000 0.287500
0 0.105000 0.706250 0.205000 0.225000
0 0.441250 0.668750 0.237500 0.237500
0 0.721250 0.721875 0.222500 0.287500
0 0.488750 0.440625 0.157500 0.187500
0 0.285000 0.481250 0.130000 0.175000
0 0.601250 0.082812 0.197500 0.165625
0 0.208750 0.837500 0.172500 0.193750
0 0.897500 0.162500 0.205000 0.325000
0 0.932500 0.450000 0.135000 0.131250
0 0.120000 0.034375 0.100000 0.068750
0 0.068750 0.095312 0.077500 0.071875
0 0.027500 0.042188 0.055000 0.084375
0 0.726250 0.345313 0.137500 0.246875
0 0.813750 0.446875 0.142500 0.156250
0 0.035000 0.807813 0.070000 0.296875
0 0.843750 0.893750 0.157500 0.206250
0 0.900000 0.700000 0.165000 0.268750
0 0.173750 0.610938 0.147500 0.221875
0 0.080000 0.242188 0.160000 0.234375
0 0.405000 0.892188 0.180000 0.215625
0 0.957500 0.935937 0.080000 0.103125
0 0.055000 0.462500 0.110000 0.206250
0 0.263750 0.032813 0.157500 0.065625
0 0.111250 0.390625 0.182500 0.212500
0 0.980000 0.389062 0.040000 0.109375
