0 0.458750 0.626563 0.142500 0.178125
0 0.700000 0.568750 0.185000 0.234375
0 0.317500 0.665625 0.250000 0.240625
0 0.591250 0.864062 0.332500 0.271875
0 0.855000 0.109375 0.175000 0.084375
0 0.950000 0.171875 0.100000 0.171875
0 0.007500 0.196875 0.015000 0.065625
0 0.366250 0.198437 0.167500 0.228125
0 0.093750 0.073438 0.117500 0.100000
0 0.500000 0.390625 0.180000 0.165625
0 0.658750 0.245312 0.142500 0.190625
0 0.577500 0.096875 0.155000 0.175000
0 0.042500 0.306250 0.085000 0.112500
0 0.148750 0.307812 0.172500 0.190625
