0 0.458750 0.632812 0.142500 0.178125
0 0.702500 0.575000 0.190000 0.228125
0 0.316250 0.667188 0.247500 0.240625
0 0.595000 0.862500 0.335000 0.271875
0 0.857500 0.109375 0.175000 0.084375
0 0.950000 0.171875 0.100000 0.171875
0 0.375000 0.206250 0.170000 0.231250
0 0.096250 0.076563 0.122500 0.115625
0 0.490000 0.403125 0.180000 0.165625
0 0.670000 0.250000 0.145000 0.193750
0 0.585000 0.112500 0.155000 0.175000
0 0.040000 0.300000 0.080000 0.115625
0 0.157500 0.315625 0.180000 0.200000
0 0.383750 0.064062 0.102500 0.034375
