0 0.463750 0.668750 0.142500 0.193750
0 0.707500 0.575000 0.210000 0.193750
0 0.306250 0.664062 0.247500 0.234375
0 0.612500 0.806250 0.335000 0.275000
0 0.890000 0.054688 0.170000 0.109375
0 0.936250 0.232813 0.127500 0.171875
0 0.413750 0.285938 0.177500 0.240625
0 0.128750 0.115625 0.142500 0.118750
0 0.423750 0.476562 0.227500 0.165625
0 0.727500 0.320312 0.155000 0.203125
0 0.630000 0.187500 0.155000 0.175000
0 0.190000 0.315625 0.210000 0.206250
0 0.453750 0.017188 0.102500 0.034375
0 0.635000 0.034375 0.120000 0.068750
