0 0.461250 0.665625 0.142500 0.193750
0 0.707500 0.573438 0.210000 0.190625
0 0.308750 0.660937 0.247500 0.234375
0 0.610000 0.806250 0.335000 0.275000
0 0.885000 0.051562 0.170000 0.103125
0 0.937500 0.229687 0.125000 0.171875
0 0.413750 0.279687 0.177500 0.240625
0 0.127500 0.112500 0.140000 0.118750
0 0.427500 0.470313 0.220000 0.165625
0 0.725000 0.317188 0.155000 0.203125
0 0.627500 0.184375 0.155000 0.175000
0 0.188750 0.315625 0.207500 0.206250
0 0.451250 0.017188 0.102500 0.034375
0 0.626250 0.032813 0.117500 0.065625
