0 0.473750 0.667188 0.142500 0.193750
0 0.703750 0.626563 0.202500 0.215625
0 0.298750 0.726562 0.247500 0.234375
0 0.620000 0.896875 0.330000 0.271875
0 0.918750 0.098437 0.157500 0.162500
0 0.941250 0.267188 0.117500 0.190625
0 0.403750 0.373437 0.192500 0.203125
0 0.166250 0.164062 0.142500 0.118750
0 0.382500 0.596875 0.265000 0.165625
0 0.737500 0.384375 0.165000 0.181250
0 0.623750 0.239063 0.157500 0.165625
0 0.201250 0.357812 0.227500 0.215625
0 0.515000 0.075000 0.120000 0.093750
0 0.702500 0.090625 0.145000 0.118750
