0 0.491250 0.687500 0.142500 0.193750
0 0.718750 0.660937 0.197500 0.234375
0 0.311250 0.720313 0.247500 0.234375
0 0.622500 0.867188 0.305000 0.246875
0 0.915000 0.131250 0.160000 0.262500
0 0.961250 0.387500 0.077500 0.200000
0 0.402500 0.457813 0.215000 0.203125
0 0.251250 0.118750 0.142500 0.118750
0 0.292500 0.545312 0.245000 0.178125
0 0.726250 0.406250 0.167500 0.193750
0 0.571250 0.273438 0.137500 0.215625
0 0.213750 0.325000 0.237500 0.218750
0 0.616250 0.084375 0.137500 0.168750
0 0.801250 0.104688 0.132500 0.209375
0 0.063750 0.032813 0.127500 0.065625
