0 0.496250 0.692187 0.142500 0.193750
0 0.738750 0.695312 0.197500 0.234375
0 0.317500 0.762500 0.245000 0.243750
0 0.616250 0.951562 0.297500 0.234375
0 0.915000 0.134375 0.170000 0.271875
0 0.961250 0.373437 0.077500 0.203125
0 0.390000 0.518750 0.215000 0.228125
0 0.306250 0.135937 0.142500 0.118750
0 0.245000 0.565625 0.200000 0.203125
0 0.721250 0.417187 0.162500 0.203125
0 0.541250 0.273438 0.137500 0.231250
0 0.221250 0.357812 0.222500 0.215625
0 0.662500 0.103125 0.150000 0.203125
0 0.846250 0.082812 0.132500 0.209375
0 0.076250 0.095312 0.152500 0.081250
