0 0.491250 0.687500 0.142500 0.193750
0 0.716250 0.657813 0.197500 0.234375
0 0.308750 0.720313 0.247500 0.234375
0 0.622500 0.865625 0.305000 0.250000
0 0.916250 0.128125 0.157500 0.256250
0 0.961250 0.384375 0.077500 0.200000
0 0.402500 0.454688 0.215000 0.203125
0 0.243750 0.121875 0.142500 0.118750
0 0.295000 0.543750 0.250000 0.175000
0 0.726250 0.407813 0.167500 0.190625
0 0.575000 0.271875 0.140000 0.212500
0 0.211250 0.325000 0.237500 0.218750
0 0.611250 0.082812 0.137500 0.165625
0 0.796250 0.104688 0.132500 0.209375
0 0.062500 0.031250 0.125000 0.062500
