0 0.486250 0.673438 0.142500 0.193750
0 0.703750 0.645312 0.197500 0.234375
0 0.306250 0.748437 0.247500 0.234375
0 0.621250 0.920312 0.312500 0.256250
0 0.915000 0.093750 0.150000 0.221875
0 0.960000 0.303125 0.080000 0.200000
0 0.396250 0.457813 0.207500 0.184375
0 0.206250 0.173437 0.142500 0.118750
0 0.325000 0.621875 0.265000 0.165625
0 0.735000 0.428125 0.175000 0.165625
0 0.598750 0.267188 0.152500 0.175000
0 0.208750 0.367188 0.242500 0.221875
0 0.576250 0.082812 0.132500 0.143750
0 0.766250 0.085938 0.137500 0.184375
