0 0.493750 0.685937 0.142500 0.193750
0 0.728750 0.679688 0.197500 0.234375
0 0.313750 0.764062 0.247500 0.234375
0 0.621250 0.942187 0.297500 0.240625
0 0.916250 0.104688 0.167500 0.290625
0 0.961250 0.360938 0.077500 0.200000
0 0.406250 0.514062 0.222500 0.218750
0 0.281250 0.129688 0.142500 0.118750
0 0.268750 0.589063 0.222500 0.190625
0 0.721250 0.410938 0.162500 0.203125
0 0.553750 0.239063 0.127500 0.243750
0 0.216250 0.360938 0.227500 0.218750
0 0.642500 0.087500 0.140000 0.187500
0 0.823750 0.082812 0.132500 0.209375
0 0.070000 0.087500 0.140000 0.075000
