0 0.496250 0.689063 0.142500 0.193750
0 0.736250 0.689063 0.197500 0.234375
0 0.317500 0.762500 0.245000 0.240625
0 0.618750 0.948438 0.297500 0.237500
0 0.915000 0.125000 0.170000 0.278125
0 0.961250 0.373437 0.077500 0.200000
0 0.396250 0.517188 0.217500 0.225000
0 0.298750 0.132812 0.142500 0.118750
0 0.253750 0.573438 0.207500 0.200000
0 0.721250 0.414062 0.162500 0.203125
0 0.543750 0.260937 0.132500 0.237500
0 0.218750 0.357812 0.222500 0.215625
0 0.657500 0.093750 0.145000 0.200000
0 0.841250 0.082812 0.132500 0.209375
0 0.073750 0.092188 0.147500 0.078125
