0 0.506250 0.718750 0.142500 0.193750
0 0.766250 0.742188 0.152500 0.178125
0 0.332500 0.739062 0.240000 0.265625
0 0.593750 0.895312 0.307500 0.209375
0 0.908750 0.218750 0.182500 0.212500
0 0.961250 0.459375 0.077500 0.225000
0 0.328750 0.546875 0.187500 0.262500
0 0.401250 0.153125 0.142500 0.118750
0 0.176250 0.514062 0.162500 0.215625
0 0.708750 0.451562 0.162500 0.203125
0 0.498750 0.403125 0.182500 0.168750
0 0.217500 0.323437 0.275000 0.228125
0 0.713750 0.187500 0.187500 0.243750
0 0.906250 0.093750 0.162500 0.187500
0 0.098750 0.057813 0.197500 0.115625
0 0.047500 0.196875 0.095000 0.150000
