0 0.508750 0.717187 0.142500 0.193750
0 0.771250 0.760938 0.137500 0.162500
0 0.337500 0.756250 0.240000 0.271875
0 0.586250 0.989062 0.307500 0.203125
0 0.908750 0.239063 0.182500 0.200000
0 0.960000 0.403125 0.080000 0.231250
0 0.306250 0.542188 0.187500 0.268750
0 0.423750 0.195312 0.142500 0.118750
0 0.160000 0.496875 0.155000 0.218750
0 0.698750 0.464062 0.162500 0.203125
0 0.483750 0.454688 0.182500 0.168750
0 0.216250 0.395313 0.302500 0.234375
0 0.726250 0.204687 0.192500 0.253125
0 0.917500 0.103125 0.165000 0.181250
0 0.112500 0.140625 0.225000 0.112500
0 0.056250 0.185938 0.112500 0.162500
