0 0.511250 0.729688 0.142500 0.193750
0 0.762500 0.768750 0.135000 0.159375
0 0.341250 0.760938 0.237500 0.278125
0 0.581250 1.001562 0.312500 0.193750
0 0.911250 0.245312 0.177500 0.212500
0 0.943750 0.432812 0.112500 0.246875
0 0.275000 0.553125 0.185000 0.278125
0 0.451250 0.217188 0.142500 0.118750
0 0.137500 0.496875 0.160000 0.231250
0 0.688750 0.479687 0.162500 0.203125
0 0.456250 0.479687 0.177500 0.175000
0 0.208750 0.407813 0.332500 0.240625
0 0.740000 0.231250 0.200000 0.268750
0 0.930000 0.087500 0.140000 0.190625
0 0.133750 0.129688 0.207500 0.106250
0 0.070000 0.181250 0.135000 0.178125
