0 0.503750 0.707812 0.142500 0.193750
0 0.760000 0.734375 0.165000 0.196875
0 0.331250 0.757812 0.242500 0.262500
0 0.600000 0.975000 0.305000 0.215625
0 0.908750 0.217188 0.182500 0.221875
0 0.961250 0.389062 0.077500 0.221875
0 0.343750 0.529687 0.192500 0.253125
0 0.378750 0.167187 0.142500 0.118750
0 0.190000 0.521875 0.170000 0.212500
0 0.716250 0.439063 0.162500 0.203125
0 0.511250 0.410938 0.182500 0.168750
0 0.222500 0.371875 0.250000 0.221875
0 0.703750 0.164062 0.182500 0.231250
0 0.898750 0.095312 0.152500 0.193750
0 0.093750 0.117188 0.187500 0.109375
0 0.040000 0.175000 0.080000 0.137500
