0 0.513750 0.743750 0.142500 0.193750
0 0.752500 0.767188 0.135000 0.159375
0 0.338750 0.776563 0.237500 0.278125
0 0.576250 0.906250 0.317500 0.187500
0 0.915000 0.251563 0.170000 0.228125
0 0.932500 0.496875 0.135000 0.256250
0 0.257500 0.589063 0.185000 0.284375
0 0.471250 0.200000 0.142500 0.118750
0 0.123750 0.517188 0.162500 0.240625
0 0.680000 0.496875 0.170000 0.200000
0 0.432500 0.478125 0.170000 0.181250
0 0.203750 0.323437 0.332500 0.240625
0 0.748750 0.248438 0.197500 0.284375
0 0.937500 0.098437 0.125000 0.196875
0 0.152500 0.053125 0.185000 0.106250
0 0.078750 0.171875 0.147500 0.187500
