0 0.498750 0.698438 0.142500 0.193750
0 0.750000 0.712500 0.190000 0.225000
0 0.323750 0.760938 0.242500 0.250000
0 0.608750 0.964063 0.302500 0.225000
0 0.911250 0.176563 0.177500 0.246875
0 0.961250 0.382812 0.077500 0.212500
0 0.370000 0.521875 0.205000 0.240625
0 0.341250 0.151562 0.142500 0.118750
0 0.221250 0.545312 0.187500 0.206250
0 0.721250 0.426563 0.162500 0.203125
0 0.526250 0.339062 0.157500 0.203125
0 0.225000 0.353125 0.210000 0.212500
0 0.682500 0.131250 0.165000 0.215625
0 0.878750 0.082812 0.132500 0.209375
0 0.083750 0.104688 0.167500 0.093750
0 0.026250 0.167187 0.052500 0.118750
