0 0.516250 0.753125 0.142500 0.193750
0 0.338750 0.810937 0.237500 0.278125
0 0.571250 0.910937 0.327500 0.178125
0 0.918750 0.270313 0.162500 0.253125
0 0.917500 0.509375 0.165000 0.268750
0 0.228750 0.603125 0.182500 0.293750
0 0.491250 0.206250 0.142500 0.118750
0 0.103750 0.518750 0.167500 0.250000
0 0.668750 0.517188 0.182500 0.190625
0 0.397500 0.507812 0.160000 0.190625
0 0.193750 0.326562 0.332500 0.240625
0 0.761250 0.253125 0.192500 0.306250
0 0.948750 0.103125 0.102500 0.206250
0 0.185000 0.059375 0.185000 0.118750
0 0.090000 0.153125 0.165000 0.200000
0 0.727500 0.734375 0.095000 0.112500
0 0.773750 0.810937 0.112500 0.140625
