0 0.463750 0.795312 0.167500 0.196875
0 0.297500 0.767188 0.180000 0.159375
0 0.517500 0.929688 0.270000 0.140625
0 0.892500 0.250000 0.185000 0.287500
0 0.896250 0.534375 0.207500 0.312500
0 0.250000 0.639062 0.205000 0.221875
0 0.541250 0.240625 0.142500 0.118750
0 0.075000 0.612500 0.150000 0.243750
0 0.616250 0.557813 0.182500 0.171875
0 0.365000 0.578125 0.160000 0.218750
0 0.138750 0.364063 0.277500 0.259375
0 0.773750 0.229687 0.132500 0.346875
0 0.263750 0.132812 0.222500 0.228125
0 0.087500 0.120313 0.175000 0.240625
0 0.778750 0.787500 0.117500 0.118750
0 0.735000 0.881250 0.130000 0.156250
0 0.972500 0.859375 0.055000 0.150000
