0 0.491250 0.768750 0.162500 0.193750
0 0.310000 0.745313 0.190000 0.190625
0 0.556250 0.923438 0.347500 0.153125
0 0.898750 0.268750 0.182500 0.268750
0 0.905000 0.525000 0.190000 0.293750
0 0.217500 0.628125 0.165000 0.243750
0 0.538750 0.218750 0.142500 0.118750
0 0.070000 0.562500 0.135000 0.256250
0 0.641250 0.557813 0.197500 0.171875
0 0.367500 0.559375 0.155000 0.225000
0 0.168750 0.332813 0.332500 0.240625
0 0.776250 0.250000 0.167500 0.343750
0 0.992500 0.062500 0.015000 0.125000
0 0.232500 0.090625 0.205000 0.181250
0 0.100000 0.129688 0.195000 0.240625
0 0.761250 0.767188 0.092500 0.109375
0 0.760000 0.865625 0.125000 0.118750
0 0.980000 0.864062 0.040000 0.140625
