0 0.506250 0.762500 0.152500 0.193750
0 0.343750 0.776563 0.192500 0.209375
0 0.562500 0.917188 0.340000 0.165625
0 0.908750 0.273438 0.172500 0.265625
0 0.910000 0.518750 0.180000 0.281250
0 0.206250 0.620313 0.177500 0.284375
0 0.521250 0.209375 0.142500 0.118750
0 0.083750 0.543750 0.152500 0.256250
0 0.655000 0.546875 0.200000 0.175000
0 0.378750 0.535937 0.157500 0.209375
0 0.178750 0.329688 0.332500 0.240625
0 0.773750 0.259375 0.182500 0.337500
0 0.981250 0.073438 0.037500 0.146875
0 0.218750 0.073438 0.192500 0.146875
0 0.100000 0.131250 0.185000 0.218750
0 0.746250 0.748437 0.092500 0.096875
0 0.770000 0.850000 0.120000 0.118750
