0 0.507500 0.759375 0.150000 0.193750
0 0.348750 0.798438 0.192500 0.209375
0 0.563750 1.045313 0.337500 0.165625
0 0.911250 0.248438 0.172500 0.265625
0 0.910000 0.490625 0.180000 0.281250
0 0.206250 0.589063 0.177500 0.290625
0 0.518750 0.239063 0.142500 0.118750
0 0.085000 0.509375 0.155000 0.256250
0 0.653750 0.579688 0.197500 0.178125
0 0.378750 0.529687 0.157500 0.209375
0 0.181250 0.417187 0.332500 0.240625
0 0.775000 0.206250 0.185000 0.334375
0 0.977500 0.028125 0.045000 0.153125
0 0.215000 0.118750 0.190000 0.143750
0 0.100000 0.140625 0.185000 0.218750
0 0.743750 0.757812 0.092500 0.096875
0 0.768750 0.857812 0.117500 0.118750
