0 0.471250 0.792188 0.167500 0.196875
0 0.316250 0.820312 0.177500 0.131250
0 0.528750 1.035937 0.292500 0.146875
0 0.891250 0.235937 0.187500 0.281250
0 0.898750 0.504687 0.202500 0.306250
0 0.236250 0.639062 0.177500 0.218750
0 0.538750 0.264062 0.142500 0.118750
0 0.071250 0.560937 0.142500 0.246875
0 0.622500 0.587500 0.185000 0.171875
0 0.363750 0.560937 0.157500 0.225000
0 0.148750 0.414062 0.297500 0.253125
0 0.773750 0.151562 0.142500 0.346875
0 0.252500 0.137500 0.220000 0.225000
0 0.092500 0.115625 0.185000 0.246875
0 0.775000 0.787500 0.105000 0.125000
0 0.741250 0.882812 0.127500 0.143750
0 0.975000 0.818750 0.050000 0.146875
