0 0.421250 0.845313 0.167500 0.196875
0 0.237500 0.787500 0.185000 0.200000
0 0.461250 0.937500 0.157500 0.125000
0 0.893750 0.190625 0.187500 0.262500
0 0.895000 0.582812 0.210000 0.278125
0 0.283750 0.654687 0.247500 0.153125
0 0.546250 0.259375 0.137500 0.131250
0 0.063750 0.629687 0.127500 0.228125
0 0.593750 0.592187 0.177500 0.184375
0 0.370000 0.592187 0.175000 0.190625
0 0.113750 0.379688 0.227500 0.278125
0 0.802500 0.312500 0.150000 0.275000
0 0.311250 0.242188 0.222500 0.209375
0 0.082500 0.114062 0.145000 0.228125
0 0.772500 0.795312 0.140000 0.103125
0 0.700000 0.885938 0.130000 0.171875
0 0.962500 0.853125 0.075000 0.162500
