0 0.370000 0.926562 0.160000 0.146875
0 0.211250 0.782813 0.132500 0.128125
0 0.542500 0.956250 0.160000 0.087500
0 0.808750 0.150000 0.167500 0.300000
0 0.897500 0.660937 0.205000 0.221875
0 0.260000 0.639062 0.225000 0.165625
0 0.566250 0.253125 0.112500 0.181250
0 0.026250 0.673438 0.052500 0.128125
0 0.477500 0.812500 0.155000 0.162500
0 0.516250 0.614062 0.172500 0.284375
0 0.098750 0.348438 0.197500 0.303125
0 0.776250 0.448437 0.177500 0.209375
0 0.317500 0.315625 0.245000 0.250000
0 0.185000 0.123438 0.165000 0.246875
0 0.752500 0.806250 0.115000 0.131250
0 0.695000 0.885938 0.130000 0.140625
0 0.932500 0.932813 0.135000 0.134375
0 0.966250 0.468750 0.067500 0.187500
0 0.961250 0.167187 0.077500 0.240625
