0 0.372500 0.934375 0.165000 0.168750
0 0.212500 0.825000 0.150000 0.140625
0 0.526250 0.992188 0.137500 0.093750
0 0.861250 0.123438 0.197500 0.256250
0 0.896250 0.639062 0.207500 0.237500
0 0.270000 0.706250 0.225000 0.184375
0 0.565000 0.246875 0.115000 0.178125
0 0.032500 0.546875 0.065000 0.187500
0 0.553750 0.782813 0.197500 0.200000
0 0.478750 0.567187 0.167500 0.271875
0 0.112500 0.337500 0.225000 0.281250
0 0.806250 0.348438 0.157500 0.250000
0 0.326250 0.367188 0.257500 0.209375
0 0.130000 0.093750 0.150000 0.237500
0 0.755000 0.821875 0.130000 0.128125
0 0.685000 0.887500 0.130000 0.156250
0 0.935000 0.890625 0.130000 0.156250
