0 0.372500 0.937500 0.165000 0.165625
0 0.208750 0.817187 0.142500 0.137500
0 0.531250 0.992188 0.137500 0.093750
0 0.852500 0.118750 0.190000 0.262500
0 0.896250 0.645312 0.207500 0.231250
0 0.270000 0.706250 0.225000 0.181250
0 0.566250 0.242188 0.112500 0.181250
0 0.032500 0.559375 0.065000 0.187500
0 0.540000 0.793750 0.190000 0.190625
0 0.486250 0.560937 0.167500 0.278125
0 0.110000 0.334375 0.220000 0.284375
0 0.800000 0.365625 0.160000 0.243750
0 0.325000 0.365625 0.255000 0.215625
0 0.141250 0.095312 0.152500 0.243750
0 0.753750 0.820312 0.127500 0.131250
0 0.685000 0.890625 0.130000 0.156250
0 0.933750 0.901563 0.132500 0.153125
0 0.985000 0.371875 0.030000 0.165625
