0 0.372500 0.918750 0.165000 0.162500
0 0.206250 0.790625 0.137500 0.131250
0 0.533750 0.953125 0.142500 0.093750
0 0.843750 0.134375 0.182500 0.268750
0 0.896250 0.632812 0.207500 0.228125
0 0.267500 0.651563 0.225000 0.178125
0 0.566250 0.262500 0.112500 0.181250
0 0.032500 0.625000 0.065000 0.187500
0 0.526250 0.778125 0.182500 0.181250
0 0.495000 0.593750 0.170000 0.281250
0 0.107500 0.340625 0.215000 0.287500
0 0.795000 0.400000 0.165000 0.237500
0 0.321250 0.314063 0.252500 0.221875
0 0.150000 0.125000 0.155000 0.250000
0 0.753750 0.806250 0.127500 0.137500
0 0.687500 0.885938 0.130000 0.153125
0 0.933750 0.903125 0.132500 0.150000
0 0.981250 0.440625 0.037500 0.168750
