0 0.370000 0.925000 0.160000 0.150000
0 0.208750 0.782813 0.132500 0.128125
0 0.542500 0.956250 0.160000 0.087500
0 0.818750 0.145313 0.162500 0.290625
0 0.897500 0.651563 0.205000 0.221875
0 0.262500 0.640625 0.225000 0.168750
0 0.566250 0.256250 0.112500 0.181250
0 0.028750 0.660937 0.057500 0.146875
0 0.483750 0.807813 0.157500 0.153125
0 0.511250 0.607812 0.172500 0.284375
0 0.101250 0.346875 0.202500 0.300000
0 0.780000 0.439063 0.175000 0.215625
0 0.318750 0.314063 0.247500 0.240625
0 0.178750 0.128125 0.162500 0.256250
0 0.752500 0.810937 0.120000 0.140625
0 0.692500 0.887500 0.130000 0.143750
0 0.931250 0.928125 0.137500 0.137500
0 0.970000 0.464062 0.060000 0.184375
0 0.966250 0.157812 0.067500 0.240625
