0 0.370000 0.926562 0.160000 0.146875
0 0.211250 0.782813 0.132500 0.128125
0 0.543750 0.957812 0.157500 0.084375
0 0.803750 0.151562 0.172500 0.303125
0 0.897500 0.664062 0.205000 0.221875
0 0.258750 0.639062 0.222500 0.165625
0 0.566250 0.253125 0.112500 0.181250
0 0.025000 0.679688 0.050000 0.115625
0 0.473750 0.815625 0.152500 0.168750
0 0.518750 0.620313 0.172500 0.284375
0 0.097500 0.348438 0.195000 0.303125
0 0.772500 0.456250 0.180000 0.206250
0 0.317500 0.317188 0.245000 0.253125
0 0.188750 0.118750 0.167500 0.237500
0 0.753750 0.807813 0.112500 0.128125
0 0.695000 0.885938 0.130000 0.140625
0 0.936250 0.935937 0.127500 0.128125
0 0.963750 0.473438 0.072500 0.190625
0 0.958750 0.176563 0.082500 0.240625
