0 0.373750 0.915625 0.167500 0.168750
0 0.212500 0.803125 0.150000 0.143750
0 0.523750 0.953125 0.137500 0.093750
0 0.865000 0.126562 0.200000 0.253125
0 0.896250 0.625000 0.207500 0.237500
0 0.270000 0.660937 0.225000 0.184375
0 0.565000 0.262500 0.115000 0.175000
0 0.032500 0.596875 0.065000 0.187500
0 0.557500 0.757812 0.200000 0.203125
0 0.475000 0.598437 0.165000 0.271875
0 0.112500 0.337500 0.225000 0.281250
0 0.806250 0.373437 0.157500 0.253125
0 0.326250 0.312500 0.257500 0.206250
0 0.127500 0.118750 0.150000 0.237500
0 0.755000 0.803125 0.130000 0.125000
0 0.685000 0.885938 0.130000 0.159375
0 0.935000 0.882812 0.130000 0.159375
