0 0.371250 0.942187 0.162500 0.159375
0 0.206250 0.804688 0.132500 0.128125
0 0.536250 1.001562 0.147500 0.090625
0 0.836250 0.110937 0.177500 0.278125
0 0.896250 0.654687 0.207500 0.225000
0 0.265000 0.703125 0.225000 0.175000
0 0.566250 0.239063 0.112500 0.181250
0 0.032500 0.584375 0.065000 0.187500
0 0.512500 0.809375 0.175000 0.171875
0 0.503750 0.560937 0.172500 0.284375
0 0.106250 0.329688 0.212500 0.290625
0 0.791250 0.401562 0.167500 0.231250
0 0.321250 0.357812 0.252500 0.228125
0 0.161250 0.098437 0.157500 0.253125
0 0.752500 0.815625 0.125000 0.140625
0 0.690000 0.893750 0.130000 0.150000
0 0.932500 0.921875 0.135000 0.146875
0 0.977500 0.387500 0.045000 0.171875
0 0.976250 0.042188 0.047500 0.240625
