0 0.365000 0.962500 0.155000 0.134375
0 0.216250 0.798438 0.132500 0.128125
0 0.543750 1.014063 0.147500 0.078125
0 0.777500 0.121875 0.195000 0.328125
0 0.897500 0.706250 0.205000 0.221875
0 0.252500 0.687500 0.210000 0.165625
0 0.570000 0.221875 0.115000 0.181250
0 0.017500 0.681250 0.035000 0.078125
0 0.455000 0.821875 0.140000 0.206250
0 0.531250 0.604688 0.172500 0.284375
0 0.106250 0.339062 0.177500 0.281250
0 0.747500 0.500000 0.180000 0.203125
0 0.313750 0.329688 0.237500 0.275000
0 0.206250 0.110937 0.177500 0.203125
0 0.757500 0.812500 0.100000 0.103125
0 0.696250 0.907813 0.142500 0.125000
0 0.955000 0.946875 0.090000 0.109375
0 0.952500 0.453125 0.095000 0.206250
0 0.942500 0.162500 0.115000 0.240625
0 0.723750 1.057813 0.167500 0.046875
