0 0.373750 0.935937 0.167500 0.168750
0 0.213750 0.829688 0.152500 0.143750
0 0.521250 0.992188 0.137500 0.093750
0 0.865000 0.125000 0.200000 0.253125
0 0.896250 0.635938 0.207500 0.237500
0 0.272500 0.709375 0.225000 0.187500
0 0.563750 0.248438 0.117500 0.175000
0 0.032500 0.540625 0.065000 0.187500
0 0.561250 0.779687 0.202500 0.203125
0 0.472500 0.568750 0.165000 0.268750
0 0.113750 0.339062 0.227500 0.278125
0 0.808750 0.342187 0.157500 0.253125
0 0.326250 0.370312 0.257500 0.203125
0 0.125000 0.093750 0.150000 0.234375
0 0.756250 0.823438 0.132500 0.125000
0 0.682500 0.887500 0.130000 0.159375
0 0.935000 0.884375 0.130000 0.159375
