0 0.372500 0.940625 0.165000 0.162500
0 0.207500 0.815625 0.140000 0.134375
0 0.532500 0.993750 0.140000 0.093750
0 0.847500 0.115625 0.185000 0.268750
0 0.896250 0.648438 0.207500 0.231250
0 0.267500 0.703125 0.225000 0.181250
0 0.566250 0.242188 0.112500 0.181250
0 0.032500 0.568750 0.065000 0.187500
0 0.532500 0.796875 0.185000 0.184375
0 0.492500 0.562500 0.170000 0.281250
0 0.108750 0.332813 0.217500 0.287500
0 0.796250 0.376563 0.162500 0.240625
0 0.322500 0.362500 0.255000 0.218750
0 0.147500 0.096875 0.155000 0.246875
0 0.753750 0.820312 0.127500 0.134375
0 0.687500 0.890625 0.130000 0.153125
0 0.933750 0.907813 0.132500 0.153125
0 0.982500 0.375000 0.035000 0.165625
