0 0.371250 0.923438 0.162500 0.153125
0 0.208750 0.785937 0.132500 0.128125
0 0.541250 0.956250 0.157500 0.087500
0 0.820000 0.145313 0.165000 0.290625
0 0.897500 0.648438 0.205000 0.221875
0 0.262500 0.645312 0.225000 0.171875
0 0.566250 0.256250 0.112500 0.181250
0 0.028750 0.659375 0.057500 0.156250
0 0.487500 0.803125 0.160000 0.156250
0 0.511250 0.604688 0.172500 0.284375
0 0.101250 0.345313 0.202500 0.296875
0 0.781250 0.434375 0.172500 0.218750
0 0.318750 0.314063 0.247500 0.240625
0 0.177500 0.131250 0.160000 0.262500
0 0.750000 0.807813 0.120000 0.140625
0 0.692500 0.889062 0.130000 0.146875
0 0.931250 0.926562 0.137500 0.140625
0 0.971250 0.459375 0.057500 0.181250
0 0.967500 0.151562 0.065000 0.240625
