0 0.323750 0.964063 0.117500 0.071875
0 0.231250 0.773438 0.132500 0.128125
0 0.547500 0.975000 0.115000 0.050000
0 0.773750 0.162500 0.162500 0.325000
0 0.877500 0.726562 0.245000 0.221875
0 0.231250 0.639062 0.167500 0.165625
0 0.582500 0.193750 0.120000 0.193750
0 0.417500 0.887500 0.120000 0.225000
0 0.541250 0.660937 0.202500 0.321875
0 0.167500 0.445312 0.130000 0.140625
0 0.696250 0.559375 0.202500 0.225000
0 0.363750 0.268750 0.252500 0.275000
0 0.255000 0.067187 0.185000 0.134375
0 0.722500 0.821875 0.130000 0.118750
0 0.678750 0.925000 0.157500 0.131250
0 0.913750 0.535937 0.172500 0.209375
0 0.875000 0.342187 0.210000 0.209375
0 0.845000 0.937500 0.225000 0.125000
0 0.082500 0.376563 0.100000 0.128125
0 0.932500 0.071875 0.135000 0.143750
0 0.032500 0.092188 0.065000 0.121875
