0 0.332500 0.993750 0.125000 0.084375
0 0.228750 0.789062 0.132500 0.128125
0 0.548750 1.020312 0.122500 0.056250
0 0.766250 0.095312 0.152500 0.321875
0 0.883750 0.757812 0.232500 0.221875
0 0.236250 0.667188 0.177500 0.165625
0 0.580000 0.184375 0.120000 0.190625
0 0.422500 0.834375 0.120000 0.240625
0 0.537500 0.621875 0.195000 0.312500
0 0.162500 0.453125 0.135000 0.143750
0 0.698750 0.567187 0.192500 0.215625
0 0.370000 0.281250 0.240000 0.275000
0 0.245000 0.115625 0.185000 0.146875
0 0.732500 0.837500 0.120000 0.109375
0 0.686250 0.945312 0.157500 0.125000
0 0.922500 0.521875 0.155000 0.215625
0 0.887500 0.331250 0.195000 0.218750
0 0.827500 1.021875 0.215000 0.112500
0 0.075000 0.368750 0.100000 0.118750
0 0.942500 0.071875 0.115000 0.121875
0 0.035000 0.046875 0.070000 0.103125
