0 0.347500 0.981250 0.140000 0.106250
0 0.223750 0.792188 0.132500 0.128125
0 0.546250 1.017187 0.132500 0.065625
0 0.765000 0.109375 0.175000 0.331250
0 0.895000 0.740625 0.210000 0.221875
0 0.243750 0.676562 0.192500 0.165625
0 0.573750 0.201563 0.117500 0.187500
0 0.010000 0.690625 0.020000 0.056250
0 0.432500 0.812500 0.125000 0.253125
0 0.536250 0.617188 0.182500 0.296875
0 0.137500 0.403125 0.155000 0.206250
0 0.712500 0.540625 0.180000 0.203125
0 0.346250 0.301563 0.237500 0.278125
0 0.230000 0.115625 0.185000 0.165625
0 0.751250 0.820312 0.102500 0.096875
0 0.696250 0.920312 0.157500 0.109375
0 0.972500 0.943750 0.055000 0.090625
0 0.936250 0.492188 0.127500 0.225000
0 0.913750 0.251563 0.157500 0.231250
0 0.768750 1.048437 0.197500 0.075000
0 0.047500 0.334375 0.070000 0.112500
0 0.958750 0.051562 0.082500 0.078125
