0 0.333750 0.956250 0.127500 0.087500
0 0.228750 0.770312 0.132500 0.128125
0 0.546250 0.970313 0.122500 0.059375
0 0.763750 0.160938 0.152500 0.321875
0 0.885000 0.723437 0.230000 0.221875
0 0.236250 0.639062 0.177500 0.165625
0 0.580000 0.207813 0.120000 0.190625
0 0.422500 0.876563 0.120000 0.246875
0 0.540000 0.654687 0.195000 0.309375
0 0.161250 0.437500 0.137500 0.150000
0 0.696250 0.550000 0.187500 0.212500
0 0.371250 0.270313 0.237500 0.278125
0 0.242500 0.075000 0.185000 0.150000
0 0.737500 0.814063 0.120000 0.109375
0 0.686250 0.904687 0.157500 0.121875
0 0.923750 0.529687 0.152500 0.215625
0 0.890000 0.310937 0.190000 0.221875
0 0.818750 0.946875 0.212500 0.106250
0 0.072500 0.362500 0.100000 0.118750
0 0.943750 0.057813 0.112500 0.115625
