0 0.322500 1.003125 0.115000 0.068750
0 0.231250 0.792188 0.132500 0.128125
0 0.548750 1.020312 0.112500 0.050000
0 0.775000 0.103125 0.165000 0.325000
0 0.876250 0.770312 0.247500 0.221875
0 0.230000 0.659375 0.165000 0.165625
0 0.583750 0.170313 0.122500 0.193750
0 0.417500 0.856250 0.120000 0.218750
0 0.540000 0.628125 0.205000 0.321875
0 0.170000 0.456250 0.130000 0.137500
0 0.695000 0.575000 0.205000 0.228125
0 0.360000 0.287500 0.255000 0.271875
0 0.257500 0.115625 0.185000 0.131250
0 0.722500 0.850000 0.135000 0.121875
0 0.676250 0.960938 0.157500 0.134375
0 0.911250 0.545312 0.177500 0.206250
0 0.872500 0.378125 0.215000 0.206250
0 0.846250 1.017187 0.227500 0.125000
0 0.085000 0.375000 0.100000 0.131250
0 0.930000 0.087500 0.140000 0.150000
0 0.032500 0.081250 0.065000 0.128125
