0 0.332500 0.957812 0.125000 0.084375
0 0.228750 0.770312 0.132500 0.128125
0 0.548750 0.971875 0.122500 0.056250
0 0.766250 0.160938 0.152500 0.321875
0 0.885000 0.723437 0.230000 0.221875
0 0.236250 0.639062 0.177500 0.165625
0 0.580000 0.204687 0.120000 0.190625
0 0.422500 0.878125 0.120000 0.243750
0 0.540000 0.656250 0.195000 0.312500
0 0.162500 0.439063 0.135000 0.146875
0 0.697500 0.553125 0.190000 0.212500
0 0.370000 0.270313 0.240000 0.278125
0 0.245000 0.073438 0.185000 0.146875
0 0.735000 0.817187 0.120000 0.109375
0 0.686250 0.904687 0.157500 0.121875
0 0.922500 0.532813 0.155000 0.215625
0 0.888750 0.312500 0.192500 0.218750
0 0.821250 0.945312 0.212500 0.109375
0 0.072500 0.365625 0.100000 0.118750
0 0.942500 0.059375 0.115000 0.118750
