0 0.308750 0.979688 0.087500 0.040625
0 0.238750 0.779687 0.132500 0.128125
0 0.555000 0.959375 0.115000 0.081250
0 0.781250 0.159375 0.182500 0.318750
0 0.872500 0.710938 0.255000 0.221875
0 0.226250 0.639062 0.152500 0.165625
0 0.586250 0.160938 0.137500 0.184375
0 0.415000 0.932813 0.120000 0.134375
0 0.535000 0.671875 0.210000 0.300000
0 0.185000 0.450000 0.120000 0.125000
0 0.688750 0.578125 0.237500 0.250000
0 0.341250 0.257812 0.287500 0.265625
0 0.266250 0.059375 0.202500 0.118750
0 0.722500 0.839063 0.135000 0.146875
0 0.673750 0.956250 0.162500 0.087500
0 0.892500 0.525000 0.215000 0.206250
0 0.843750 0.392188 0.257500 0.171875
0 0.878750 0.925000 0.242500 0.150000
0 0.107500 0.395313 0.100000 0.146875
0 0.936250 0.093750 0.127500 0.187500
0 0.031250 0.142187 0.062500 0.159375
