0 0.303750 0.985938 0.077500 0.028125
0 0.243750 0.782813 0.132500 0.128125
0 0.562500 0.935937 0.130000 0.128125
0 0.778750 0.154688 0.192500 0.309375
0 0.875000 0.695312 0.250000 0.221875
0 0.228750 0.639062 0.152500 0.165625
0 0.590000 0.137500 0.150000 0.175000
0 0.402500 0.960938 0.120000 0.078125
0 0.530000 0.682813 0.210000 0.290625
0 0.196250 0.457813 0.122500 0.128125
0 0.676250 0.585938 0.252500 0.246875
0 0.332500 0.242188 0.280000 0.246875
0 0.262500 0.059375 0.225000 0.118750
0 0.725000 0.845313 0.140000 0.159375
0 0.677500 0.960938 0.165000 0.078125
0 0.882500 0.503125 0.235000 0.218750
0 0.818750 0.364063 0.347500 0.171875
0 0.896250 0.921875 0.207500 0.156250
0 0.120000 0.389062 0.100000 0.146875
0 0.941250 0.107813 0.117500 0.215625
0 0.033750 0.143750 0.067500 0.175000
