0 0.313750 1.007812 0.097500 0.053125
0 0.236250 0.795312 0.132500 0.128125
0 0.551250 1.014063 0.107500 0.053125
0 0.783750 0.110937 0.177500 0.325000
0 0.871250 0.773438 0.257500 0.221875
0 0.223750 0.651563 0.152500 0.165625
0 0.585000 0.162500 0.130000 0.187500
0 0.415000 0.900000 0.120000 0.175000
0 0.537500 0.640625 0.210000 0.312500
0 0.180000 0.459375 0.125000 0.131250
0 0.692500 0.590625 0.225000 0.243750
0 0.350000 0.300000 0.275000 0.268750
0 0.267500 0.118750 0.190000 0.118750
0 0.722500 0.850000 0.135000 0.134375
0 0.675000 0.990625 0.160000 0.109375
0 0.898750 0.567187 0.202500 0.196875
0 0.856250 0.432812 0.232500 0.184375
0 0.865000 1.009375 0.240000 0.140625
0 0.097500 0.384375 0.100000 0.143750
0 0.933750 0.082812 0.132500 0.171875
0 0.031250 0.104688 0.062500 0.150000
