0 0.303750 0.985938 0.077500 0.028125
0 0.243750 0.782813 0.132500 0.128125
0 0.561250 0.940625 0.127500 0.118750
0 0.781250 0.156250 0.192500 0.312500
0 0.873750 0.698438 0.252500 0.221875
0 0.228750 0.639062 0.152500 0.165625
0 0.588750 0.145313 0.147500 0.178125
0 0.415000 0.960938 0.120000 0.078125
0 0.530000 0.679688 0.210000 0.284375
0 0.193750 0.456250 0.122500 0.125000
0 0.680000 0.584375 0.250000 0.250000
0 0.333750 0.248438 0.287500 0.253125
0 0.262500 0.059375 0.220000 0.118750
0 0.723750 0.845313 0.137500 0.159375
0 0.677500 0.960938 0.165000 0.078125
0 0.883750 0.504687 0.232500 0.215625
0 0.825000 0.370312 0.330000 0.171875
0 0.892500 0.921875 0.215000 0.156250
0 0.117500 0.392188 0.100000 0.146875
0 0.940000 0.104688 0.120000 0.209375
0 0.033750 0.142187 0.067500 0.171875
