0 0.303750 1.017187 0.077500 0.031250
0 0.241250 0.798438 0.132500 0.128125
0 0.558750 0.973437 0.122500 0.103125
0 0.781250 0.117188 0.187500 0.315625
0 0.873750 0.751563 0.252500 0.221875
0 0.228750 0.651563 0.152500 0.165625
0 0.588750 0.151562 0.142500 0.178125
0 0.415000 0.975000 0.120000 0.100000
0 0.532500 0.665625 0.210000 0.287500
0 0.190000 0.465625 0.120000 0.125000
0 0.682500 0.609375 0.245000 0.250000
0 0.335000 0.312500 0.300000 0.262500
0 0.263750 0.132812 0.212500 0.118750
0 0.722500 0.850000 0.135000 0.156250
0 0.675000 1.025000 0.165000 0.078125
0 0.887500 0.550000 0.225000 0.212500
0 0.832500 0.481250 0.300000 0.171875
0 0.887500 0.987500 0.225000 0.153125
0 0.112500 0.381250 0.100000 0.146875
0 0.938750 0.076563 0.122500 0.200000
0 0.032500 0.100000 0.065000 0.165625
