0 0.246250 0.782813 0.132500 0.128125
0 0.556250 0.935937 0.132500 0.128125
0 0.782500 0.151562 0.195000 0.303125
0 0.875000 0.685937 0.250000 0.221875
0 0.231250 0.639062 0.152500 0.165625
0 0.593750 0.126562 0.157500 0.171875
0 0.375000 0.960938 0.120000 0.078125
0 0.530000 0.693750 0.210000 0.306250
0 0.200000 0.462500 0.125000 0.131250
0 0.670000 0.589063 0.260000 0.246875
0 0.330000 0.229687 0.260000 0.234375
0 0.262500 0.059375 0.235000 0.118750
0 0.731250 0.848437 0.147500 0.159375
0 0.680000 0.960938 0.165000 0.078125
0 0.876250 0.500000 0.247500 0.218750
0 0.812500 0.357812 0.375000 0.171875
0 0.906250 0.920312 0.187500 0.159375
0 0.127500 0.385937 0.100000 0.146875
0 0.943750 0.115625 0.112500 0.231250
0 0.035000 0.142187 0.070000 0.184375
