0 0.257500 0.796875 0.110000 0.084375
0 0.545000 0.937500 0.145000 0.153125
0 0.906250 0.195312 0.137500 0.171875
0 0.236250 0.654687 0.152500 0.165625
0 0.628750 0.135937 0.157500 0.171875
0 0.231250 0.845313 0.117500 0.121875
0 0.542500 0.643750 0.190000 0.300000
0 0.215000 0.490625 0.135000 0.140625
0 0.685000 0.637500 0.265000 0.246875
0 0.340000 0.221875 0.205000 0.190625
0 0.291250 0.154688 0.247500 0.118750
0 0.755000 0.890625 0.185000 0.159375
0 0.688750 1.039062 0.172500 0.068750
0 0.860000 0.559375 0.280000 0.203125
0 0.773750 0.457813 0.342500 0.206250
0 0.956250 0.835938 0.087500 0.200000
0 0.141250 0.395313 0.117500 0.140625
0 0.046250 0.132812 0.092500 0.212500
0 0.871250 0.804688 0.127500 0.193750
0 0.905000 0.696875 0.135000 0.175000
