0 0.255000 0.782813 0.125000 0.115625
0 0.543750 0.934375 0.137500 0.131250
0 0.848750 0.187500 0.197500 0.206250
0 0.852500 0.739062 0.145000 0.171875
0 0.233750 0.639062 0.152500 0.165625
0 0.616250 0.126562 0.157500 0.171875
0 0.282500 0.895312 0.120000 0.103125
0 0.532500 0.703125 0.205000 0.331250
0 0.215000 0.473438 0.135000 0.140625
0 0.677500 0.595313 0.265000 0.246875
0 0.327500 0.185938 0.205000 0.190625
0 0.276250 0.059375 0.247500 0.118750
0 0.750000 0.857812 0.170000 0.159375
0 0.687500 0.962500 0.170000 0.075000
0 0.860000 0.500000 0.280000 0.218750
0 0.800000 0.362500 0.400000 0.181250
0 0.941250 0.903125 0.117500 0.193750
0 0.140000 0.387500 0.110000 0.143750
0 0.988750 0.218750 0.022500 0.112500
0 0.041250 0.167187 0.082500 0.203125
