0 0.260000 0.793750 0.100000 0.065625
0 0.545000 0.921875 0.150000 0.171875
0 0.238750 0.654687 0.152500 0.165625
0 0.636250 0.135937 0.157500 0.171875
0 0.198750 0.804688 0.117500 0.134375
0 0.550000 0.628125 0.180000 0.275000
0 0.210000 0.493750 0.135000 0.134375
0 0.690000 0.637500 0.265000 0.246875
0 0.350000 0.221875 0.205000 0.190625
0 0.301250 0.154688 0.247500 0.118750
0 0.757500 0.896875 0.195000 0.159375
0 0.692500 1.040625 0.170000 0.065625
0 0.861250 0.551562 0.277500 0.184375
0 0.748750 0.398438 0.287500 0.228125
0 0.956250 0.810937 0.087500 0.156250
0 0.142500 0.406250 0.125000 0.140625
0 0.058750 0.145313 0.117500 0.200000
0 0.903750 0.829688 0.142500 0.215625
0 0.912500 0.671875 0.145000 0.187500
0 0.870000 0.212500 0.095000 0.140625
0 0.942500 0.134375 0.090000 0.146875
