0 0.255000 0.803125 0.125000 0.115625
0 0.543750 0.954688 0.137500 0.131250
0 0.852500 0.206250 0.195000 0.203125
0 0.233750 0.654687 0.152500 0.165625
0 0.616250 0.139063 0.157500 0.171875
0 0.280000 0.915625 0.120000 0.103125
0 0.532500 0.665625 0.205000 0.331250
0 0.215000 0.487500 0.135000 0.140625
0 0.677500 0.637500 0.265000 0.246875
0 0.327500 0.218750 0.205000 0.190625
0 0.278750 0.154688 0.247500 0.118750
0 0.750000 0.884375 0.170000 0.159375
0 0.687500 1.031250 0.170000 0.075000
0 0.860000 0.565625 0.280000 0.218750
0 0.800000 0.521875 0.400000 0.181250
0 0.941250 0.876563 0.117500 0.196875
0 0.140000 0.384375 0.110000 0.143750
0 0.990000 0.178125 0.020000 0.109375
0 0.042500 0.118750 0.085000 0.203125
0 0.826250 0.767188 0.107500 0.165625
0 0.895000 0.712500 0.105000 0.153125
