0 0.261250 0.765625 0.102500 0.068750
0 0.545000 0.917188 0.150000 0.165625
0 0.238750 0.642188 0.152500 0.165625
0 0.633750 0.123438 0.157500 0.171875
0 0.206250 0.804688 0.117500 0.134375
0 0.546250 0.657813 0.182500 0.284375
0 0.212500 0.476562 0.135000 0.134375
0 0.687500 0.595313 0.265000 0.246875
0 0.347500 0.189062 0.205000 0.190625
0 0.298750 0.059375 0.247500 0.118750
0 0.756250 0.854688 0.192500 0.159375
0 0.690000 0.967187 0.175000 0.065625
0 0.861250 0.476562 0.277500 0.190625
0 0.757500 0.339062 0.305000 0.221875
0 0.956250 0.846875 0.087500 0.168750
0 0.143750 0.398438 0.122500 0.140625
0 0.055000 0.175000 0.110000 0.206250
0 0.895000 0.842187 0.140000 0.209375
0 0.910000 0.682813 0.145000 0.184375
0 0.866250 0.221875 0.092500 0.137500
0 0.938750 0.157812 0.097500 0.140625
