0 0.257500 0.779687 0.120000 0.103125
0 0.545000 0.931250 0.140000 0.137500
0 0.883750 0.193750 0.162500 0.187500
0 0.236250 0.642188 0.152500 0.165625
0 0.621250 0.126562 0.157500 0.171875
0 0.262500 0.870313 0.120000 0.109375
0 0.535000 0.693750 0.200000 0.318750
0 0.217500 0.476562 0.135000 0.140625
0 0.680000 0.595313 0.265000 0.246875
0 0.332500 0.189062 0.205000 0.190625
0 0.281250 0.059375 0.247500 0.118750
0 0.752500 0.857812 0.175000 0.159375
0 0.687500 0.964063 0.170000 0.071875
0 0.858750 0.498437 0.282500 0.215625
0 0.792500 0.359375 0.390000 0.187500
0 0.948750 0.898438 0.102500 0.203125
0 0.141250 0.390625 0.112500 0.143750
0 0.992500 0.225000 0.015000 0.106250
0 0.043750 0.171875 0.087500 0.206250
0 0.842500 0.796875 0.115000 0.175000
0 0.897500 0.715625 0.115000 0.162500
