0 0.251250 0.804688 0.132500 0.128125
0 0.551250 0.964063 0.132500 0.118750
0 0.790000 0.121875 0.195000 0.296875
0 0.882500 0.703125 0.195000 0.212500
0 0.231250 0.651563 0.152500 0.165625
0 0.601250 0.139063 0.157500 0.171875
0 0.345000 0.996875 0.120000 0.078125
0 0.530000 0.671875 0.210000 0.321875
0 0.203750 0.479687 0.127500 0.134375
0 0.670000 0.634375 0.265000 0.246875
0 0.330000 0.253125 0.240000 0.218750
0 0.261250 0.154688 0.247500 0.118750
0 0.737500 0.868750 0.155000 0.159375
0 0.682500 1.025000 0.165000 0.078125
0 0.871250 0.551562 0.257500 0.218750
0 0.807500 0.512500 0.385000 0.175000
0 0.917500 0.934375 0.165000 0.168750
0 0.132500 0.371875 0.100000 0.146875
0 0.953750 0.089063 0.092500 0.215625
0 0.036250 0.101562 0.072500 0.190625
