0 0.251250 0.785937 0.132500 0.128125
0 0.548750 0.942187 0.132500 0.115625
0 0.790000 0.148438 0.195000 0.296875
0 0.886250 0.692187 0.172500 0.209375
0 0.231250 0.639062 0.152500 0.165625
0 0.603750 0.126562 0.157500 0.171875
0 0.337500 0.957812 0.120000 0.078125
0 0.530000 0.704688 0.210000 0.328125
0 0.207500 0.467187 0.130000 0.134375
0 0.670000 0.592187 0.265000 0.246875
0 0.327500 0.210938 0.235000 0.215625
0 0.261250 0.059375 0.247500 0.118750
0 0.738750 0.854688 0.157500 0.159375
0 0.682500 0.960938 0.165000 0.078125
0 0.870000 0.500000 0.260000 0.218750
0 0.806250 0.360938 0.387500 0.178125
0 0.920000 0.914062 0.160000 0.171875
0 0.135000 0.382812 0.100000 0.146875
0 0.958750 0.148438 0.082500 0.203125
0 0.037500 0.153125 0.075000 0.193750
