0 0.256250 0.801562 0.117500 0.100000
0 0.545000 0.946875 0.140000 0.140625
0 0.891250 0.198437 0.152500 0.181250
0 0.236250 0.654687 0.152500 0.165625
0 0.621250 0.139063 0.157500 0.171875
0 0.257500 0.884375 0.120000 0.112500
0 0.536250 0.654687 0.197500 0.315625
0 0.217500 0.490625 0.135000 0.140625
0 0.680000 0.637500 0.265000 0.246875
0 0.332500 0.221875 0.205000 0.190625
0 0.283750 0.154688 0.247500 0.118750
0 0.753750 0.889062 0.177500 0.159375
0 0.687500 1.034375 0.170000 0.071875
0 0.858750 0.567187 0.282500 0.212500
0 0.788750 0.501563 0.382500 0.190625
0 0.950000 0.856250 0.100000 0.206250
0 0.138750 0.389062 0.112500 0.143750
0 0.992500 0.181250 0.015000 0.106250
0 0.043750 0.126562 0.087500 0.206250
0 0.848750 0.785937 0.117500 0.178125
0 0.898750 0.704688 0.117500 0.162500
