0 0.248750 0.767188 0.112500 0.103125
0 0.547500 0.909375 0.195000 0.181250
0 0.266250 0.654687 0.152500 0.165625
0 0.701250 0.135937 0.157500 0.171875
0 0.098750 0.667188 0.117500 0.134375
0 0.536250 0.617188 0.212500 0.334375
0 0.197500 0.467187 0.135000 0.115625
0 0.705000 0.606250 0.280000 0.256250
0 0.416250 0.181250 0.202500 0.218750
0 0.310000 0.062500 0.245000 0.125000
0 0.790000 0.829688 0.220000 0.184375
0 0.725000 0.973437 0.110000 0.053125
0 0.725000 0.437500 0.255000 0.237500
0 0.970000 0.742188 0.060000 0.146875
0 0.152500 0.396875 0.125000 0.118750
0 0.092500 0.081250 0.185000 0.162500
0 0.962500 0.867188 0.075000 0.121875
0 0.941250 0.542188 0.117500 0.190625
0 0.826250 0.371875 0.122500 0.131250
0 0.982500 0.103125 0.035000 0.106250
0 0.185000 0.976562 0.130000 0.046875
0 0.968750 0.354687 0.062500 0.146875
0 0.900000 0.417187 0.090000 0.153125
