0 0.253750 0.756250 0.107500 0.087500
0 0.545000 0.910937 0.165000 0.178125
0 0.248750 0.648438 0.152500 0.165625
0 0.658750 0.126562 0.157500 0.171875
0 0.156250 0.760938 0.117500 0.134375
0 0.551250 0.629687 0.182500 0.278125
0 0.198750 0.475000 0.132500 0.125000
0 0.697500 0.598437 0.265000 0.246875
0 0.370000 0.192188 0.205000 0.190625
0 0.308750 0.059375 0.247500 0.118750
0 0.768750 0.846875 0.207500 0.168750
0 0.708750 0.970313 0.137500 0.059375
0 0.926250 0.435937 0.147500 0.159375
0 0.727500 0.353125 0.245000 0.237500
0 0.957500 0.776563 0.085000 0.115625
0 0.147500 0.404687 0.135000 0.134375
0 0.085000 0.145313 0.170000 0.178125
0 0.926250 0.868750 0.142500 0.150000
0 0.920000 0.617188 0.145000 0.209375
0 0.882500 0.259375 0.110000 0.150000
0 0.972500 0.112500 0.055000 0.143750
