0 0.257500 0.760938 0.105000 0.078125
0 0.543750 0.912500 0.157500 0.175000
0 0.243750 0.645312 0.152500 0.165625
0 0.646250 0.123438 0.157500 0.171875
0 0.178750 0.779687 0.117500 0.134375
0 0.553750 0.634375 0.172500 0.262500
0 0.205000 0.476562 0.135000 0.128125
0 0.692500 0.595313 0.265000 0.246875
0 0.360000 0.192188 0.205000 0.190625
0 0.308750 0.059375 0.247500 0.118750
0 0.761250 0.850000 0.202500 0.162500
0 0.702500 0.968750 0.155000 0.062500
0 0.863750 0.465625 0.272500 0.181250
0 0.730000 0.328125 0.245000 0.243750
0 0.957500 0.803125 0.085000 0.131250
0 0.145000 0.403125 0.130000 0.137500
0 0.072500 0.156250 0.145000 0.187500
0 0.917500 0.860938 0.145000 0.190625
0 0.915000 0.643750 0.145000 0.200000
0 0.890000 0.223438 0.105000 0.153125
0 0.965000 0.125000 0.070000 0.156250
