0 0.248750 0.773438 0.112500 0.103125
0 0.546250 0.932813 0.182500 0.178125
0 0.258750 0.664062 0.152500 0.165625
0 0.683750 0.142187 0.157500 0.171875
0 0.116250 0.729688 0.117500 0.134375
0 0.542500 0.593750 0.200000 0.309375
0 0.188750 0.498437 0.132500 0.112500
0 0.703750 0.642188 0.267500 0.246875
0 0.388750 0.223438 0.202500 0.196875
0 0.313750 0.154688 0.247500 0.118750
0 0.781250 0.882812 0.217500 0.178125
0 0.726250 1.014063 0.107500 0.053125
0 0.722500 0.450000 0.245000 0.225000
0 0.967500 0.725000 0.065000 0.137500
0 0.150000 0.418750 0.130000 0.125000
0 0.092500 0.137500 0.185000 0.171875
0 0.948750 0.870313 0.102500 0.134375
0 0.935000 0.559375 0.125000 0.193750
0 0.851250 0.360938 0.122500 0.131250
0 0.982500 0.071875 0.035000 0.106250
0 0.215000 1.025000 0.140000 0.062500
0 0.968750 0.376563 0.062500 0.146875
0 0.900000 0.421875 0.085000 0.140625
