0 0.253750 0.757812 0.107500 0.084375
0 0.545000 0.910937 0.165000 0.178125
0 0.248750 0.645312 0.152500 0.165625
0 0.653750 0.126562 0.157500 0.171875
0 0.163750 0.767188 0.117500 0.134375
0 0.550000 0.629687 0.180000 0.271875
0 0.202500 0.475000 0.135000 0.125000
0 0.697500 0.598437 0.265000 0.246875
0 0.367500 0.192188 0.205000 0.190625
0 0.308750 0.059375 0.247500 0.118750
0 0.766250 0.845313 0.207500 0.165625
0 0.708750 0.970313 0.142500 0.059375
0 0.866250 0.467187 0.267500 0.190625
0 0.727500 0.346875 0.245000 0.237500
0 0.957500 0.781250 0.085000 0.118750
0 0.145000 0.404687 0.135000 0.134375
0 0.081250 0.146875 0.162500 0.181250
0 0.923750 0.868750 0.142500 0.162500
0 0.917500 0.623437 0.145000 0.209375
0 0.887500 0.248438 0.110000 0.153125
0 0.971250 0.115625 0.057500 0.150000
