0 0.248750 0.754687 0.112500 0.103125
0 0.546250 0.907813 0.182500 0.178125
0 0.258750 0.651563 0.152500 0.165625
0 0.683750 0.129688 0.157500 0.171875
0 0.113750 0.720313 0.117500 0.134375
0 0.542500 0.621875 0.200000 0.312500
0 0.188750 0.471875 0.132500 0.112500
0 0.705000 0.600000 0.270000 0.250000
0 0.391250 0.192188 0.202500 0.196875
0 0.313750 0.059375 0.247500 0.118750
0 0.781250 0.832812 0.217500 0.178125
0 0.727500 0.973437 0.105000 0.053125
0 0.722500 0.415625 0.245000 0.225000
0 0.968750 0.751563 0.062500 0.140625
0 0.148750 0.400000 0.127500 0.125000
0 0.092500 0.104688 0.185000 0.171875
0 0.951250 0.873437 0.097500 0.134375
0 0.936250 0.575000 0.122500 0.193750
0 0.848750 0.353125 0.122500 0.131250
0 0.982500 0.103125 0.035000 0.106250
0 0.201250 0.971875 0.132500 0.056250
0 0.968750 0.404687 0.062500 0.146875
0 0.900000 0.437500 0.085000 0.143750
