0 0.291250 0.842187 0.112500 0.103125
0 0.551250 0.923438 0.207500 0.203125
0 0.286250 0.695312 0.147500 0.156250
0 0.741250 0.164062 0.157500 0.171875
0 0.048750 0.710938 0.097500 0.146875
0 0.523750 0.557813 0.217500 0.340625
0 0.231250 0.457813 0.142500 0.131250
0 0.730000 0.700000 0.295000 0.265625
0 0.492500 0.150000 0.210000 0.275000
0 0.262500 0.140625 0.225000 0.200000
0 0.818750 0.917188 0.187500 0.162500
0 0.701250 1.029688 0.112500 0.040625
0 0.723750 0.564063 0.292500 0.259375
0 0.958750 0.695312 0.082500 0.200000
0 0.128750 0.370312 0.117500 0.137500
0 0.042500 0.053125 0.085000 0.059375
0 0.941250 0.392188 0.117500 0.203125
0 0.743750 0.451562 0.107500 0.118750
0 0.986250 0.201563 0.027500 0.090625
0 0.857500 0.415625 0.090000 0.137500
