0 0.288750 0.823438 0.112500 0.103125
0 0.550000 0.896875 0.210000 0.200000
0 0.283750 0.676562 0.147500 0.159375
0 0.738750 0.148438 0.157500 0.171875
0 0.051250 0.715625 0.102500 0.143750
0 0.526250 0.595313 0.217500 0.340625
0 0.235000 0.443750 0.145000 0.131250
0 0.727500 0.645312 0.295000 0.265625
0 0.488750 0.159375 0.207500 0.275000
0 0.265000 0.096875 0.225000 0.193750
0 0.820000 0.868750 0.170000 0.168750
0 0.705000 0.978125 0.115000 0.043750
0 0.723750 0.504687 0.287500 0.259375
0 0.958750 0.743750 0.082500 0.206250
0 0.131250 0.367188 0.117500 0.134375
0 0.046250 0.034375 0.092500 0.068750
0 0.941250 0.429688 0.117500 0.203125
0 0.751250 0.443750 0.107500 0.118750
0 0.983750 0.237500 0.032500 0.093750
0 0.860000 0.426563 0.085000 0.134375
