0 0.263750 0.817187 0.112500 0.103125
0 0.548750 0.942187 0.212500 0.187500
0 0.278750 0.676562 0.152500 0.165625
0 0.726250 0.154688 0.157500 0.171875
0 0.058750 0.698438 0.117500 0.134375
0 0.528750 0.567187 0.217500 0.340625
0 0.223750 0.479687 0.142500 0.125000
0 0.712500 0.675000 0.295000 0.265625
0 0.465000 0.153125 0.200000 0.265625
0 0.281250 0.145313 0.232500 0.165625
0 0.813750 0.867188 0.172500 0.181250
0 0.713750 1.026563 0.122500 0.050000
0 0.726250 0.526563 0.277500 0.256250
0 0.960000 0.690625 0.080000 0.206250
0 0.137500 0.390625 0.120000 0.128125
0 0.077500 0.096875 0.155000 0.106250
0 0.986250 0.882812 0.027500 0.037500
0 0.941250 0.435937 0.117500 0.203125
0 0.773750 0.439063 0.107500 0.118750
0 0.961250 0.285938 0.077500 0.118750
0 0.872500 0.400000 0.075000 0.134375
