0 0.303750 0.845313 0.112500 0.103125
0 0.553750 0.879687 0.207500 0.240625
0 0.295000 0.728125 0.130000 0.125000
0 0.798750 0.151562 0.157500 0.171875
0 0.030000 0.796875 0.060000 0.175000
0 0.507500 0.581250 0.215000 0.356250
0 0.201250 0.385937 0.122500 0.134375
0 0.722500 0.676562 0.250000 0.259375
0 0.550000 0.146875 0.245000 0.287500
0 0.223750 0.098437 0.292500 0.196875
0 0.791250 0.881250 0.252500 0.137500
0 0.906250 0.595313 0.177500 0.265625
0 0.966250 0.743750 0.067500 0.125000
0 0.123750 0.354687 0.107500 0.140625
0 0.937500 0.357812 0.125000 0.215625
0 0.653750 0.468750 0.107500 0.118750
0 0.833750 0.464062 0.122500 0.146875
