0 0.303750 0.845313 0.112500 0.103125
0 0.555000 0.878125 0.205000 0.237500
0 0.293750 0.725000 0.132500 0.125000
0 0.798750 0.151562 0.157500 0.171875
0 0.030000 0.796875 0.060000 0.175000
0 0.507500 0.579688 0.215000 0.353125
0 0.201250 0.385937 0.122500 0.134375
0 0.723750 0.676562 0.252500 0.259375
0 0.548750 0.146875 0.242500 0.287500
0 0.223750 0.098437 0.292500 0.196875
0 0.793750 0.881250 0.252500 0.137500
0 0.901250 0.593750 0.177500 0.262500
0 0.966250 0.743750 0.067500 0.125000
0 0.121250 0.354687 0.107500 0.140625
0 0.937500 0.357812 0.125000 0.215625
0 0.656250 0.468750 0.107500 0.118750
0 0.835000 0.464062 0.120000 0.146875
