0 0.296250 0.829688 0.112500 0.103125
0 0.552500 0.889062 0.205000 0.215625
0 0.288750 0.695312 0.142500 0.146875
0 0.753750 0.154688 0.157500 0.171875
0 0.041250 0.745313 0.082500 0.159375
0 0.521250 0.585938 0.217500 0.340625
0 0.213750 0.410938 0.132500 0.134375
0 0.736250 0.664062 0.287500 0.265625
0 0.513750 0.153125 0.217500 0.281250
0 0.248750 0.104688 0.232500 0.209375
0 0.810000 0.887500 0.215000 0.150000
0 0.693750 0.982812 0.107500 0.034375
0 0.787500 0.551562 0.245000 0.221875
0 0.961250 0.743750 0.077500 0.175000
0 0.121250 0.356250 0.117500 0.143750
0 0.027500 0.010937 0.055000 0.021875
0 0.941250 0.389062 0.117500 0.203125
0 0.721250 0.450000 0.107500 0.118750
0 0.986250 0.229687 0.027500 0.090625
0 0.851250 0.434375 0.102500 0.143750
