0 0.306250 0.870313 0.112500 0.103125
0 0.553750 0.882812 0.212500 0.246875
0 0.298750 0.754687 0.132500 0.125000
0 0.813750 0.164062 0.157500 0.171875
0 0.030000 0.778125 0.060000 0.175000
0 0.501250 0.529687 0.212500 0.359375
0 0.203750 0.398438 0.122500 0.134375
0 0.718750 0.701562 0.237500 0.256250
0 0.561250 0.167187 0.262500 0.284375
0 0.221250 0.179688 0.287500 0.206250
0 0.795000 0.971875 0.255000 0.134375
0 0.901250 0.579688 0.187500 0.281250
0 0.966250 0.739062 0.067500 0.115625
0 0.123750 0.351562 0.102500 0.137500
0 0.936250 0.320312 0.127500 0.221875
0 0.641250 0.473438 0.107500 0.118750
0 0.821250 0.479687 0.147500 0.150000
