0 0.308750 0.860938 0.112500 0.103125
0 0.551250 0.870313 0.217500 0.259375
0 0.306250 0.740625 0.137500 0.131250
0 0.823750 0.160938 0.157500 0.171875
0 0.030000 0.859375 0.060000 0.175000
0 0.495000 0.576562 0.210000 0.365625
0 0.208750 0.392188 0.122500 0.134375
0 0.716250 0.678125 0.237500 0.256250
0 0.571250 0.140625 0.277500 0.281250
0 0.218750 0.107813 0.282500 0.215625
0 0.800000 0.879687 0.255000 0.134375
0 0.893750 0.612500 0.197500 0.300000
0 0.967500 0.764062 0.065000 0.103125
0 0.126250 0.357812 0.097500 0.134375
0 0.933750 0.342187 0.132500 0.228125
0 0.628750 0.456250 0.107500 0.118750
0 0.810000 0.457813 0.170000 0.153125
