0 0.306250 0.854688 0.112500 0.103125
0 0.552500 0.873437 0.215000 0.253125
0 0.302500 0.739062 0.135000 0.128125
0 0.816250 0.154688 0.157500 0.171875
0 0.030000 0.840625 0.060000 0.175000
0 0.498750 0.578125 0.212500 0.362500
0 0.206250 0.392188 0.122500 0.134375
0 0.717500 0.684375 0.230000 0.256250
0 0.565000 0.140625 0.270000 0.281250
0 0.220000 0.104688 0.285000 0.209375
0 0.797500 0.879687 0.255000 0.134375
0 0.897500 0.607812 0.190000 0.290625
0 0.967500 0.757812 0.065000 0.109375
0 0.125000 0.356250 0.100000 0.137500
0 0.935000 0.350000 0.130000 0.225000
0 0.636250 0.462500 0.107500 0.118750
0 0.816250 0.459375 0.157500 0.150000
