0 0.306250 0.882812 0.112500 0.103125
0 0.551250 0.867188 0.227500 0.275000
0 0.313750 0.773438 0.142500 0.137500
0 0.838750 0.185938 0.157500 0.171875
0 0.030000 0.831250 0.060000 0.175000
0 0.486250 0.501563 0.197500 0.334375
0 0.183750 0.417187 0.122500 0.134375
0 0.713750 0.698438 0.262500 0.250000
0 0.585000 0.171875 0.275000 0.265625
0 0.213750 0.170313 0.272500 0.231250
0 0.807500 0.971875 0.255000 0.134375
0 0.886250 0.598437 0.217500 0.334375
0 0.967500 0.768750 0.065000 0.103125
0 0.112500 0.343750 0.090000 0.131250
0 0.930000 0.300000 0.140000 0.240625
0 0.608750 0.451562 0.107500 0.118750
0 0.800000 0.484375 0.180000 0.156250
