0 0.306250 0.864062 0.112500 0.103125
0 0.547500 0.856250 0.235000 0.287500
0 0.313750 0.754687 0.142500 0.140625
0 0.853750 0.182812 0.157500 0.171875
0 0.030000 0.896875 0.060000 0.175000
0 0.467500 0.514062 0.200000 0.321875
0 0.046250 0.334375 0.092500 0.225000
0 0.710000 0.650000 0.280000 0.250000
0 0.595000 0.126562 0.270000 0.253125
0 0.210000 0.123438 0.265000 0.246875
0 0.812500 0.879687 0.255000 0.134375
0 0.862500 0.670312 0.215000 0.303125
0 0.966250 0.785937 0.067500 0.115625
0 0.935000 0.343750 0.130000 0.237500
0 0.591250 0.421875 0.107500 0.118750
0 0.791250 0.442188 0.187500 0.159375
