0 0.306250 0.885938 0.112500 0.103125
0 0.548750 0.857812 0.237500 0.290625
0 0.311250 0.773438 0.142500 0.140625
0 0.856250 0.195312 0.157500 0.171875
0 0.030000 0.853125 0.060000 0.175000
0 0.457500 0.468750 0.205000 0.325000
0 0.051250 0.298438 0.102500 0.225000
0 0.710000 0.696875 0.285000 0.246875
0 0.600000 0.168750 0.270000 0.250000
0 0.210000 0.165625 0.265000 0.250000
0 0.815000 0.968750 0.255000 0.134375
0 0.855000 0.668750 0.215000 0.293750
0 0.965000 0.771875 0.070000 0.118750
0 0.937500 0.309375 0.125000 0.234375
0 0.586250 0.420312 0.107500 0.118750
0 0.790000 0.481250 0.190000 0.159375
