0 0.306250 0.867188 0.112500 0.103125
0 0.550000 0.853125 0.240000 0.293750
0 0.311250 0.754687 0.142500 0.140625
0 0.858750 0.182812 0.157500 0.171875
0 0.030000 0.903125 0.060000 0.175000
0 0.453750 0.496875 0.207500 0.325000
0 0.053750 0.353125 0.107500 0.225000
0 0.708750 0.642188 0.287500 0.246875
0 0.600000 0.123438 0.270000 0.246875
0 0.210000 0.131250 0.265000 0.250000
0 0.815000 0.876563 0.255000 0.134375
0 0.852500 0.689063 0.215000 0.290625
0 0.965000 0.784375 0.070000 0.118750
0 0.937500 0.351562 0.125000 0.234375
0 0.586250 0.409375 0.107500 0.118750
0 0.788750 0.439063 0.192500 0.159375
