0 0.306250 0.882812 0.112500 0.103125
0 0.548750 0.860938 0.237500 0.287500
0 0.311250 0.773438 0.142500 0.140625
0 0.853750 0.195312 0.157500 0.171875
0 0.030000 0.850000 0.060000 0.175000
0 0.463750 0.473438 0.202500 0.325000
0 0.047500 0.284375 0.095000 0.225000
0 0.711250 0.698438 0.282500 0.246875
0 0.597500 0.168750 0.270000 0.253125
0 0.210000 0.165625 0.265000 0.246875
0 0.812500 0.971875 0.255000 0.134375
0 0.860000 0.659375 0.215000 0.300000
0 0.966250 0.770312 0.067500 0.115625
0 0.936250 0.307812 0.127500 0.237500
0 0.591250 0.426563 0.107500 0.118750
0 0.792500 0.481250 0.190000 0.159375
