0 0.301250 0.889062 0.112500 0.103125
0 0.497500 0.812500 0.245000 0.340625
0 0.303750 0.770312 0.142500 0.140625
0 0.897500 0.196875 0.155000 0.171875
0 0.020000 0.890625 0.040000 0.134375
0 0.396250 0.423438 0.222500 0.325000
0 0.713750 0.689063 0.297500 0.246875
0 0.663750 0.151562 0.242500 0.171875
0 0.235000 0.215625 0.260000 0.209375
0 0.817500 0.984375 0.255000 0.134375
0 0.782500 0.765625 0.225000 0.259375
0 0.958750 0.770312 0.082500 0.137500
0 0.936250 0.351562 0.127500 0.203125
0 0.561250 0.332813 0.102500 0.134375
0 0.761250 0.476562 0.207500 0.165625
0 0.057500 0.071875 0.115000 0.043750
0 0.125000 0.456250 0.160000 0.156250
0 0.126250 0.304688 0.147500 0.181250
