0 0.301250 0.892188 0.112500 0.103125
0 0.490000 0.806250 0.245000 0.346875
0 0.303750 0.770312 0.142500 0.140625
0 0.900000 0.193750 0.150000 0.171875
0 0.020000 0.896875 0.040000 0.128125
0 0.393750 0.420312 0.222500 0.325000
0 0.713750 0.689063 0.297500 0.246875
0 0.672500 0.150000 0.240000 0.162500
0 0.255000 0.215625 0.245000 0.203125
0 0.815000 0.984375 0.255000 0.134375
0 0.775000 0.778125 0.235000 0.262500
0 0.957500 0.771875 0.085000 0.140625
0 0.933750 0.357812 0.132500 0.200000
0 0.560000 0.321875 0.100000 0.137500
0 0.753750 0.476562 0.207500 0.165625
0 0.061250 0.076563 0.122500 0.050000
0 0.128750 0.457813 0.162500 0.162500
0 0.132500 0.309375 0.160000 0.181250
