0 0.301250 0.873437 0.112500 0.103125
0 0.466250 0.817187 0.242500 0.365625
0 0.301250 0.748437 0.142500 0.140625
0 0.912500 0.189062 0.135000 0.171875
0 0.020000 0.946875 0.040000 0.106250
0 0.391250 0.439063 0.222500 0.328125
0 0.716250 0.623437 0.297500 0.246875
0 0.695000 0.067187 0.230000 0.134375
0 0.307500 0.170313 0.205000 0.184375
0 0.812500 0.901563 0.255000 0.134375
0 0.753750 0.782813 0.262500 0.265625
0 0.955000 0.789062 0.090000 0.146875
0 0.926250 0.373437 0.147500 0.184375
0 0.553750 0.306250 0.097500 0.143750
0 0.733750 0.435937 0.207500 0.165625
0 0.071250 0.034375 0.142500 0.068750
0 0.138750 0.445312 0.172500 0.178125
0 0.146250 0.290625 0.192500 0.181250
