0 0.296250 0.898438 0.112500 0.103125
0 0.466250 0.764062 0.242500 0.387500
0 0.301250 0.767188 0.142500 0.140625
0 0.938750 0.170313 0.102500 0.171875
0 0.022500 0.959375 0.045000 0.068750
0 0.413750 0.382812 0.222500 0.353125
0 0.718750 0.676562 0.292500 0.246875
0 0.742500 0.109375 0.175000 0.100000
0 0.852500 1.000000 0.255000 0.134375
0 0.707500 0.862500 0.275000 0.250000
0 0.951250 0.770312 0.097500 0.159375
0 0.902500 0.415625 0.195000 0.168750
0 0.598750 0.279687 0.097500 0.143750
0 0.693750 0.482812 0.222500 0.165625
0 0.115000 0.103125 0.165000 0.087500
0 0.148750 0.489063 0.202500 0.215625
0 0.191250 0.295312 0.217500 0.221875
0 0.423750 0.185938 0.122500 0.156250
0 0.967500 0.596875 0.065000 0.109375
0 0.303750 0.179688 0.117500 0.143750
