0 0.291250 0.882812 0.112500 0.103125
0 0.466250 0.798438 0.242500 0.403125
0 0.301250 0.748437 0.142500 0.140625
0 0.958750 0.195312 0.077500 0.171875
0 0.416250 0.418750 0.222500 0.356250
0 0.716250 0.614062 0.282500 0.246875
0 0.768750 0.037500 0.147500 0.075000
0 0.911250 0.901563 0.177500 0.134375
0 0.672500 0.831250 0.260000 0.225000
0 0.927500 0.804688 0.145000 0.190625
0 0.881250 0.387500 0.237500 0.168750
0 0.631250 0.275000 0.097500 0.143750
0 0.670000 0.410938 0.245000 0.165625
0 0.155000 0.043750 0.165000 0.087500
0 0.150000 0.490625 0.230000 0.243750
0 0.212500 0.260937 0.215000 0.246875
0 0.476250 0.178125 0.122500 0.225000
0 0.953750 0.625000 0.092500 0.125000
0 0.353750 0.195312 0.142500 0.165625
