0 0.455000 0.587500 0.285000 0.159375
0 0.636250 0.742188 0.227500 0.215625
0 0.866250 0.535937 0.122500 0.171875
0 0.083750 0.673438 0.167500 0.175000
0 0.440000 0.828125 0.090000 0.228125
0 0.967500 0.437500 0.065000 0.312500
0 0.653750 0.207813 0.182500 0.246875
0 0.906250 0.745313 0.167500 0.231250
0 0.727500 0.528125 0.210000 0.225000
0 0.426250 0.654687 0.162500 0.115625
0 0.798750 1.029688 0.242500 0.121875
0 0.813750 0.342187 0.172500 0.196875
0 0.965000 0.956250 0.070000 0.087500
0 0.922500 0.140625 0.150000 0.381250
0 0.782500 0.115625 0.160000 0.206250
