0 0.460000 0.584375 0.285000 0.159375
0 0.678750 0.767188 0.227500 0.221875
0 0.868750 0.542188 0.122500 0.171875
0 0.083750 0.673438 0.167500 0.181250
0 0.431250 0.807813 0.102500 0.256250
0 0.966250 0.439063 0.067500 0.328125
0 0.658750 0.201563 0.177500 0.253125
0 0.890000 0.756250 0.180000 0.228125
0 0.725000 0.531250 0.210000 0.225000
0 0.486250 0.570312 0.087500 0.112500
0 0.807500 1.012500 0.220000 0.125000
0 0.812500 0.340625 0.170000 0.200000
0 0.965000 0.956250 0.070000 0.087500
0 0.922500 0.140625 0.150000 0.393750
0 0.786250 0.110937 0.152500 0.206250
