0 0.466250 0.551562 0.252500 0.193750
0 0.593750 0.707812 0.197500 0.228125
0 0.866250 0.532813 0.122500 0.171875
0 0.085000 0.675000 0.170000 0.168750
0 0.440000 0.868750 0.090000 0.187500
0 0.967500 0.437500 0.065000 0.290625
0 0.643750 0.201563 0.182500 0.246875
0 0.921250 0.726562 0.147500 0.228125
0 0.730000 0.525000 0.210000 0.225000
0 0.377500 0.709375 0.215000 0.184375
0 0.786250 1.048437 0.267500 0.118750
0 0.813750 0.342187 0.172500 0.193750
0 0.963750 0.954688 0.072500 0.090625
0 0.925000 0.140625 0.150000 0.368750
0 0.780000 0.118750 0.165000 0.206250
