0 0.457500 0.584375 0.285000 0.159375
0 0.658750 0.754687 0.227500 0.215625
0 0.866250 0.539062 0.122500 0.171875
0 0.083750 0.673438 0.167500 0.178125
0 0.435000 0.818750 0.095000 0.240625
0 0.966250 0.439063 0.067500 0.318750
0 0.656250 0.207813 0.182500 0.246875
0 0.900000 0.753125 0.175000 0.234375
0 0.727500 0.531250 0.210000 0.225000
0 0.461250 0.607812 0.117500 0.112500
0 0.803750 1.023438 0.232500 0.121875
0 0.812500 0.340625 0.170000 0.196875
0 0.966250 0.954688 0.067500 0.087500
0 0.922500 0.140625 0.150000 0.387500
0 0.785000 0.115625 0.160000 0.203125
