0 0.430000 0.517188 0.285000 0.159375
0 0.723750 0.784375 0.232500 0.243750
0 0.868750 0.560937 0.122500 0.171875
0 0.080000 0.668750 0.160000 0.200000
0 0.417500 0.815625 0.105000 0.350000
0 0.966250 0.628125 0.067500 0.337500
0 0.682500 0.201563 0.155000 0.321875
0 0.857500 0.746875 0.205000 0.200000
0 0.722500 0.518750 0.210000 0.225000
0 0.832500 0.934375 0.175000 0.131250
0 0.811250 0.335938 0.167500 0.203125
0 0.958750 0.957812 0.082500 0.084375
0 0.921250 0.256250 0.152500 0.418750
0 0.798750 0.126562 0.127500 0.221875
0 0.125000 0.050000 0.235000 0.100000
0 0.420000 0.559375 0.110000 0.106250
0 0.536250 0.640625 0.102500 0.125000
