0 0.460000 0.482812 0.285000 0.159375
0 0.687500 0.742188 0.230000 0.228125
0 0.868750 0.551562 0.122500 0.171875
0 0.082500 0.659375 0.165000 0.181250
0 0.430000 0.867188 0.105000 0.265625
0 0.966250 0.564063 0.067500 0.334375
0 0.665000 0.214062 0.175000 0.265625
0 0.887500 0.754687 0.185000 0.221875
0 0.725000 0.515625 0.210000 0.225000
0 0.491250 0.565625 0.087500 0.112500
0 0.811250 0.937500 0.212500 0.125000
0 0.812500 0.334375 0.170000 0.200000
0 0.963750 0.956250 0.072500 0.087500
0 0.923750 0.245312 0.152500 0.396875
0 0.790000 0.120313 0.150000 0.209375
