0 0.460000 0.581250 0.285000 0.159375
0 0.683750 0.770312 0.227500 0.225000
0 0.868750 0.542188 0.122500 0.171875
0 0.082500 0.671875 0.165000 0.181250
0 0.430000 0.803125 0.105000 0.262500
0 0.966250 0.439063 0.067500 0.334375
0 0.662500 0.193750 0.175000 0.262500
0 0.888750 0.757812 0.182500 0.225000
0 0.725000 0.531250 0.210000 0.225000
0 0.491250 0.567187 0.087500 0.112500
0 0.811250 1.010938 0.217500 0.125000
0 0.812500 0.340625 0.170000 0.200000
0 0.965000 0.956250 0.070000 0.087500
0 0.922500 0.140625 0.150000 0.393750
0 0.787500 0.109375 0.150000 0.209375
