0 0.457500 0.584375 0.285000 0.159375
0 0.692500 0.775000 0.230000 0.234375
0 0.868750 0.545312 0.122500 0.171875
0 0.082500 0.671875 0.165000 0.184375
0 0.426250 0.779687 0.107500 0.284375
0 0.966250 0.445312 0.067500 0.337500
0 0.668750 0.182812 0.172500 0.275000
0 0.881250 0.760938 0.187500 0.218750
0 0.725000 0.534375 0.210000 0.225000
0 0.491250 0.564063 0.087500 0.112500
0 0.816250 1.004687 0.207500 0.125000
0 0.812500 0.340625 0.170000 0.200000
0 0.963750 0.957812 0.072500 0.087500
0 0.923750 0.142187 0.152500 0.400000
0 0.790000 0.106250 0.145000 0.212500
0 0.102500 0.121875 0.195000 0.100000
