0 0.390000 0.542188 0.285000 0.159375
0 0.738750 0.793750 0.232500 0.243750
0 0.868750 0.564063 0.122500 0.171875
0 0.077500 0.675000 0.155000 0.212500
0 0.440000 0.815625 0.145000 0.356250
0 0.967500 0.648438 0.065000 0.340625
0 0.700000 0.198437 0.145000 0.321875
0 0.848750 0.740625 0.227500 0.187500
0 0.720000 0.523438 0.205000 0.221875
0 0.831250 0.935937 0.162500 0.128125
0 0.816250 0.348438 0.167500 0.203125
0 0.958750 0.959375 0.082500 0.081250
0 0.917500 0.248438 0.145000 0.403125
0 0.806250 0.121875 0.122500 0.225000
0 0.142500 0.056250 0.265000 0.112500
0 0.445000 0.553125 0.110000 0.106250
0 0.523750 0.628125 0.102500 0.125000
