0 0.405000 0.532813 0.285000 0.159375
0 0.733750 0.790625 0.232500 0.243750
0 0.868750 0.564063 0.122500 0.171875
0 0.078750 0.671875 0.157500 0.206250
0 0.428750 0.814063 0.122500 0.353125
0 0.966250 0.648438 0.067500 0.340625
0 0.693750 0.198437 0.147500 0.321875
0 0.852500 0.742188 0.220000 0.190625
0 0.718750 0.521875 0.207500 0.225000
0 0.833750 0.934375 0.162500 0.131250
0 0.813750 0.345313 0.167500 0.203125
0 0.957500 0.959375 0.085000 0.081250
0 0.918750 0.251563 0.147500 0.409375
0 0.803750 0.125000 0.122500 0.225000
0 0.136250 0.053125 0.252500 0.106250
0 0.427500 0.565625 0.110000 0.106250
0 0.533750 0.628125 0.102500 0.125000
