0 0.460000 0.581250 0.285000 0.159375
0 0.690000 0.771875 0.230000 0.231250
0 0.868750 0.542188 0.122500 0.171875
0 0.082500 0.671875 0.165000 0.181250
0 0.428750 0.792188 0.107500 0.271875
0 0.966250 0.439063 0.067500 0.337500
0 0.663750 0.185938 0.172500 0.268750
0 0.882500 0.759375 0.185000 0.221875
0 0.725000 0.534375 0.210000 0.225000
0 0.491250 0.564063 0.087500 0.112500
0 0.812500 1.006250 0.210000 0.125000
0 0.812500 0.340625 0.170000 0.200000
0 0.963750 0.957812 0.072500 0.087500
0 0.923750 0.142187 0.152500 0.396875
0 0.788750 0.107813 0.147500 0.209375
