0 0.402500 0.634375 0.285000 0.159375
0 0.733750 0.814063 0.232500 0.243750
0 0.868750 0.554688 0.122500 0.171875
0 0.078750 0.667188 0.157500 0.209375
0 0.431250 0.717187 0.127500 0.353125
0 0.966250 0.520312 0.067500 0.340625
0 0.696250 0.129688 0.147500 0.321875
0 0.850000 0.784375 0.220000 0.190625
0 0.721250 0.542188 0.207500 0.225000
0 0.833750 0.973437 0.162500 0.128125
0 0.813750 0.348438 0.167500 0.203125
0 0.957500 0.971875 0.085000 0.081250
0 0.918750 0.139063 0.147500 0.406250
0 0.803750 0.089063 0.122500 0.225000
0 0.137500 0.159375 0.255000 0.109375
0 0.430000 0.578125 0.110000 0.106250
0 0.533750 0.629687 0.102500 0.125000
