0 0.300000 0.653125 0.245000 0.237500
0 0.696250 0.773438 0.232500 0.203125
0 0.885000 0.592187 0.135000 0.184375
0 0.071250 0.692187 0.142500 0.246875
0 0.418750 0.818750 0.117500 0.362500
0 0.970000 0.692187 0.060000 0.284375
0 0.733750 0.237500 0.127500 0.300000
0 0.840000 0.760938 0.220000 0.190625
0 0.711250 0.559375 0.192500 0.218750
0 0.818750 0.940625 0.162500 0.118750
0 0.828750 0.382812 0.167500 0.203125
0 0.960000 0.962500 0.080000 0.075000
0 0.903750 0.223438 0.117500 0.353125
0 0.812500 0.109375 0.115000 0.218750
0 0.211250 0.059375 0.327500 0.118750
0 0.547500 0.378125 0.155000 0.356250
0 0.472500 0.601562 0.165000 0.134375
0 0.040000 0.271875 0.080000 0.275000
