0 0.257500 0.704688 0.195000 0.253125
0 0.668750 0.762500 0.237500 0.218750
0 0.900000 0.610938 0.150000 0.190625
0 0.068750 0.700000 0.137500 0.262500
0 0.392500 0.818750 0.105000 0.362500
0 0.968750 0.740625 0.062500 0.218750
0 0.737500 0.234375 0.125000 0.281250
0 0.853750 0.773438 0.182500 0.203125
0 0.716250 0.556250 0.192500 0.218750
0 0.818750 0.942187 0.162500 0.115625
0 0.838750 0.389062 0.137500 0.184375
0 0.961250 0.964063 0.077500 0.071875
0 0.895000 0.182812 0.105000 0.296875
0 0.808750 0.106250 0.107500 0.212500
0 0.237500 0.051562 0.375000 0.103125
0 0.628750 0.168750 0.137500 0.231250
0 0.445000 0.584375 0.205000 0.181250
0 0.050000 0.301563 0.100000 0.284375
