0 0.328750 0.617188 0.282500 0.215625
0 0.713750 0.778125 0.232500 0.206250
0 0.877500 0.584375 0.130000 0.181250
0 0.073750 0.687500 0.147500 0.237500
0 0.446250 0.818750 0.162500 0.362500
0 0.971250 0.660937 0.057500 0.340625
0 0.725000 0.220312 0.130000 0.309375
0 0.833750 0.754687 0.232500 0.184375
0 0.713750 0.553125 0.192500 0.218750
0 0.821250 0.940625 0.162500 0.118750
0 0.826250 0.373437 0.167500 0.203125
0 0.960000 0.960938 0.080000 0.078125
0 0.907500 0.229687 0.125000 0.365625
0 0.815000 0.110937 0.120000 0.221875
0 0.191250 0.059375 0.287500 0.118750
0 0.530000 0.456250 0.125000 0.200000
0 0.500000 0.628125 0.145000 0.137500
0 0.041250 0.239063 0.082500 0.259375
