0 0.297500 0.657813 0.240000 0.240625
0 0.696250 0.773438 0.232500 0.203125
0 0.886250 0.592187 0.137500 0.184375
0 0.071250 0.693750 0.142500 0.250000
0 0.416250 0.818750 0.112500 0.362500
0 0.970000 0.692187 0.060000 0.278125
0 0.733750 0.235937 0.127500 0.296875
0 0.841250 0.760938 0.217500 0.190625
0 0.711250 0.559375 0.192500 0.218750
0 0.818750 0.940625 0.162500 0.118750
0 0.828750 0.382812 0.167500 0.203125
0 0.960000 0.962500 0.080000 0.075000
0 0.903750 0.221875 0.117500 0.350000
0 0.812500 0.109375 0.115000 0.218750
0 0.212500 0.059375 0.330000 0.118750
0 0.547500 0.371875 0.160000 0.356250
0 0.470000 0.598437 0.165000 0.134375
0 0.040000 0.275000 0.080000 0.275000
