0 0.291250 0.660937 0.232500 0.240625
0 0.693750 0.770312 0.232500 0.203125
0 0.886250 0.596875 0.137500 0.187500
0 0.071250 0.693750 0.142500 0.250000
0 0.412500 0.818750 0.105000 0.362500
0 0.970000 0.696875 0.060000 0.268750
0 0.732500 0.239063 0.125000 0.296875
0 0.841250 0.762500 0.212500 0.193750
0 0.711250 0.559375 0.192500 0.218750
0 0.818750 0.940625 0.162500 0.118750
0 0.831250 0.385937 0.167500 0.203125
0 0.960000 0.962500 0.080000 0.075000
0 0.902500 0.220312 0.115000 0.346875
0 0.812500 0.109375 0.115000 0.218750
0 0.216250 0.059375 0.337500 0.118750
0 0.551250 0.359375 0.172500 0.362500
0 0.470000 0.600000 0.170000 0.137500
0 0.040000 0.279687 0.080000 0.278125
