0 0.320000 0.632812 0.275000 0.228125
0 0.706250 0.776563 0.232500 0.203125
0 0.880000 0.584375 0.130000 0.181250
0 0.072500 0.689063 0.145000 0.240625
0 0.432500 0.818750 0.140000 0.362500
0 0.970000 0.676562 0.060000 0.315625
0 0.730000 0.226562 0.130000 0.303125
0 0.833750 0.757812 0.232500 0.184375
0 0.711250 0.559375 0.192500 0.218750
0 0.818750 0.940625 0.162500 0.118750
0 0.826250 0.376563 0.167500 0.203125
0 0.960000 0.962500 0.080000 0.075000
0 0.906250 0.226562 0.122500 0.359375
0 0.813750 0.110937 0.117500 0.221875
0 0.200000 0.059375 0.305000 0.118750
0 0.540000 0.420312 0.140000 0.271875
0 0.486250 0.614062 0.152500 0.134375
0 0.040000 0.254688 0.080000 0.265625
