0 0.338750 0.676562 0.282500 0.190625
0 0.723750 0.820312 0.232500 0.218750
0 0.876250 0.567187 0.127500 0.178125
0 0.075000 0.662500 0.150000 0.231250
0 0.460000 0.756250 0.190000 0.362500
0 0.970000 0.515625 0.060000 0.353125
0 0.721250 0.132812 0.132500 0.312500
0 0.836250 0.804688 0.232500 0.184375
0 0.716250 0.551562 0.192500 0.218750
0 0.821250 0.982812 0.162500 0.118750
0 0.823750 0.370312 0.167500 0.203125
0 0.958750 0.973437 0.082500 0.078125
0 0.910000 0.128125 0.130000 0.375000
0 0.816250 0.076563 0.122500 0.225000
0 0.178750 0.179688 0.287500 0.118750
0 0.510000 0.478125 0.120000 0.162500
0 0.507500 0.640625 0.145000 0.137500
0 0.041250 0.145313 0.082500 0.246875
