0 0.282500 0.670312 0.220000 0.246875
0 0.688750 0.770312 0.232500 0.203125
0 0.890000 0.596875 0.140000 0.187500
0 0.071250 0.695312 0.142500 0.253125
0 0.410000 0.818750 0.105000 0.362500
0 0.970000 0.704688 0.060000 0.259375
0 0.735000 0.243750 0.125000 0.293750
0 0.843750 0.764062 0.207500 0.196875
0 0.713750 0.559375 0.192500 0.218750
0 0.818750 0.940625 0.162500 0.118750
0 0.830000 0.385937 0.165000 0.203125
0 0.960000 0.962500 0.080000 0.075000
0 0.902500 0.218750 0.115000 0.343750
0 0.811250 0.107813 0.112500 0.215625
0 0.220000 0.057813 0.345000 0.115625
0 0.557500 0.339062 0.190000 0.371875
0 0.467500 0.600000 0.175000 0.143750
0 0.040000 0.287500 0.080000 0.281250
