0 0.236250 0.754687 0.157500 0.278125
0 0.657500 0.781250 0.235000 0.234375
0 0.906250 0.635938 0.162500 0.193750
0 0.063750 0.648438 0.127500 0.293750
0 0.375000 0.740625 0.170000 0.306250
0 0.972500 0.740625 0.055000 0.190625
0 0.742500 0.193750 0.155000 0.259375
0 0.857500 0.809375 0.175000 0.196875
0 0.692500 0.596875 0.205000 0.215625
0 0.817500 0.987500 0.165000 0.115625
0 0.962500 0.981250 0.075000 0.065625
0 0.902500 0.100000 0.145000 0.200000
0 0.798750 0.082812 0.132500 0.137500
0 0.382500 0.131250 0.210000 0.175000
0 0.641250 0.101562 0.152500 0.121875
0 0.442500 0.590625 0.255000 0.228125
0 0.078750 0.354687 0.157500 0.237500
0 0.902500 0.350000 0.165000 0.175000
0 0.800000 0.468750 0.110000 0.146875
