0 0.221250 0.825000 0.167500 0.256250
0 0.666250 0.756250 0.217500 0.225000
0 0.908750 0.632812 0.167500 0.196875
0 0.061250 0.723437 0.122500 0.309375
0 0.386250 0.807813 0.202500 0.328125
0 0.973750 0.817187 0.052500 0.196875
0 0.718750 0.260937 0.197500 0.328125
0 0.866250 0.803125 0.192500 0.200000
0 0.697500 0.593750 0.215000 0.181250
0 0.821250 0.942187 0.172500 0.115625
0 0.962500 0.967187 0.075000 0.065625
0 0.911250 0.095312 0.142500 0.190625
0 0.796250 0.046875 0.137500 0.093750
0 0.451250 0.123438 0.157500 0.246875
0 0.641250 0.045312 0.152500 0.078125
0 0.436250 0.528125 0.272500 0.256250
0 0.096250 0.432812 0.192500 0.234375
0 0.875000 0.298438 0.140000 0.246875
0 0.760000 0.514062 0.135000 0.140625
