0 0.222500 0.821875 0.165000 0.256250
0 0.663750 0.756250 0.217500 0.225000
0 0.908750 0.631250 0.167500 0.193750
0 0.061250 0.721875 0.122500 0.306250
0 0.385000 0.807813 0.200000 0.328125
0 0.973750 0.815625 0.052500 0.193750
0 0.720000 0.259375 0.195000 0.325000
0 0.866250 0.800000 0.192500 0.200000
0 0.697500 0.595313 0.215000 0.184375
0 0.821250 0.942187 0.172500 0.115625
0 0.962500 0.967187 0.075000 0.065625
0 0.911250 0.098437 0.142500 0.196875
0 0.798750 0.048438 0.137500 0.096875
0 0.447500 0.121875 0.155000 0.243750
0 0.641250 0.046875 0.152500 0.081250
0 0.436250 0.528125 0.272500 0.256250
0 0.095000 0.429688 0.190000 0.234375
0 0.876250 0.304688 0.137500 0.240625
0 0.762500 0.510938 0.135000 0.146875
