0 0.243750 0.731250 0.187500 0.256250
0 0.652500 0.750000 0.250000 0.237500
0 0.902500 0.620313 0.155000 0.190625
0 0.067500 0.704688 0.135000 0.271875
0 0.385000 0.815625 0.115000 0.356250
0 0.967500 0.768750 0.065000 0.193750
0 0.740000 0.218750 0.130000 0.268750
0 0.852500 0.782813 0.170000 0.196875
0 0.716250 0.553125 0.192500 0.218750
0 0.816250 0.942187 0.162500 0.115625
0 0.843750 0.384375 0.122500 0.162500
0 0.961250 0.964063 0.077500 0.071875
0 0.898750 0.148438 0.112500 0.253125
0 0.806250 0.096875 0.107500 0.193750
0 0.260000 0.050000 0.365000 0.100000
0 0.660000 0.095312 0.115000 0.178125
0 0.440000 0.573438 0.225000 0.203125
0 0.058750 0.309375 0.117500 0.281250
