0 0.225000 0.784375 0.160000 0.262500
0 0.662500 0.781250 0.220000 0.225000
0 0.907500 0.637500 0.165000 0.193750
0 0.061250 0.645312 0.122500 0.306250
0 0.382500 0.762500 0.195000 0.325000
0 0.973750 0.751563 0.052500 0.193750
0 0.725000 0.215625 0.190000 0.315625
0 0.866250 0.820312 0.192500 0.203125
0 0.696250 0.629687 0.212500 0.187500
0 0.820000 0.990625 0.170000 0.115625
0 0.962500 0.981250 0.075000 0.065625
0 0.910000 0.087500 0.140000 0.215625
0 0.797500 0.084375 0.135000 0.103125
0 0.443750 0.095312 0.152500 0.237500
0 0.642500 0.103125 0.155000 0.087500
0 0.437500 0.575000 0.270000 0.250000
0 0.092500 0.421875 0.185000 0.231250
0 0.876250 0.292187 0.137500 0.218750
0 0.761250 0.501563 0.127500 0.162500
