0 0.235000 0.753125 0.145000 0.278125
0 0.660000 0.781250 0.230000 0.231250
0 0.907500 0.637500 0.165000 0.193750
0 0.062500 0.646875 0.125000 0.296875
0 0.377500 0.746875 0.180000 0.309375
0 0.973750 0.745313 0.052500 0.190625
0 0.736250 0.201563 0.167500 0.278125
0 0.861250 0.814063 0.182500 0.196875
0 0.693750 0.607812 0.207500 0.206250
0 0.818750 0.989062 0.167500 0.115625
0 0.962500 0.981250 0.075000 0.065625
0 0.906250 0.095312 0.142500 0.212500
0 0.798750 0.082812 0.132500 0.125000
0 0.411250 0.110937 0.177500 0.203125
0 0.638750 0.104688 0.157500 0.109375
0 0.441250 0.585938 0.262500 0.234375
0 0.083750 0.385937 0.167500 0.225000
0 0.888750 0.329688 0.152500 0.175000
0 0.782500 0.481250 0.115000 0.153125
