0 0.251250 0.707812 0.192500 0.253125
0 0.661250 0.795312 0.242500 0.228125
0 0.901250 0.617188 0.152500 0.190625
0 0.067500 0.653125 0.135000 0.268750
0 0.387500 0.703125 0.105000 0.362500
0 0.967500 0.687500 0.065000 0.206250
0 0.738750 0.170313 0.127500 0.275000
0 0.853750 0.789062 0.177500 0.200000
0 0.716250 0.564063 0.192500 0.218750
0 0.816250 0.985938 0.162500 0.115625
0 0.841250 0.379688 0.127500 0.178125
0 0.961250 0.976562 0.077500 0.071875
0 0.893750 0.092188 0.102500 0.275000
0 0.807500 0.065625 0.105000 0.209375
0 0.241250 0.239063 0.382500 0.096875
0 0.652500 0.096875 0.115000 0.178125
0 0.441250 0.617188 0.217500 0.196875
0 0.053750 0.232813 0.107500 0.281250
