0 0.206250 0.832812 0.187500 0.234375
0 0.668750 0.779687 0.207500 0.218750
0 0.908750 0.639062 0.167500 0.196875
0 0.060000 0.643750 0.120000 0.315625
0 0.390000 0.784375 0.215000 0.340625
0 0.972500 0.759375 0.055000 0.200000
0 0.715000 0.215625 0.190000 0.331250
0 0.866250 0.826562 0.192500 0.196875
0 0.697500 0.656250 0.220000 0.165625
0 0.823750 0.995313 0.177500 0.115625
0 0.963750 0.982812 0.072500 0.062500
0 0.911250 0.089063 0.142500 0.143750
0 0.792500 0.090625 0.145000 0.084375
0 0.453750 0.114062 0.182500 0.262500
0 0.635000 0.096875 0.150000 0.071875
0 0.432500 0.559375 0.280000 0.271875
0 0.102500 0.462500 0.205000 0.228125
0 0.871250 0.217188 0.142500 0.271875
0 0.746250 0.557813 0.127500 0.103125
