0 0.171250 0.867188 0.197500 0.184375
0 0.678750 0.779687 0.192500 0.209375
0 0.910000 0.640625 0.170000 0.200000
0 0.048750 0.673438 0.097500 0.246875
0 0.367500 0.787500 0.215000 0.340625
0 0.971250 0.770312 0.057500 0.206250
0 0.705000 0.203125 0.170000 0.331250
0 0.863750 0.832812 0.192500 0.187500
0 0.692500 0.656250 0.220000 0.165625
0 0.827500 1.000000 0.185000 0.115625
0 0.963750 0.985938 0.072500 0.059375
0 0.926250 0.073438 0.117500 0.103125
0 0.791250 0.092188 0.147500 0.078125
0 0.466250 0.114062 0.182500 0.231250
0 0.620000 0.093750 0.150000 0.071875
0 0.425000 0.540625 0.295000 0.303125
0 0.110000 0.509375 0.220000 0.190625
0 0.871250 0.201563 0.157500 0.262500
0 0.747500 0.562500 0.175000 0.140625
0 0.200000 1.034375 0.175000 0.075000
