0 0.202500 0.837500 0.190000 0.228125
0 0.671250 0.779687 0.207500 0.218750
0 0.908750 0.639062 0.167500 0.196875
0 0.060000 0.643750 0.120000 0.315625
0 0.387500 0.784375 0.215000 0.340625
0 0.972500 0.759375 0.055000 0.200000
0 0.715000 0.215625 0.190000 0.331250
0 0.863750 0.826562 0.192500 0.193750
0 0.697500 0.656250 0.220000 0.165625
0 0.823750 0.995313 0.177500 0.115625
0 0.963750 0.982812 0.072500 0.062500
0 0.912500 0.087500 0.140000 0.140625
0 0.792500 0.090625 0.145000 0.084375
0 0.455000 0.118750 0.190000 0.262500
0 0.632500 0.096875 0.150000 0.071875
0 0.433750 0.560937 0.282500 0.271875
0 0.102500 0.465625 0.205000 0.225000
0 0.868750 0.210938 0.142500 0.271875
0 0.741250 0.557813 0.122500 0.100000
