0 0.175000 0.760938 0.155000 0.303125
0 0.697500 0.775000 0.155000 0.187500
0 0.913750 0.645312 0.172500 0.196875
0 0.056250 0.707812 0.112500 0.159375
0 0.337500 0.826562 0.175000 0.340625
0 0.972500 0.843750 0.055000 0.218750
0 0.710000 0.290625 0.160000 0.325000
0 0.851250 0.814063 0.192500 0.178125
0 0.680000 0.604688 0.220000 0.165625
0 0.836250 0.943750 0.202500 0.112500
0 0.965000 0.970313 0.070000 0.059375
0 0.945000 0.031250 0.105000 0.062500
0 0.500000 0.068750 0.105000 0.137500
0 0.392500 0.467187 0.330000 0.365625
0 0.110000 0.462500 0.220000 0.168750
0 0.891250 0.117188 0.202500 0.171875
0 0.791250 0.550000 0.232500 0.125000
0 0.202500 0.950000 0.165000 0.100000
0 0.053750 0.839063 0.107500 0.103125
