0 0.181250 0.684375 0.122500 0.368750
0 0.692500 0.778125 0.160000 0.181250
0 0.922500 0.679688 0.155000 0.184375
0 0.060000 0.728125 0.120000 0.150000
0 0.326250 0.778125 0.167500 0.393750
0 0.966250 0.862500 0.062500 0.187500
0 0.841250 0.820312 0.192500 0.171875
0 0.637500 0.637500 0.285000 0.143750
0 0.836250 0.950000 0.202500 0.100000
0 0.352500 0.407813 0.330000 0.365625
0 0.081250 0.426563 0.162500 0.246875
0 0.947500 0.040625 0.095000 0.081250
0 0.807500 0.575000 0.240000 0.118750
0 0.225000 0.934375 0.150000 0.131250
0 0.075000 0.898438 0.150000 0.165625
0 0.951250 0.467187 0.097500 0.303125
0 0.788750 0.235937 0.077500 0.296875
0 0.821250 0.028125 0.072500 0.056250
