0 0.182500 0.704688 0.135000 0.359375
0 0.698750 0.778125 0.152500 0.181250
0 0.920000 0.665625 0.160000 0.187500
0 0.057500 0.731250 0.115000 0.318750
0 0.327500 0.806250 0.160000 0.362500
0 0.970000 0.853125 0.060000 0.200000
0 0.782500 0.160938 0.110000 0.165625
0 0.841250 0.818750 0.192500 0.175000
0 0.650000 0.637500 0.285000 0.143750
0 0.836250 0.946875 0.202500 0.106250
0 0.950000 0.023438 0.100000 0.046875
0 0.505000 0.068750 0.105000 0.137500
0 0.367500 0.429688 0.330000 0.365625
0 0.091250 0.443750 0.182500 0.218750
0 0.907500 0.056250 0.125000 0.112500
0 0.805000 0.567187 0.240000 0.115625
0 0.210000 0.942187 0.155000 0.115625
0 0.062500 0.868750 0.125000 0.125000
0 0.951250 0.442188 0.097500 0.253125
