0 0.176250 0.678125 0.122500 0.368750
0 0.691250 0.778125 0.167500 0.181250
0 0.922500 0.682813 0.155000 0.184375
0 0.060000 0.731250 0.120000 0.156250
0 0.325000 0.760938 0.170000 0.403125
0 0.966250 0.865625 0.062500 0.181250
0 0.841250 0.821875 0.192500 0.168750
0 0.627500 0.637500 0.285000 0.143750
0 0.836250 0.950000 0.202500 0.100000
0 0.342500 0.392188 0.330000 0.365625
0 0.081250 0.410938 0.162500 0.246875
0 0.957500 0.042188 0.085000 0.084375
0 0.812500 0.575000 0.240000 0.118750
0 0.233750 0.931250 0.147500 0.137500
0 0.080000 0.909375 0.160000 0.181250
0 0.951250 0.459375 0.097500 0.312500
0 0.798750 0.293750 0.077500 0.400000
0 0.816250 0.028125 0.062500 0.056250
