0 0.181250 0.681250 0.122500 0.368750
0 0.691250 0.778125 0.162500 0.181250
0 0.922500 0.679688 0.155000 0.184375
0 0.060000 0.729688 0.120000 0.153125
0 0.327500 0.770312 0.170000 0.396875
0 0.966250 0.862500 0.062500 0.187500
0 0.841250 0.818750 0.192500 0.168750
0 0.635000 0.637500 0.285000 0.143750
0 0.836250 0.950000 0.202500 0.100000
0 0.350000 0.404687 0.330000 0.365625
0 0.081250 0.423438 0.162500 0.246875
0 0.948750 0.040625 0.092500 0.081250
0 0.810000 0.575000 0.240000 0.118750
0 0.226250 0.932813 0.147500 0.134375
0 0.077500 0.901563 0.155000 0.171875
0 0.951250 0.471875 0.097500 0.312500
0 0.791250 0.253125 0.077500 0.325000
0 0.816250 0.028125 0.062500 0.056250
