0 0.166250 0.665625 0.122500 0.368750
0 0.686250 0.778125 0.177500 0.181250
0 0.922500 0.698438 0.155000 0.184375
0 0.057500 0.737500 0.115000 0.168750
0 0.317500 0.723437 0.170000 0.403125
0 0.966250 0.876563 0.062500 0.178125
0 0.838750 0.821875 0.192500 0.162500
0 0.610000 0.637500 0.285000 0.143750
0 0.836250 0.950000 0.202500 0.100000
0 0.327500 0.367188 0.330000 0.365625
0 0.076250 0.379688 0.152500 0.246875
0 0.957500 0.042188 0.085000 0.084375
0 0.820000 0.575000 0.240000 0.118750
0 0.233750 0.926562 0.147500 0.146875
0 0.081250 0.915625 0.162500 0.168750
0 0.951250 0.425000 0.097500 0.312500
0 0.796250 0.312500 0.077500 0.368750
