0 0.150000 0.578125 0.135000 0.328125
0 0.691250 0.798438 0.167500 0.190625
0 0.930000 0.703125 0.140000 0.184375
0 0.055000 0.721875 0.110000 0.187500
0 0.287500 0.559375 0.170000 0.403125
0 0.966250 0.842187 0.062500 0.178125
0 0.838750 0.867188 0.192500 0.153125
0 0.640000 0.756250 0.285000 0.143750
0 0.836250 1.026563 0.202500 0.100000
0 0.256250 0.289062 0.232500 0.365625
0 0.067500 0.309375 0.135000 0.246875
0 0.957500 0.053125 0.085000 0.084375
0 0.837500 0.650000 0.215000 0.137500
0 0.233750 0.929688 0.147500 0.162500
0 0.081250 0.945312 0.162500 0.156250
0 0.946250 0.298438 0.107500 0.312500
0 0.791250 0.214062 0.082500 0.343750
