0 0.171250 0.671875 0.122500 0.368750
0 0.687500 0.778125 0.170000 0.181250
0 0.922500 0.689063 0.155000 0.184375
0 0.058750 0.734375 0.117500 0.162500
0 0.322500 0.745313 0.170000 0.403125
0 0.966250 0.870313 0.062500 0.178125
0 0.838750 0.820312 0.192500 0.165625
0 0.620000 0.637500 0.285000 0.143750
0 0.836250 0.950000 0.202500 0.100000
0 0.335000 0.382812 0.330000 0.365625
0 0.081250 0.395313 0.162500 0.246875
0 0.957500 0.042188 0.085000 0.084375
0 0.815000 0.575000 0.240000 0.118750
0 0.233750 0.928125 0.147500 0.143750
0 0.081250 0.912500 0.162500 0.175000
0 0.951250 0.443750 0.097500 0.312500
0 0.796250 0.301563 0.077500 0.384375
