0 0.156250 0.659375 0.127500 0.356250
0 0.686250 0.782813 0.177500 0.184375
0 0.925000 0.704688 0.150000 0.184375
0 0.056250 0.743750 0.112500 0.181250
0 0.305000 0.689063 0.170000 0.403125
0 0.966250 0.885938 0.062500 0.178125
0 0.838750 0.823438 0.192500 0.159375
0 0.627500 0.643750 0.285000 0.143750
0 0.836250 0.950000 0.202500 0.100000
0 0.315000 0.348438 0.330000 0.365625
0 0.068750 0.354687 0.137500 0.246875
0 0.957500 0.042188 0.085000 0.084375
0 0.827500 0.576562 0.235000 0.121875
0 0.233750 0.921875 0.147500 0.156250
0 0.083750 0.918750 0.167500 0.162500
0 0.947500 0.403125 0.105000 0.312500
0 0.793750 0.331250 0.077500 0.343750
