0 0.148750 0.585938 0.137500 0.315625
0 0.701250 0.798438 0.152500 0.196875
0 0.940000 0.700000 0.120000 0.187500
0 0.055000 0.721875 0.110000 0.196875
0 0.273750 0.542188 0.142500 0.403125
0 0.968750 0.854688 0.062500 0.178125
0 0.836250 0.873437 0.192500 0.146875
0 0.836250 1.026563 0.202500 0.100000
0 0.200000 0.196875 0.155000 0.365625
0 0.067500 0.309375 0.135000 0.246875
0 0.957500 0.053125 0.085000 0.084375
0 0.867500 0.612500 0.180000 0.162500
0 0.221250 0.926562 0.147500 0.165625
0 0.073750 0.942187 0.147500 0.150000
0 0.940000 0.265625 0.120000 0.312500
0 0.778750 0.260937 0.112500 0.318750
0 0.545000 0.118750 0.190000 0.187500
0 0.728750 0.664062 0.112500 0.115625
0 0.595000 0.684375 0.125000 0.093750
