0 0.148750 0.585938 0.137500 0.315625
0 0.698750 0.798438 0.157500 0.196875
0 0.933750 0.704688 0.132500 0.187500
0 0.055000 0.721875 0.110000 0.196875
0 0.276250 0.545312 0.147500 0.403125
0 0.968750 0.848437 0.062500 0.178125
0 0.836250 0.870313 0.192500 0.150000
0 0.663750 0.701562 0.197500 0.125000
0 0.836250 1.026563 0.202500 0.100000
0 0.207500 0.218750 0.155000 0.365625
0 0.067500 0.309375 0.135000 0.246875
0 0.957500 0.053125 0.085000 0.084375
0 0.848750 0.635938 0.192500 0.153125
0 0.228750 0.926562 0.147500 0.165625
0 0.077500 0.943750 0.155000 0.153125
0 0.943750 0.282813 0.112500 0.312500
0 0.787500 0.215625 0.085000 0.343750
0 0.527500 0.103125 0.165000 0.159375
