0 0.841250 0.781250 0.317500 0.437500
0 0.327500 0.507812 0.410000 0.521875
0 0.506250 0.331250 0.257500 0.306250
0 0.975000 0.203125 0.050000 0.212500
0 0.883750 0.081250 0.152500 0.162500
0 0.157500 0.167187 0.315000 0.334375
0 0.826250 0.292187 0.247500 0.253125
0 0.876250 0.487500 0.232500 0.131250
0 0.058750 0.571875 0.117500 0.350000
0 0.260000 0.834375 0.240000 0.331250
0 0.735000 0.171875 0.120000 0.318750
0 0.632500 0.154688 0.090000 0.309375
0 0.121250 0.950000 0.237500 0.100000
0 0.632500 0.970313 0.095000 0.059375
0 0.432500 0.153125 0.185000 0.137500
0 0.453750 0.053125 0.157500 0.106250
