0 0.841250 0.781250 0.317500 0.437500
0 0.327500 0.506250 0.410000 0.518750
0 0.506250 0.331250 0.257500 0.306250
0 0.975000 0.203125 0.050000 0.212500
0 0.883750 0.082812 0.152500 0.165625
0 0.157500 0.167187 0.315000 0.334375
0 0.828750 0.290625 0.247500 0.250000
0 0.876250 0.487500 0.232500 0.131250
0 0.058750 0.571875 0.117500 0.350000
0 0.257500 0.835938 0.240000 0.328125
0 0.735000 0.171875 0.120000 0.318750
0 0.633750 0.154688 0.092500 0.309375
0 0.121250 0.951562 0.237500 0.096875
0 0.631250 0.971875 0.092500 0.056250
0 0.433750 0.151562 0.177500 0.134375
0 0.452500 0.053125 0.150000 0.106250
