0 0.841250 0.760938 0.317500 0.437500
0 0.337500 0.506250 0.415000 0.525000
0 0.506250 0.339062 0.257500 0.306250
0 0.976250 0.123438 0.047500 0.215625
0 0.883750 0.095312 0.152500 0.159375
0 0.157500 0.196875 0.315000 0.334375
0 0.825000 0.318750 0.245000 0.253125
0 0.876250 0.567187 0.232500 0.131250
0 0.058750 0.470313 0.117500 0.350000
0 0.258750 0.807813 0.237500 0.340625
0 0.735000 0.087500 0.120000 0.318750
0 0.632500 0.056250 0.090000 0.309375
0 0.125000 1.053125 0.245000 0.100000
0 0.633750 0.995313 0.097500 0.065625
0 0.427500 0.221875 0.225000 0.153125
0 0.456250 0.120313 0.192500 0.106250
