0 0.841250 0.781250 0.317500 0.437500
0 0.341250 0.509375 0.417500 0.525000
0 0.506250 0.331250 0.257500 0.306250
0 0.976250 0.203125 0.047500 0.218750
0 0.883750 0.079687 0.152500 0.159375
0 0.157500 0.165625 0.315000 0.331250
0 0.825000 0.289062 0.245000 0.253125
0 0.876250 0.487500 0.232500 0.131250
0 0.058750 0.571875 0.117500 0.350000
0 0.258750 0.828125 0.237500 0.343750
0 0.735000 0.171875 0.120000 0.318750
0 0.632500 0.154688 0.090000 0.309375
0 0.125000 0.948438 0.245000 0.103125
0 0.635000 0.967187 0.100000 0.065625
0 0.425000 0.157812 0.240000 0.159375
0 0.458750 0.053125 0.207500 0.106250
