0 0.840000 0.781250 0.320000 0.437500
0 0.300000 0.507812 0.395000 0.509375
0 0.506250 0.331250 0.257500 0.306250
0 0.971250 0.201563 0.057500 0.203125
0 0.443750 0.092188 0.127500 0.159375
0 0.881250 0.085938 0.152500 0.171875
0 0.157500 0.170313 0.315000 0.340625
0 0.833750 0.293750 0.252500 0.243750
0 0.876250 0.487500 0.232500 0.131250
0 0.058750 0.573438 0.117500 0.353125
0 0.255000 0.853125 0.245000 0.293750
0 0.735000 0.171875 0.120000 0.318750
0 0.631250 0.154688 0.092500 0.309375
0 0.115000 0.954688 0.225000 0.090625
0 0.626250 0.981250 0.082500 0.037500
