0 0.841250 0.760938 0.317500 0.437500
0 0.272500 0.440625 0.355000 0.400000
0 0.520000 0.334375 0.190000 0.209375
0 0.895000 0.081250 0.130000 0.096875
0 0.157500 0.196875 0.315000 0.265625
0 0.820000 0.309375 0.240000 0.259375
0 0.876250 0.567187 0.232500 0.131250
0 0.058750 0.470313 0.117500 0.350000
0 0.265000 0.721875 0.230000 0.421875
0 0.735000 0.087500 0.120000 0.318750
0 0.633750 0.054688 0.087500 0.309375
0 0.138750 0.976562 0.272500 0.193750
0 0.618750 0.876563 0.177500 0.234375
0 0.393750 0.204687 0.247500 0.143750
0 0.440000 0.134375 0.215000 0.115625
0 0.990000 0.065625 0.020000 0.059375
0 0.962500 0.190625 0.075000 0.200000
