0 0.603750 0.760938 0.697500 0.675000
0 0.812500 0.865625 0.365000 0.362500
0 0.723750 0.223438 0.132500 0.296875
0 0.601250 0.320312 0.152500 0.271875
0 0.946250 0.267188 0.107500 0.268750
0 0.846250 0.023438 0.032500 0.015625
0 0.078750 0.898438 0.082500 0.153125
0 0.248750 0.382812 0.222500 0.103125
0 0.327500 0.250000 0.400000 0.190625
0 0.428750 0.276562 0.117500 0.309375
0 0.371250 0.160938 0.257500 0.081250
0 0.026250 0.557813 0.052500 0.137500
0 0.828750 0.148438 0.212500 0.425000
0 0.087500 0.118750 0.175000 0.218750
