0 0.608750 0.776563 0.767500 0.693750
0 0.803750 0.882812 0.392500 0.362500
0 0.842500 0.153125 0.155000 0.278125
0 0.096250 0.876563 0.047500 0.153125
0 0.067500 0.156250 0.120000 0.165625
0 0.416250 0.270313 0.432500 0.250000
0 0.385000 0.109375 0.170000 0.415625
0 0.295000 0.203125 0.325000 0.103125
0 0.015000 0.512500 0.030000 0.078125
0 0.813750 0.495312 0.327500 0.287500
0 0.131250 0.164062 0.262500 0.396875
0 0.078750 0.454688 0.137500 0.181250
0 0.065000 0.865625 0.130000 0.178125
0 0.731250 0.148438 0.067500 0.090625
0 0.772500 0.175000 0.075000 0.093750
0 0.562500 0.056250 0.090000 0.103125
