0 0.606250 0.657813 0.712500 0.684375
0 0.810000 0.817187 0.375000 0.365625
0 0.732500 0.226562 0.125000 0.171875
0 0.607500 0.273438 0.155000 0.128125
0 0.953750 0.315625 0.092500 0.231250
0 0.085000 0.923438 0.070000 0.153125
0 0.205000 0.260937 0.190000 0.128125
0 0.321250 0.089063 0.442500 0.178125
0 0.413750 0.298438 0.112500 0.303125
0 0.360000 0.040625 0.280000 0.081250
0 0.030000 0.595313 0.060000 0.140625
0 0.826250 0.282813 0.202500 0.403125
0 0.101250 0.118750 0.202500 0.237500
0 0.041250 0.393750 0.082500 0.225000
0 0.026250 0.817187 0.052500 0.065625
