0 0.612500 0.637500 0.775000 0.718750
0 0.803750 0.817187 0.392500 0.365625
0 0.830000 0.182812 0.155000 0.253125
0 0.096250 0.923438 0.047500 0.153125
0 0.085000 0.171875 0.120000 0.175000
0 0.395000 0.115625 0.440000 0.231250
0 0.383750 0.185938 0.142500 0.365625
0 0.311250 0.045312 0.332500 0.090625
0 0.012500 0.545312 0.025000 0.078125
0 0.818750 0.417187 0.272500 0.315625
0 0.131250 0.181250 0.262500 0.362500
0 0.068750 0.443750 0.127500 0.200000
0 0.051250 0.862500 0.102500 0.156250
0 0.696250 0.156250 0.067500 0.093750
0 0.752500 0.146875 0.075000 0.100000
0 0.556250 0.045312 0.077500 0.090625
