0 0.608750 0.646875 0.767500 0.693750
0 0.803750 0.818750 0.392500 0.362500
0 0.842500 0.195312 0.155000 0.278125
0 0.096250 0.923438 0.047500 0.153125
0 0.067500 0.160938 0.120000 0.165625
0 0.418750 0.125000 0.432500 0.250000
0 0.386250 0.210938 0.172500 0.415625
0 0.295000 0.051562 0.325000 0.103125
0 0.015000 0.532813 0.030000 0.078125
0 0.812500 0.435937 0.330000 0.284375
0 0.131250 0.200000 0.262500 0.400000
0 0.078750 0.462500 0.137500 0.181250
0 0.066250 0.873437 0.132500 0.178125
0 0.737500 0.151562 0.070000 0.090625
0 0.775000 0.178125 0.075000 0.093750
0 0.562500 0.053125 0.090000 0.106250
