0 0.610000 0.640625 0.770000 0.706250
0 0.803750 0.818750 0.392500 0.362500
0 0.835000 0.189062 0.155000 0.265625
0 0.096250 0.923438 0.047500 0.153125
0 0.077500 0.168750 0.120000 0.168750
0 0.405000 0.120313 0.435000 0.240625
0 0.386250 0.200000 0.157500 0.393750
0 0.305000 0.048438 0.330000 0.096875
0 0.011250 0.539062 0.022500 0.071875
0 0.816250 0.425000 0.297500 0.300000
0 0.131250 0.189062 0.262500 0.378125
0 0.073750 0.451562 0.132500 0.190625
0 0.056250 0.867188 0.112500 0.165625
0 0.702500 0.153125 0.065000 0.093750
0 0.762500 0.153125 0.075000 0.093750
0 0.558750 0.048438 0.082500 0.096875
