0 0.606250 0.656250 0.717500 0.687500
0 0.808750 0.817187 0.377500 0.365625
0 0.733750 0.206250 0.122500 0.131250
0 0.607500 0.223438 0.155000 0.128125
0 0.956250 0.310937 0.087500 0.221875
0 0.086250 0.923438 0.067500 0.153125
0 0.190000 0.253125 0.180000 0.137500
0 0.323750 0.087500 0.452500 0.175000
0 0.410000 0.282813 0.110000 0.303125
0 0.356250 0.039062 0.287500 0.078125
0 0.031250 0.596875 0.062500 0.143750
0 0.827500 0.301563 0.200000 0.396875
0 0.105000 0.123438 0.210000 0.246875
0 0.043750 0.396875 0.087500 0.225000
0 0.027500 0.820312 0.055000 0.071875
