0 0.608750 0.776563 0.767500 0.696875
0 0.803750 0.882812 0.392500 0.362500
0 0.842500 0.153125 0.155000 0.275000
0 0.096250 0.876563 0.047500 0.153125
0 0.070000 0.156250 0.120000 0.165625
0 0.416250 0.270313 0.432500 0.246875
0 0.387500 0.109375 0.170000 0.415625
0 0.295000 0.203125 0.325000 0.103125
0 0.015000 0.515625 0.030000 0.078125
0 0.813750 0.492188 0.322500 0.287500
0 0.131250 0.164062 0.262500 0.393750
0 0.077500 0.453125 0.135000 0.181250
0 0.063750 0.864062 0.127500 0.175000
0 0.728750 0.148438 0.067500 0.090625
0 0.772500 0.171875 0.075000 0.093750
0 0.561250 0.054688 0.087500 0.103125
