0 0.607500 0.781250 0.765000 0.687500
0 0.803750 0.885938 0.392500 0.359375
0 0.845000 0.150000 0.155000 0.284375
0 0.096250 0.876563 0.047500 0.153125
0 0.062500 0.153125 0.120000 0.162500
0 0.422500 0.268750 0.430000 0.253125
0 0.385000 0.112500 0.175000 0.421875
0 0.283750 0.195312 0.312500 0.106250
0 0.017500 0.512500 0.035000 0.081250
0 0.811250 0.514062 0.342500 0.278125
0 0.131250 0.164062 0.262500 0.406250
0 0.080000 0.465625 0.140000 0.175000
0 0.070000 0.871875 0.140000 0.181250
0 0.756250 0.151562 0.072500 0.090625
0 0.777500 0.190625 0.075000 0.093750
0 0.563750 0.057813 0.092500 0.109375
