0 0.607500 0.784375 0.765000 0.681250
0 0.803750 0.885938 0.392500 0.359375
0 0.847500 0.150000 0.155000 0.287500
0 0.096250 0.876563 0.047500 0.153125
0 0.060000 0.153125 0.120000 0.159375
0 0.426250 0.267188 0.427500 0.256250
0 0.386250 0.114062 0.177500 0.425000
0 0.256250 0.173437 0.277500 0.100000
0 0.018750 0.514062 0.037500 0.084375
0 0.807500 0.525000 0.350000 0.275000
0 0.131250 0.164062 0.262500 0.412500
0 0.080000 0.468750 0.140000 0.171875
0 0.073750 0.876563 0.147500 0.184375
0 0.768750 0.154688 0.072500 0.090625
0 0.780000 0.200000 0.075000 0.093750
0 0.565000 0.059375 0.095000 0.112500
