0 0.607500 0.646875 0.765000 0.681250
0 0.803750 0.820312 0.392500 0.359375
0 0.850000 0.196875 0.155000 0.287500
0 0.096250 0.923438 0.047500 0.153125
0 0.060000 0.157812 0.120000 0.159375
0 0.428750 0.128125 0.427500 0.256250
0 0.383750 0.215625 0.177500 0.425000
0 0.246250 0.050000 0.267500 0.100000
0 0.018750 0.529687 0.037500 0.084375
0 0.802500 0.446875 0.350000 0.275000
0 0.131250 0.207813 0.262500 0.415625
0 0.082500 0.470313 0.140000 0.171875
0 0.075000 0.878125 0.150000 0.187500
0 0.775000 0.154688 0.075000 0.090625
0 0.782500 0.203125 0.075000 0.093750
0 0.565000 0.056250 0.095000 0.112500
