0 0.611250 0.640625 0.767500 0.718750
0 0.803750 0.815625 0.392500 0.368750
0 0.822500 0.181250 0.155000 0.243750
0 0.096250 0.923438 0.047500 0.153125
0 0.095000 0.181250 0.120000 0.181250
0 0.382500 0.110937 0.445000 0.221875
0 0.378750 0.168750 0.117500 0.325000
0 0.321250 0.042188 0.337500 0.084375
0 0.017500 0.560937 0.035000 0.096875
0 0.823750 0.406250 0.237500 0.331250
0 0.131250 0.170313 0.262500 0.340625
0 0.063750 0.434375 0.122500 0.212500
0 0.046250 0.853125 0.092500 0.137500
0 0.690000 0.164062 0.070000 0.096875
0 0.740000 0.139063 0.075000 0.109375
