0 0.587500 0.859375 0.730000 0.550000
0 0.712500 0.878125 0.195000 0.143750
0 0.873750 0.317188 0.252500 0.296875
0 0.697500 0.396875 0.225000 0.203125
0 0.378750 0.135937 0.217500 0.525000
0 0.021250 0.498437 0.042500 0.112500
0 0.518750 0.720313 0.462500 0.284375
0 0.122500 0.493750 0.245000 0.246875
0 0.121250 0.895312 0.242500 0.256250
0 0.832500 0.181250 0.110000 0.190625
0 0.698750 0.410938 0.147500 0.178125
0 0.590000 0.090625 0.145000 0.212500
0 0.155000 0.125000 0.145000 0.196875
0 0.136250 0.232813 0.077500 0.100000
0 0.082500 0.171875 0.075000 0.096875
