0 0.600000 0.809375 0.755000 0.640625
0 0.795000 0.890625 0.370000 0.325000
0 0.861250 0.210938 0.202500 0.331250
0 0.037500 0.125000 0.075000 0.103125
0 0.492500 0.234375 0.315000 0.237500
0 0.378750 0.126562 0.197500 0.456250
0 0.028750 0.507812 0.057500 0.096875
0 0.690000 0.578125 0.350000 0.253125
0 0.140000 0.228125 0.280000 0.281250
0 0.086250 0.467187 0.157500 0.184375
0 0.102500 0.912500 0.205000 0.215625
0 0.803750 0.217188 0.077500 0.106250
0 0.762500 0.193750 0.070000 0.193750
0 0.575000 0.071875 0.115000 0.134375
