0 0.590000 0.853125 0.735000 0.562500
0 0.725000 0.875000 0.210000 0.143750
0 0.873750 0.304688 0.252500 0.315625
0 0.698750 0.370312 0.227500 0.209375
0 0.371250 0.145313 0.232500 0.515625
0 0.020000 0.496875 0.040000 0.106250
0 0.536250 0.698438 0.437500 0.275000
0 0.030000 0.159375 0.060000 0.131250
0 0.112500 0.475000 0.225000 0.240625
0 0.120000 0.896875 0.240000 0.253125
0 0.827500 0.225000 0.105000 0.153125
0 0.711250 0.382812 0.127500 0.165625
0 0.588750 0.089063 0.142500 0.196875
0 0.130000 0.159375 0.170000 0.178125
