0 0.606250 0.650000 0.762500 0.668750
0 0.803750 0.821875 0.392500 0.356250
0 0.852500 0.214062 0.170000 0.303125
0 0.053750 0.150000 0.107500 0.143750
0 0.437500 0.132812 0.425000 0.265625
0 0.381250 0.220312 0.182500 0.434375
0 0.172500 0.045312 0.175000 0.090625
0 0.022500 0.525000 0.045000 0.087500
0 0.770000 0.456250 0.350000 0.268750
0 0.132500 0.206250 0.265000 0.387500
0 0.085000 0.478125 0.145000 0.162500
0 0.083750 0.881250 0.167500 0.193750
0 0.798750 0.164062 0.077500 0.090625
0 0.782500 0.221875 0.075000 0.106250
0 0.568750 0.059375 0.102500 0.118750
