0 0.600000 0.657813 0.755000 0.640625
0 0.793750 0.820312 0.367500 0.321875
0 0.862500 0.250000 0.205000 0.331250
0 0.036250 0.129688 0.072500 0.103125
0 0.493750 0.157812 0.307500 0.234375
0 0.378750 0.231250 0.197500 0.456250
0 0.028750 0.520312 0.057500 0.096875
0 0.687500 0.489063 0.350000 0.253125
0 0.140000 0.192188 0.280000 0.278125
0 0.086250 0.457813 0.157500 0.184375
0 0.102500 0.892188 0.205000 0.215625
0 0.806250 0.221875 0.077500 0.106250
0 0.762500 0.248438 0.070000 0.196875
0 0.576250 0.068750 0.117500 0.137500
