0 0.603750 0.703125 0.717500 0.487500
0 0.878750 0.312500 0.242500 0.256250
0 0.693750 0.465625 0.217500 0.168750
0 0.416250 0.284375 0.157500 0.568750
0 0.028750 0.535937 0.057500 0.121875
0 0.410000 0.634375 0.340000 0.225000
0 0.166250 0.506250 0.247500 0.250000
0 0.130000 0.867188 0.260000 0.265625
0 0.838750 0.128125 0.127500 0.256250
0 0.600000 0.520312 0.190000 0.184375
0 0.592500 0.139063 0.150000 0.278125
0 0.228750 0.075000 0.162500 0.150000
0 0.175000 0.182812 0.085000 0.159375
0 0.107500 0.126562 0.135000 0.096875
0 0.723750 0.815625 0.107500 0.106250
0 0.625000 0.804688 0.105000 0.109375
