0 0.620000 0.723437 0.710000 0.446875
0 0.892500 0.304688 0.215000 0.353125
0 0.691250 0.528125 0.212500 0.150000
0 0.437500 0.298438 0.120000 0.596875
0 0.036250 0.532813 0.072500 0.103125
0 0.335000 0.675000 0.215000 0.168750
0 0.190000 0.535937 0.225000 0.246875
0 0.135000 0.864062 0.270000 0.271875
0 0.830000 0.110937 0.140000 0.221875
0 0.515000 0.595313 0.190000 0.146875
0 0.598750 0.154688 0.157500 0.309375
0 0.272500 0.059375 0.170000 0.118750
0 0.197500 0.151562 0.095000 0.209375
0 0.083750 0.117188 0.167500 0.121875
0 0.681250 0.809375 0.107500 0.106250
0 0.586250 0.798438 0.097500 0.109375
0 0.183750 0.090625 0.057500 0.181250
