0 0.606250 0.914062 0.717500 0.481250
0 0.880000 0.328125 0.240000 0.268750
0 0.692500 0.525000 0.215000 0.165625
0 0.418750 0.095312 0.152500 0.575000
0 0.030000 0.512500 0.060000 0.118750
0 0.398750 0.732812 0.322500 0.218750
0 0.167500 0.537500 0.245000 0.250000
0 0.131250 0.898438 0.262500 0.265625
0 0.837500 0.081250 0.130000 0.253125
0 0.590000 0.556250 0.190000 0.178125
0 0.592500 0.093750 0.150000 0.284375
0 0.232500 0.106250 0.170000 0.140625
0 0.177500 0.150000 0.085000 0.168750
0 0.102500 0.165625 0.140000 0.100000
0 0.718750 0.829688 0.107500 0.106250
0 0.620000 0.815625 0.105000 0.109375
