0 0.630000 0.735938 0.705000 0.421875
0 0.900000 0.304688 0.200000 0.403125
0 0.687500 0.545312 0.235000 0.165625
0 0.425000 0.307812 0.150000 0.615625
0 0.035000 0.532813 0.070000 0.103125
0 0.307500 0.695312 0.190000 0.159375
0 0.188750 0.529687 0.257500 0.259375
0 0.138750 0.862500 0.277500 0.275000
0 0.827500 0.100000 0.150000 0.200000
0 0.470000 0.631250 0.165000 0.143750
0 0.607500 0.157812 0.170000 0.315625
0 0.306250 0.062500 0.147500 0.125000
0 0.216250 0.098437 0.102500 0.153125
0 0.083750 0.101562 0.167500 0.153125
0 0.651250 0.803125 0.107500 0.106250
0 0.562500 0.795312 0.095000 0.109375
0 0.185000 0.148438 0.060000 0.271875
