0 0.608750 0.917188 0.717500 0.478125
0 0.882500 0.318750 0.235000 0.278125
0 0.692500 0.534375 0.215000 0.165625
0 0.421250 0.092188 0.147500 0.578125
0 0.030000 0.512500 0.060000 0.115625
0 0.391250 0.732812 0.307500 0.209375
0 0.171250 0.539062 0.242500 0.250000
0 0.131250 0.898438 0.262500 0.265625
0 0.836250 0.082812 0.132500 0.246875
0 0.580000 0.568750 0.190000 0.175000
0 0.592500 0.093750 0.150000 0.287500
0 0.236250 0.110937 0.177500 0.131250
0 0.181250 0.145313 0.087500 0.181250
0 0.100000 0.165625 0.145000 0.103125
0 0.713750 0.826562 0.107500 0.106250
0 0.616250 0.810937 0.102500 0.109375
