0 0.610000 0.710938 0.715000 0.471875
0 0.883750 0.307812 0.232500 0.290625
0 0.692500 0.490625 0.215000 0.162500
0 0.423750 0.290625 0.142500 0.581250
0 0.031250 0.531250 0.062500 0.112500
0 0.381250 0.648438 0.292500 0.203125
0 0.173750 0.518750 0.237500 0.250000
0 0.132500 0.865625 0.265000 0.268750
0 0.836250 0.121875 0.132500 0.243750
0 0.570000 0.546875 0.190000 0.168750
0 0.592500 0.146875 0.150000 0.293750
0 0.241250 0.059375 0.187500 0.118750
0 0.183750 0.176563 0.087500 0.190625
0 0.097500 0.123438 0.150000 0.103125
0 0.708750 0.812500 0.107500 0.106250
0 0.611250 0.801562 0.102500 0.109375
0 0.183750 0.034375 0.057500 0.068750
