0 0.631250 0.948438 0.737500 0.500000
0 0.940000 0.303125 0.120000 0.225000
0 0.586250 0.854688 0.407500 0.156250
0 0.425000 0.412500 0.125000 0.365625
0 0.015000 0.500000 0.030000 0.100000
0 0.175000 0.862500 0.165000 0.209375
0 0.252500 0.593750 0.320000 0.306250
0 0.121250 0.810937 0.242500 0.115625
0 0.305000 0.725000 0.135000 0.256250
0 0.673750 0.157812 0.252500 0.381250
0 0.380000 0.096875 0.155000 0.296875
0 0.290000 0.125000 0.200000 0.300000
0 0.613750 0.798438 0.107500 0.106250
0 0.538750 0.823438 0.087500 0.112500
0 0.111250 0.264062 0.147500 0.253125
0 0.087500 0.850000 0.175000 0.128125
0 0.948750 0.157812 0.102500 0.153125
