0 0.631250 0.945312 0.737500 0.503125
0 0.942500 0.300000 0.115000 0.218750
0 0.585000 0.859375 0.410000 0.159375
0 0.425000 0.446875 0.125000 0.331250
0 0.015000 0.500000 0.030000 0.100000
0 0.173750 0.867188 0.167500 0.209375
0 0.252500 0.593750 0.320000 0.306250
0 0.122500 0.812500 0.245000 0.115625
0 0.305000 0.728125 0.135000 0.256250
0 0.673750 0.157812 0.252500 0.384375
0 0.381250 0.095312 0.152500 0.300000
0 0.288750 0.126562 0.202500 0.306250
0 0.613750 0.798438 0.107500 0.106250
0 0.538750 0.826562 0.087500 0.115625
0 0.107500 0.262500 0.145000 0.259375
0 0.087500 0.846875 0.175000 0.125000
0 0.947500 0.159375 0.105000 0.156250
