0 0.642500 0.751563 0.715000 0.428125
0 0.917500 0.376563 0.165000 0.334375
0 0.630000 0.629687 0.355000 0.146875
0 0.418750 0.340625 0.127500 0.681250
0 0.016250 0.545312 0.032500 0.128125
0 0.220000 0.806250 0.160000 0.187500
0 0.217500 0.535937 0.320000 0.296875
0 0.098750 0.739062 0.197500 0.121875
0 0.345000 0.729688 0.125000 0.209375
0 0.650000 0.171875 0.225000 0.343750
0 0.370000 0.104688 0.145000 0.209375
0 0.283750 0.135937 0.197500 0.271875
0 0.083750 0.090625 0.167500 0.181250
0 0.628750 0.778125 0.107500 0.106250
0 0.540000 0.807813 0.100000 0.103125
0 0.153750 0.278125 0.157500 0.181250
0 0.093750 0.895312 0.187500 0.209375
0 0.973750 0.129688 0.052500 0.103125
