0 0.631250 0.948438 0.737500 0.500000
0 0.941250 0.301563 0.117500 0.221875
0 0.587500 0.859375 0.410000 0.159375
0 0.425000 0.428125 0.125000 0.350000
0 0.015000 0.500000 0.030000 0.100000
0 0.173750 0.864062 0.167500 0.209375
0 0.252500 0.593750 0.320000 0.306250
0 0.122500 0.812500 0.245000 0.115625
0 0.305000 0.725000 0.135000 0.256250
0 0.673750 0.157812 0.252500 0.381250
0 0.382500 0.096875 0.155000 0.296875
0 0.291250 0.126562 0.202500 0.303125
0 0.613750 0.798438 0.107500 0.106250
0 0.538750 0.826562 0.087500 0.115625
0 0.108750 0.264062 0.147500 0.256250
0 0.087500 0.850000 0.175000 0.125000
0 0.948750 0.157812 0.102500 0.156250
