0 0.640000 0.746875 0.720000 0.443750
0 0.923750 0.370312 0.152500 0.315625
0 0.621250 0.640625 0.372500 0.137500
0 0.417500 0.346875 0.120000 0.693750
0 0.015000 0.543750 0.030000 0.125000
0 0.210000 0.821875 0.160000 0.193750
0 0.225000 0.537500 0.320000 0.300000
0 0.101250 0.732812 0.202500 0.115625
0 0.333750 0.739062 0.127500 0.221875
0 0.655000 0.175000 0.230000 0.350000
0 0.372500 0.115625 0.150000 0.231250
0 0.283750 0.135937 0.192500 0.271875
0 0.083750 0.090625 0.167500 0.181250
0 0.626250 0.781250 0.107500 0.106250
0 0.538750 0.812500 0.097500 0.106250
0 0.142500 0.287500 0.165000 0.187500
0 0.092500 0.873437 0.185000 0.190625
0 0.967500 0.139063 0.065000 0.115625
