0 0.655000 0.760938 0.690000 0.478125
0 0.938750 0.368750 0.122500 0.256250
0 0.493750 0.768750 0.337500 0.206250
0 0.442500 0.551562 0.150000 0.296875
0 0.016250 0.509375 0.032500 0.093750
0 0.121250 0.895312 0.237500 0.209375
0 0.278750 0.548438 0.272500 0.340625
0 0.127500 0.728125 0.255000 0.137500
0 0.285000 0.796875 0.135000 0.256250
0 0.703750 0.220312 0.292500 0.440625
0 0.391250 0.165625 0.102500 0.331250
0 0.300000 0.207813 0.250000 0.415625
0 0.603750 0.807813 0.127500 0.090625
0 0.573750 0.887500 0.127500 0.106250
0 0.100000 0.329688 0.140000 0.284375
0 0.087500 0.807813 0.175000 0.115625
0 0.907500 0.181250 0.185000 0.206250
