0 0.683750 0.792188 0.632500 0.415625
0 0.930000 0.410938 0.140000 0.315625
0 0.403750 0.840625 0.192500 0.212500
0 0.516250 0.356250 0.257500 0.312500
0 0.020000 0.498437 0.040000 0.103125
0 0.118750 0.921875 0.237500 0.156250
0 0.285000 0.542188 0.210000 0.378125
0 0.117500 0.746875 0.235000 0.156250
0 0.270000 0.812500 0.135000 0.256250
0 0.721250 0.265625 0.232500 0.425000
0 0.398750 0.165625 0.087500 0.331250
0 0.310000 0.221875 0.245000 0.443750
0 0.661250 0.815625 0.212500 0.137500
0 0.592500 0.920312 0.150000 0.115625
0 0.123750 0.356250 0.147500 0.250000
0 0.087500 0.820312 0.175000 0.115625
0 0.875000 0.173437 0.240000 0.234375
0 0.031250 0.228125 0.062500 0.318750
