0 0.700000 0.804688 0.600000 0.378125
0 0.923750 0.448437 0.152500 0.340625
0 0.382500 0.867188 0.195000 0.228125
0 0.576250 0.254688 0.237500 0.296875
0 0.021250 0.489063 0.042500 0.109375
0 0.112500 0.940625 0.225000 0.118750
0 0.300000 0.481250 0.220000 0.243750
0 0.110000 0.739062 0.220000 0.153125
0 0.281250 0.789062 0.162500 0.271875
0 0.730000 0.296875 0.190000 0.412500
0 0.403750 0.165625 0.077500 0.331250
0 0.316250 0.232813 0.242500 0.465625
0 0.711250 0.815625 0.267500 0.175000
0 0.608750 0.935937 0.172500 0.128125
0 0.131250 0.370312 0.152500 0.234375
0 0.087500 0.832812 0.175000 0.115625
0 0.845000 0.168750 0.220000 0.287500
0 0.036250 0.228125 0.072500 0.318750
