0 0.645000 0.946875 0.710000 0.496875
0 0.941250 0.310937 0.117500 0.234375
0 0.523750 0.882812 0.387500 0.203125
0 0.438750 0.498437 0.142500 0.290625
0 0.016250 0.492188 0.032500 0.090625
0 0.135000 0.918750 0.220000 0.209375
0 0.277500 0.571875 0.295000 0.325000
0 0.131250 0.820312 0.262500 0.128125
0 0.290000 0.746875 0.135000 0.256250
0 0.696250 0.176563 0.282500 0.425000
0 0.388750 0.067187 0.107500 0.331250
0 0.296250 0.157812 0.252500 0.406250
0 0.606250 0.829688 0.122500 0.093750
0 0.563750 0.892188 0.117500 0.109375
0 0.090000 0.256250 0.135000 0.296875
0 0.087500 0.856250 0.175000 0.115625
0 0.917500 0.190625 0.165000 0.196875
