0 0.700000 0.984375 0.600000 0.281250
0 0.917500 0.337500 0.165000 0.406250
0 0.317500 0.865625 0.155000 0.231250
0 0.685000 0.071875 0.115000 0.246875
0 0.030000 0.528125 0.060000 0.128125
0 0.063750 1.057813 0.127500 0.021875
0 0.040000 0.646875 0.080000 0.171875
0 0.321250 0.676562 0.237500 0.290625
0 0.703750 0.335938 0.222500 0.446875
0 0.412500 0.021875 0.035000 0.331250
0 0.336250 0.132812 0.212500 0.496875
0 0.853750 0.820312 0.292500 0.271875
0 0.681250 0.935937 0.192500 0.184375
0 0.153750 0.426563 0.232500 0.271875
0 0.123750 0.898438 0.247500 0.253125
0 0.823750 0.154688 0.247500 0.315625
0 0.056250 0.135937 0.112500 0.337500
0 0.932500 0.093750 0.135000 0.125000
0 0.222500 0.425000 0.085000 0.121875
0 0.158750 0.367188 0.087500 0.125000
