0 0.700000 0.784375 0.600000 0.337500
0 0.915000 0.476562 0.170000 0.390625
0 0.358750 0.881250 0.207500 0.237500
0 0.675000 0.134375 0.125000 0.250000
0 0.027500 0.523438 0.055000 0.103125
0 0.082500 0.971875 0.165000 0.056250
0 0.177500 0.396875 0.110000 0.156250
0 0.098750 0.725000 0.197500 0.150000
0 0.300000 0.746875 0.210000 0.300000
0 0.727500 0.351562 0.175000 0.421875
0 0.407500 0.165625 0.055000 0.331250
0 0.325000 0.248438 0.235000 0.496875
0 0.803750 0.789062 0.282500 0.215625
0 0.663750 0.917188 0.257500 0.165625
0 0.098750 0.385937 0.152500 0.234375
0 0.096250 0.853125 0.192500 0.156250
0 0.820000 0.164062 0.215000 0.328125
0 0.045000 0.229687 0.090000 0.321875
