0 0.700000 0.990625 0.600000 0.325000
0 0.912500 0.381250 0.175000 0.406250
0 0.352500 0.893750 0.205000 0.234375
0 0.685000 0.071875 0.115000 0.246875
0 0.028750 0.523438 0.057500 0.096875
0 0.073750 1.051562 0.147500 0.040625
0 0.176250 0.373437 0.102500 0.134375
0 0.088750 0.751563 0.177500 0.153125
0 0.303750 0.720313 0.222500 0.306250
0 0.720000 0.265625 0.180000 0.428125
0 0.407500 0.031250 0.050000 0.331250
0 0.327500 0.143750 0.230000 0.496875
0 0.831250 0.848437 0.287500 0.225000
0 0.680000 1.000000 0.280000 0.175000
0 0.088750 0.367188 0.152500 0.234375
0 0.102500 0.893750 0.205000 0.181250
0 0.821250 0.139063 0.222500 0.325000
0 0.047500 0.128125 0.095000 0.325000
0 0.965000 0.046875 0.070000 0.065625
