0 0.700000 0.990625 0.600000 0.340625
0 0.915000 0.390625 0.170000 0.384375
0 0.361250 0.892188 0.207500 0.237500
0 0.666250 0.104688 0.137500 0.256250
0 0.026250 0.501563 0.052500 0.103125
0 0.085000 1.043750 0.170000 0.062500
0 0.217500 0.425000 0.160000 0.206250
0 0.100000 0.775000 0.200000 0.150000
0 0.297500 0.731250 0.205000 0.296875
0 0.728750 0.242188 0.172500 0.418750
0 0.406250 0.035937 0.057500 0.331250
0 0.322500 0.146875 0.235000 0.493750
0 0.796250 0.864062 0.282500 0.209375
0 0.658750 0.992188 0.247500 0.162500
0 0.101250 0.360938 0.152500 0.234375
0 0.095000 0.893750 0.190000 0.146875
0 0.818750 0.132812 0.212500 0.328125
0 0.043750 0.123438 0.087500 0.318750
