0 0.700000 0.779687 0.600000 0.328125
0 0.912500 0.475000 0.175000 0.400000
0 0.352500 0.882812 0.205000 0.234375
0 0.685000 0.123438 0.115000 0.246875
0 0.028750 0.534375 0.057500 0.100000
0 0.076250 0.976562 0.152500 0.046875
0 0.172500 0.381250 0.100000 0.137500
0 0.093750 0.718750 0.187500 0.150000
0 0.301250 0.740625 0.217500 0.306250
0 0.721250 0.359375 0.177500 0.425000
0 0.407500 0.165625 0.050000 0.331250
0 0.326250 0.248438 0.232500 0.496875
0 0.820000 0.785937 0.285000 0.221875
0 0.673750 0.914062 0.272500 0.171875
0 0.091250 0.389062 0.152500 0.234375
0 0.101250 0.854688 0.202500 0.171875
0 0.820000 0.162500 0.220000 0.325000
0 0.046250 0.229687 0.092500 0.321875
0 0.968750 0.029687 0.062500 0.059375
