0 0.913750 0.421875 0.172500 0.337500
0 0.273750 0.948438 0.052500 0.103125
0 0.016250 0.496875 0.032500 0.087500
0 0.073750 0.701562 0.147500 0.109375
0 0.413750 0.637500 0.167500 0.250000
0 0.696250 0.487500 0.267500 0.425000
0 0.422500 0.165625 0.020000 0.331250
0 0.345000 0.248438 0.195000 0.496875
0 0.851250 0.796875 0.297500 0.281250
0 0.706250 0.854688 0.117500 0.290625
0 0.303750 0.610938 0.107500 0.290625
0 0.142500 0.842187 0.285000 0.240625
0 0.872500 0.196875 0.250000 0.393750
0 0.115000 0.142187 0.230000 0.265625
0 0.900000 0.118750 0.200000 0.231250
0 0.211250 0.446875 0.152500 0.225000
0 0.068750 0.273438 0.137500 0.228125
0 0.372500 0.121875 0.200000 0.243750
0 0.947500 0.232813 0.105000 0.146875
0 0.802500 0.589063 0.395000 0.328125
0 0.518750 0.760938 0.302500 0.209375
