0 0.790000 0.164062 0.130000 0.140625
0 0.548750 0.495312 0.067500 0.059375
0 0.391250 0.103125 0.042500 0.050000
0 0.588750 0.207813 0.097500 0.115625
0 0.083750 0.954688 0.067500 0.084375
0 0.421250 0.025000 0.052500 0.050000
0 0.920000 0.595313 0.125000 0.071875
0 0.870000 0.123438 0.055000 0.071875
0 0.331250 0.848437 0.047500 0.078125
0 0.698750 0.376563 0.052500 0.046875
0 0.835000 0.146875 0.055000 0.081250
0 0.486250 0.706250 0.032500 0.112500
0 0.948750 0.768750 0.072500 0.125000
0 0.481250 0.190625 0.052500 0.068750
0 0.767500 0.095312 0.075000 0.071875
0 0.387500 0.804688 0.060000 0.053125
0 0.116250 0.829688 0.042500 0.053125
0 0.470000 0.917188 0.055000 0.165625
0 0.605000 0.007812 0.030000 0.015625
0 0.082500 0.779687 0.050000 0.059375
0 0.071250 0.193750 0.067500 0.100000
0 0.773750 0.385937 0.032500 0.065625
0 0.158750 0.710938 0.092500 0.059375
0 0.061250 0.490625 0.072500 0.268750
0 0.197500 0.029687 0.085000 0.059375
0 0.578750 0.737500 0.077500 0.093750
0 0.897500 0.439063 0.100000 0.215625
0 0.910000 0.932813 0.070000 0.059375
0 0.436250 0.260937 0.042500 0.065625
0 0.561250 0.671875 0.047500 0.050000
0 0.771250 0.781250 0.037500 0.062500
0 0.782500 0.264062 0.085000 0.053125
0 0.492500 0.112500 0.045000 0.050000
0 0.612500 0.635938 0.045000 0.109375
0 0.903750 0.660937 0.092500 0.078125
0 0.228750 0.678125 0.047500 0.068750
0 0.556250 0.970313 0.047500 0.059375
0 0.105000 0.012500 0.040000 0.025000
0 0.813750 0.757812 0.037500 0.103125
0 0.681250 0.067187 0.042500 0.046875
0 0.323750 0.035937 0.067500 0.059375
0 0.815000 0.053125 0.120000 0.068750
0 0.505000 0.953125 0.040000 0.093750
0 0.350000 0.496875 0.075000 0.081250
0 0.871250 0.978125 0.057500 0.043750
0 0.553750 0.314063 0.037500 0.059375
0 0.278750 0.854688 0.042500 0.053125
0 0.223750 0.950000 0.082500 0.075000
0 0.406250 0.976562 0.057500 0.046875
0 0.387500 0.890625 0.065000 0.056250
0 0.502500 0.607812 0.085000 0.109375
0 0.673750 0.160938 0.037500 0.090625
0 0.022500 0.173437 0.040000 0.078125
0 0.128750 0.750000 0.042500 0.081250
0 0.476250 0.043750 0.037500 0.050000
0 0.886250 0.265625 0.057500 0.106250
0 0.160000 0.060937 0.080000 0.059375
0 0.712500 0.198437 0.045000 0.084375
0 0.253750 0.393750 0.102500 0.050000
0 0.238750 0.139063 0.067500 0.090625
0 0.772500 0.314063 0.070000 0.046875
0 0.292500 0.100000 0.055000 0.075000
0 0.846250 0.754687 0.057500 0.140625
0 0.272500 0.343750 0.110000 0.050000
0 0.341250 0.398438 0.302500 0.178125
0 0.743750 0.507812 0.087500 0.078125
0 0.367500 0.273438 0.055000 0.053125
0 0.316250 0.170313 0.067500 0.059375
0 0.425000 0.731250 0.040000 0.118750
0 0.781250 0.976562 0.057500 0.046875
0 0.165000 0.343750 0.070000 0.131250
0 0.952500 0.107813 0.095000 0.090625
0 0.586250 0.443750 0.057500 0.056250
0 0.657500 0.779687 0.070000 0.096875
0 0.357500 0.773438 0.045000 0.053125
0 0.306250 0.256250 0.062500 0.056250
0 0.522500 0.025000 0.040000 0.050000
0 0.163750 0.182812 0.077500 0.128125
0 0.743750 0.764062 0.037500 0.040625
0 0.726250 0.651563 0.102500 0.128125
0 0.733750 0.445312 0.042500 0.040625
0 0.162500 0.776563 0.040000 0.078125
0 0.336250 0.734375 0.137500 0.156250
0 0.163750 0.582812 0.077500 0.071875
0 0.982500 0.640625 0.035000 0.062500
0 0.841250 0.015625 0.062500 0.031250
0 0.032500 0.903125 0.050000 0.062500
0 0.816250 0.450000 0.047500 0.181250
0 0.637500 0.529687 0.065000 0.053125
0 0.621250 0.842187 0.047500 0.053125
0 0.683750 0.912500 0.157500 0.081250
0 0.551250 0.789062 0.057500 0.071875
0 0.347500 0.221875 0.055000 0.068750
0 0.701250 0.128125 0.042500 0.056250
0 0.980000 0.412500 0.040000 0.087500
0 0.971250 0.284375 0.057500 0.162500
0 0.841250 0.328125 0.037500 0.050000
0 0.020000 0.348438 0.030000 0.059375
0 0.048750 0.064062 0.057500 0.096875
0 0.845000 0.468750 0.050000 0.187500
0 0.396250 0.265625 0.052500 0.093750
0 0.557500 0.893750 0.055000 0.062500
0 0.983750 0.025000 0.032500 0.050000
0 0.220000 0.978125 0.075000 0.043750
0 0.993750 0.537500 0.012500 0.056250
