0 0.790000 0.175000 0.125000 0.137500
0 0.546250 0.507812 0.067500 0.059375
0 0.393750 0.104688 0.042500 0.050000
0 0.588750 0.207813 0.097500 0.118750
0 0.083750 0.954688 0.067500 0.084375
0 0.421250 0.032813 0.052500 0.043750
0 0.920000 0.634375 0.120000 0.065625
0 0.870000 0.121875 0.055000 0.075000
0 0.333750 0.845313 0.047500 0.075000
0 0.696250 0.385937 0.052500 0.050000
0 0.837500 0.140625 0.055000 0.081250
0 0.486250 0.673438 0.032500 0.109375
0 0.948750 0.748437 0.072500 0.125000
0 0.481250 0.185938 0.052500 0.065625
0 0.768750 0.110937 0.077500 0.068750
0 0.387500 0.815625 0.060000 0.053125
0 0.113750 0.829688 0.042500 0.050000
0 0.471250 0.870313 0.057500 0.165625
0 0.605000 0.018750 0.030000 0.015625
0 0.078750 0.782813 0.052500 0.062500
0 0.071250 0.189062 0.067500 0.100000
0 0.776250 0.367188 0.032500 0.062500
0 0.160000 0.740625 0.090000 0.059375
0 0.061250 0.404687 0.072500 0.262500
0 0.200000 0.056250 0.090000 0.059375
0 0.577500 0.737500 0.075000 0.093750
0 0.897500 0.393750 0.100000 0.212500
0 0.908750 0.948438 0.067500 0.062500
0 0.436250 0.251563 0.042500 0.062500
0 0.561250 0.676562 0.047500 0.050000
0 0.768750 0.770312 0.037500 0.059375
0 0.782500 0.287500 0.085000 0.053125
0 0.487500 0.118750 0.045000 0.050000
0 0.612500 0.609375 0.045000 0.109375
0 0.902500 0.671875 0.090000 0.078125
0 0.228750 0.676562 0.047500 0.068750
0 0.556250 0.970313 0.047500 0.059375
0 0.106250 0.023438 0.037500 0.018750
0 0.811250 0.729688 0.037500 0.103125
0 0.683750 0.073438 0.042500 0.046875
0 0.325000 0.046875 0.065000 0.059375
0 0.815000 0.093750 0.120000 0.068750
0 0.502500 0.934375 0.040000 0.090625
0 0.352500 0.503125 0.075000 0.084375
0 0.870000 0.990625 0.055000 0.043750
0 0.555000 0.309375 0.040000 0.059375
0 0.278750 0.854688 0.042500 0.053125
0 0.218750 0.960938 0.082500 0.081250
0 0.406250 0.989062 0.057500 0.046875
0 0.390000 0.906250 0.065000 0.056250
0 0.500000 0.606250 0.085000 0.109375
0 0.673750 0.139063 0.037500 0.090625
0 0.022500 0.162500 0.040000 0.078125
0 0.130000 0.734375 0.045000 0.084375
0 0.473750 0.039062 0.037500 0.046875
0 0.887500 0.246875 0.055000 0.103125
0 0.162500 0.081250 0.080000 0.059375
0 0.711250 0.182812 0.042500 0.084375
0 0.252500 0.431250 0.100000 0.050000
0 0.238750 0.135937 0.067500 0.090625
0 0.773750 0.332813 0.072500 0.046875
0 0.290000 0.096875 0.055000 0.071875
0 0.846250 0.720313 0.057500 0.140625
0 0.272500 0.387500 0.110000 0.050000
0 0.346250 0.492188 0.297500 0.175000
0 0.743750 0.523438 0.087500 0.078125
0 0.363750 0.279687 0.052500 0.053125
0 0.317500 0.181250 0.065000 0.059375
0 0.425000 0.696875 0.040000 0.115625
0 0.782500 0.987500 0.060000 0.050000
0 0.165000 0.321875 0.070000 0.131250
0 0.952500 0.125000 0.095000 0.090625
0 0.586250 0.451562 0.057500 0.056250
0 0.655000 0.771875 0.070000 0.100000
0 0.351250 0.779687 0.042500 0.056250
0 0.303750 0.264062 0.062500 0.056250
0 0.521250 0.026562 0.042500 0.053125
0 0.163750 0.167187 0.077500 0.128125
0 0.741250 0.770312 0.037500 0.040625
0 0.725000 0.650000 0.105000 0.128125
0 0.733750 0.451562 0.042500 0.040625
0 0.160000 0.762500 0.040000 0.081250
0 0.336250 0.742188 0.137500 0.156250
0 0.162500 0.596875 0.075000 0.068750
0 0.980000 0.634375 0.035000 0.059375
0 0.841250 0.039062 0.062500 0.031250
0 0.030000 0.906250 0.050000 0.062500
0 0.817500 0.390625 0.050000 0.171875
0 0.632500 0.540625 0.060000 0.053125
0 0.623750 0.845313 0.047500 0.053125
0 0.681250 0.967187 0.157500 0.084375
0 0.551250 0.792188 0.057500 0.071875
0 0.347500 0.221875 0.055000 0.068750
0 0.706250 0.126562 0.042500 0.056250
0 0.980000 0.396875 0.040000 0.087500
0 0.972500 0.237500 0.055000 0.162500
0 0.843750 0.323437 0.037500 0.050000
0 0.020000 0.337500 0.030000 0.065625
0 0.048750 0.051562 0.057500 0.103125
0 0.845000 0.409375 0.050000 0.184375
0 0.393750 0.254688 0.052500 0.090625
0 0.558750 0.901563 0.052500 0.062500
0 0.983750 0.020313 0.032500 0.050000
0 0.220000 0.996875 0.075000 0.050000
0 0.993750 0.517188 0.012500 0.056250
0 0.007500 0.059375 0.015000 0.043750
