0 0.788750 0.162500 0.127500 0.137500
0 0.548750 0.495312 0.067500 0.059375
0 0.391250 0.103125 0.042500 0.050000
0 0.588750 0.204687 0.097500 0.115625
0 0.083750 0.954688 0.067500 0.084375
0 0.421250 0.023438 0.052500 0.046875
0 0.918750 0.593750 0.122500 0.068750
0 0.870000 0.123438 0.055000 0.071875
0 0.331250 0.848437 0.047500 0.078125
0 0.696250 0.376563 0.052500 0.046875
0 0.837500 0.146875 0.055000 0.081250
0 0.486250 0.706250 0.032500 0.112500
0 0.948750 0.768750 0.072500 0.125000
0 0.481250 0.187500 0.052500 0.068750
0 0.768750 0.095312 0.077500 0.071875
0 0.387500 0.804688 0.060000 0.053125
0 0.113750 0.828125 0.042500 0.050000
0 0.470000 0.917188 0.055000 0.165625
0 0.605000 0.007812 0.030000 0.015625
0 0.080000 0.781250 0.050000 0.062500
0 0.071250 0.193750 0.067500 0.100000
0 0.773750 0.381250 0.032500 0.062500
0 0.157500 0.710938 0.090000 0.059375
0 0.061250 0.492188 0.072500 0.265625
0 0.198750 0.029687 0.087500 0.059375
0 0.578750 0.737500 0.077500 0.093750
0 0.897500 0.439063 0.100000 0.215625
0 0.910000 0.937500 0.070000 0.062500
0 0.436250 0.259375 0.042500 0.062500
0 0.561250 0.671875 0.047500 0.050000
0 0.771250 0.778125 0.037500 0.062500
0 0.782500 0.264062 0.085000 0.053125
0 0.490000 0.115625 0.045000 0.050000
0 0.612500 0.635938 0.045000 0.109375
0 0.902500 0.657813 0.090000 0.078125
0 0.228750 0.681250 0.047500 0.068750
0 0.556250 0.970313 0.047500 0.059375
0 0.103750 0.010937 0.037500 0.021875
0 0.813750 0.757812 0.037500 0.103125
0 0.683750 0.070312 0.042500 0.046875
0 0.323750 0.035937 0.067500 0.059375
0 0.815000 0.053125 0.120000 0.068750
0 0.502500 0.953125 0.040000 0.093750
0 0.350000 0.496875 0.075000 0.081250
0 0.870000 0.978125 0.055000 0.043750
0 0.553750 0.314063 0.037500 0.059375
0 0.278750 0.854688 0.042500 0.053125
0 0.221250 0.948438 0.082500 0.078125
0 0.406250 0.976562 0.057500 0.046875
0 0.387500 0.890625 0.065000 0.056250
0 0.502500 0.607812 0.085000 0.109375
0 0.673750 0.160938 0.037500 0.090625
0 0.022500 0.176563 0.040000 0.078125
0 0.128750 0.750000 0.042500 0.081250
0 0.473750 0.043750 0.037500 0.050000
0 0.888750 0.265625 0.057500 0.106250
0 0.160000 0.060937 0.080000 0.059375
0 0.712500 0.198437 0.045000 0.084375
0 0.253750 0.393750 0.102500 0.050000
0 0.238750 0.139063 0.067500 0.090625
0 0.773750 0.314063 0.072500 0.046875
0 0.290000 0.100000 0.055000 0.075000
0 0.846250 0.754687 0.057500 0.140625
0 0.272500 0.343750 0.110000 0.050000
0 0.342500 0.393750 0.300000 0.175000
0 0.743750 0.507812 0.087500 0.078125
0 0.366250 0.273438 0.052500 0.053125
0 0.318750 0.170313 0.067500 0.059375
0 0.425000 0.731250 0.040000 0.118750
0 0.782500 0.976562 0.060000 0.046875
0 0.165000 0.343750 0.070000 0.131250
0 0.952500 0.107813 0.095000 0.090625
0 0.586250 0.443750 0.057500 0.056250
0 0.655000 0.778125 0.070000 0.100000
0 0.353750 0.775000 0.042500 0.056250
0 0.303750 0.256250 0.062500 0.056250
0 0.520000 0.025000 0.040000 0.050000
0 0.163750 0.182812 0.077500 0.128125
0 0.743750 0.764062 0.037500 0.040625
0 0.726250 0.651563 0.102500 0.128125
0 0.733750 0.445312 0.042500 0.040625
0 0.162500 0.776563 0.040000 0.078125
0 0.336250 0.734375 0.137500 0.156250
0 0.162500 0.582812 0.075000 0.071875
0 0.980000 0.640625 0.035000 0.062500
0 0.841250 0.015625 0.062500 0.031250
0 0.030000 0.903125 0.050000 0.062500
0 0.816250 0.448437 0.047500 0.178125
0 0.635000 0.529687 0.065000 0.053125
0 0.621250 0.842187 0.047500 0.053125
0 0.683750 0.909375 0.157500 0.081250
0 0.551250 0.789062 0.057500 0.071875
0 0.347500 0.221875 0.055000 0.068750
0 0.703750 0.128125 0.042500 0.056250
0 0.980000 0.415625 0.040000 0.087500
0 0.971250 0.284375 0.057500 0.162500
0 0.843750 0.325000 0.037500 0.050000
0 0.020000 0.350000 0.030000 0.062500
0 0.048750 0.065625 0.057500 0.100000
0 0.845000 0.471875 0.050000 0.187500
0 0.393750 0.264062 0.052500 0.090625
0 0.560000 0.896875 0.055000 0.062500
0 0.983750 0.025000 0.032500 0.050000
0 0.220000 0.976562 0.075000 0.046875
0 0.993750 0.537500 0.012500 0.056250
