0 0.787500 0.171875 0.140000 0.150000
0 0.553750 0.510938 0.067500 0.059375
0 0.386250 0.101562 0.042500 0.050000
0 0.588750 0.214062 0.097500 0.109375
0 0.083750 0.957812 0.067500 0.084375
0 0.418750 0.029687 0.047500 0.059375
0 0.926250 0.648438 0.137500 0.084375
0 0.868750 0.117188 0.052500 0.068750
0 0.328750 0.817187 0.047500 0.087500
0 0.706250 0.392188 0.052500 0.043750
0 0.830000 0.134375 0.055000 0.075000
0 0.488750 0.667188 0.032500 0.115625
0 0.947500 0.753125 0.075000 0.128125
0 0.481250 0.192188 0.052500 0.075000
0 0.767500 0.100000 0.075000 0.078125
0 0.392500 0.815625 0.060000 0.050000
0 0.120000 0.825000 0.040000 0.053125
0 0.470000 0.868750 0.055000 0.165625
0 0.607500 0.018750 0.030000 0.025000
0 0.086250 0.776563 0.047500 0.056250
0 0.071250 0.179688 0.067500 0.103125
0 0.771250 0.382812 0.032500 0.071875
0 0.155000 0.737500 0.095000 0.056250
0 0.061250 0.395313 0.072500 0.281250
0 0.192500 0.046875 0.075000 0.056250
0 0.578750 0.739062 0.077500 0.096875
0 0.893750 0.385937 0.097500 0.225000
0 0.917500 0.946875 0.080000 0.056250
0 0.435000 0.262500 0.040000 0.068750
0 0.561250 0.673438 0.047500 0.050000
0 0.771250 0.779687 0.037500 0.062500
0 0.782500 0.287500 0.080000 0.053125
0 0.505000 0.106250 0.045000 0.046875
0 0.610000 0.606250 0.045000 0.109375
0 0.906250 0.692187 0.097500 0.084375
0 0.228750 0.670312 0.047500 0.068750
0 0.561250 0.970313 0.052500 0.062500
0 0.100000 0.028125 0.045000 0.037500
0 0.813750 0.732812 0.037500 0.103125
0 0.681250 0.064062 0.042500 0.046875
0 0.312500 0.053125 0.070000 0.050000
0 0.820000 0.093750 0.120000 0.068750
0 0.505000 0.928125 0.040000 0.096875
0 0.348750 0.504687 0.072500 0.078125
0 0.875000 0.987500 0.060000 0.050000
0 0.551250 0.301563 0.037500 0.062500
0 0.278750 0.854688 0.042500 0.053125
0 0.237500 0.968750 0.085000 0.056250
0 0.408750 0.989062 0.057500 0.046875
0 0.387500 0.890625 0.065000 0.059375
0 0.503750 0.604688 0.082500 0.109375
0 0.668750 0.142187 0.037500 0.090625
0 0.023750 0.151562 0.042500 0.081250
0 0.132500 0.743750 0.040000 0.078125
0 0.480000 0.043750 0.040000 0.056250
0 0.886250 0.257812 0.062500 0.118750
0 0.157500 0.081250 0.080000 0.059375
0 0.711250 0.189062 0.047500 0.084375
0 0.252500 0.434375 0.105000 0.050000
0 0.236250 0.135937 0.067500 0.090625
0 0.770000 0.334375 0.065000 0.050000
0 0.295000 0.096875 0.055000 0.078125
0 0.845000 0.725000 0.060000 0.146875
0 0.273750 0.385937 0.112500 0.050000
0 0.333750 0.507812 0.317500 0.184375
0 0.741250 0.526563 0.087500 0.078125
0 0.376250 0.289062 0.057500 0.053125
0 0.316250 0.189062 0.072500 0.053125
0 0.430000 0.696875 0.040000 0.125000
0 0.777500 0.996875 0.050000 0.034375
0 0.165000 0.321875 0.070000 0.137500
0 0.951250 0.123438 0.097500 0.093750
0 0.582500 0.450000 0.055000 0.050000
0 0.657500 0.778125 0.070000 0.087500
0 0.373750 0.760938 0.047500 0.046875
0 0.311250 0.270313 0.062500 0.056250
0 0.523750 0.023438 0.037500 0.040625
0 0.163750 0.164062 0.077500 0.131250
0 0.756250 0.760938 0.037500 0.040625
0 0.725000 0.650000 0.095000 0.128125
0 0.733750 0.457813 0.042500 0.040625
0 0.167500 0.759375 0.040000 0.075000
0 0.335000 0.743750 0.140000 0.156250
0 0.166250 0.589063 0.077500 0.075000
0 0.982500 0.625000 0.035000 0.068750
0 0.841250 0.039062 0.062500 0.028125
0 0.033750 0.892188 0.052500 0.065625
0 0.817500 0.384375 0.045000 0.206250
0 0.650000 0.553125 0.080000 0.059375
0 0.618750 0.882812 0.107500 0.062500
0 0.688750 0.973437 0.152500 0.078125
0 0.548750 0.776563 0.057500 0.075000
0 0.342500 0.218750 0.055000 0.068750
0 0.691250 0.123438 0.042500 0.056250
0 0.980000 0.390625 0.040000 0.090625
0 0.970000 0.240625 0.060000 0.165625
0 0.833750 0.326562 0.037500 0.050000
0 0.022500 0.337500 0.030000 0.050000
0 0.045000 0.046875 0.055000 0.081250
0 0.847500 0.400000 0.050000 0.196875
0 0.401250 0.239063 0.052500 0.100000
0 0.555000 0.887500 0.060000 0.068750
0 0.983750 0.020313 0.032500 0.050000
0 0.216250 1.014063 0.072500 0.031250
