0 0.785000 0.154688 0.145000 0.153125
0 0.558750 0.501563 0.067500 0.059375
0 0.383750 0.096875 0.042500 0.050000
0 0.588750 0.209375 0.097500 0.106250
0 0.081250 0.957812 0.067500 0.084375
0 0.416250 0.032813 0.047500 0.065625
0 0.927500 0.610938 0.145000 0.090625
0 0.868750 0.117188 0.052500 0.065625
0 0.326250 0.825000 0.047500 0.093750
0 0.711250 0.379688 0.052500 0.040625
0 0.828750 0.132812 0.057500 0.071875
0 0.488750 0.703125 0.032500 0.118750
0 0.947500 0.773438 0.075000 0.128125
0 0.478750 0.201563 0.052500 0.078125
0 0.765000 0.089063 0.075000 0.078125
0 0.395000 0.803125 0.060000 0.050000
0 0.121250 0.823438 0.037500 0.053125
0 0.468750 0.917188 0.052500 0.165625
0 0.607500 0.014063 0.030000 0.028125
0 0.091250 0.773438 0.047500 0.053125
0 0.073750 0.185938 0.067500 0.103125
0 0.768750 0.403125 0.032500 0.075000
0 0.153750 0.706250 0.097500 0.056250
0 0.061250 0.489063 0.072500 0.284375
0 0.191250 0.028125 0.072500 0.056250
0 0.578750 0.739062 0.077500 0.096875
0 0.893750 0.435937 0.097500 0.228125
0 0.922500 0.925000 0.085000 0.056250
0 0.435000 0.276562 0.040000 0.071875
0 0.563750 0.665625 0.047500 0.050000
0 0.773750 0.792188 0.037500 0.065625
0 0.783750 0.264062 0.077500 0.053125
0 0.510000 0.098437 0.045000 0.046875
0 0.607500 0.632812 0.045000 0.109375
0 0.907500 0.681250 0.100000 0.087500
0 0.226250 0.671875 0.047500 0.068750
0 0.561250 0.968750 0.052500 0.062500
0 0.096250 0.023438 0.047500 0.046875
0 0.813750 0.764062 0.037500 0.103125
0 0.678750 0.057813 0.042500 0.046875
0 0.306250 0.035937 0.072500 0.046875
0 0.820000 0.056250 0.120000 0.068750
0 0.507500 0.950000 0.040000 0.100000
0 0.348750 0.496875 0.072500 0.075000
0 0.877500 0.973437 0.060000 0.053125
0 0.548750 0.310937 0.037500 0.065625
0 0.278750 0.854688 0.042500 0.053125
0 0.243750 0.939063 0.087500 0.046875
0 0.408750 0.976562 0.057500 0.046875
0 0.386250 0.875000 0.067500 0.062500
0 0.506250 0.607812 0.082500 0.109375
0 0.666250 0.164062 0.037500 0.090625
0 0.027500 0.164062 0.045000 0.084375
0 0.135000 0.760938 0.040000 0.078125
0 0.482500 0.051562 0.040000 0.059375
0 0.885000 0.282813 0.065000 0.121875
0 0.157500 0.057813 0.080000 0.059375
0 0.708750 0.204687 0.047500 0.084375
0 0.252500 0.392188 0.105000 0.046875
0 0.236250 0.139063 0.067500 0.090625
0 0.768750 0.318750 0.062500 0.050000
0 0.296250 0.101562 0.052500 0.078125
0 0.846250 0.762500 0.062500 0.150000
0 0.273750 0.340625 0.112500 0.050000
0 0.330000 0.403125 0.325000 0.187500
0 0.741250 0.514062 0.087500 0.078125
0 0.381250 0.282813 0.057500 0.053125
0 0.316250 0.170313 0.077500 0.053125
0 0.428750 0.735938 0.037500 0.128125
0 0.775000 0.985938 0.045000 0.028125
0 0.166250 0.348438 0.072500 0.140625
0 0.951250 0.106250 0.097500 0.093750
0 0.582500 0.440625 0.055000 0.050000
0 0.658750 0.779687 0.067500 0.084375
0 0.380000 0.742188 0.050000 0.040625
0 0.313750 0.259375 0.062500 0.056250
0 0.526250 0.018750 0.037500 0.037500
0 0.161250 0.182812 0.077500 0.134375
0 0.761250 0.754687 0.037500 0.040625
0 0.726250 0.657813 0.092500 0.128125
0 0.736250 0.454688 0.042500 0.040625
0 0.170000 0.767188 0.040000 0.071875
0 0.333750 0.737500 0.142500 0.156250
0 0.166250 0.576562 0.077500 0.078125
0 0.982500 0.632812 0.035000 0.071875
0 0.841250 0.014063 0.062500 0.028125
0 0.037500 0.890625 0.055000 0.068750
0 0.816250 0.465625 0.042500 0.218750
0 0.655000 0.532813 0.085000 0.059375
0 0.617500 0.850000 0.140000 0.068750
0 0.690000 0.918750 0.150000 0.075000
0 0.548750 0.773438 0.057500 0.078125
0 0.341250 0.220312 0.057500 0.071875
0 0.686250 0.125000 0.042500 0.056250
0 0.980000 0.407813 0.040000 0.090625
0 0.968750 0.287500 0.062500 0.168750
0 0.831250 0.328125 0.037500 0.050000
0 0.023750 0.342187 0.032500 0.046875
0 0.041250 0.050000 0.052500 0.075000
0 0.847500 0.467187 0.050000 0.203125
0 0.403750 0.251563 0.052500 0.103125
0 0.555000 0.879687 0.065000 0.071875
0 0.983750 0.025000 0.032500 0.050000
0 0.213750 0.987500 0.072500 0.025000
