0 0.796250 0.182812 0.107500 0.118750
0 0.536250 0.501563 0.067500 0.059375
0 0.396250 0.098437 0.042500 0.050000
0 0.588750 0.198437 0.097500 0.128125
0 0.083750 0.951562 0.067500 0.084375
0 0.423750 0.035937 0.057500 0.025000
0 0.910000 0.612500 0.095000 0.040625
0 0.871250 0.129688 0.057500 0.081250
0 0.338750 0.876563 0.052500 0.062500
0 0.683750 0.379688 0.052500 0.056250
0 0.846250 0.151562 0.052500 0.093750
0 0.486250 0.679688 0.032500 0.103125
0 0.950000 0.743750 0.070000 0.118750
0 0.483750 0.176563 0.052500 0.056250
0 0.771250 0.120313 0.077500 0.059375
0 0.377500 0.812500 0.060000 0.056250
0 0.106250 0.839063 0.047500 0.046875
0 0.470000 0.868750 0.060000 0.168750
0 0.068750 0.789062 0.057500 0.071875
0 0.068750 0.198437 0.067500 0.096875
0 0.781250 0.351562 0.032500 0.050000
0 0.165000 0.740625 0.085000 0.059375
0 0.061250 0.420312 0.072500 0.240625
0 0.207500 0.065625 0.105000 0.062500
0 0.576250 0.735938 0.072500 0.090625
0 0.900000 0.406250 0.100000 0.196875
0 0.896250 0.948438 0.052500 0.065625
0 0.440000 0.240625 0.045000 0.056250
0 0.558750 0.682813 0.047500 0.050000
0 0.768750 0.757812 0.037500 0.056250
0 0.783750 0.292187 0.092500 0.053125
0 0.468750 0.123438 0.042500 0.050000
0 0.617500 0.609375 0.045000 0.109375
0 0.900000 0.646875 0.080000 0.068750
0 0.228750 0.685937 0.047500 0.068750
0 0.548750 0.967187 0.042500 0.059375
0 0.110000 0.021875 0.035000 0.021875
0 0.811250 0.723437 0.037500 0.103125
0 0.686250 0.085938 0.042500 0.046875
0 0.345000 0.037500 0.060000 0.071875
0 0.807500 0.090625 0.120000 0.068750
0 0.501250 0.945312 0.042500 0.081250
0 0.353750 0.498437 0.077500 0.090625
0 0.862500 0.996875 0.050000 0.034375
0 0.560000 0.318750 0.040000 0.056250
0 0.278750 0.854688 0.042500 0.053125
0 0.201250 0.973437 0.067500 0.068750
0 0.401250 0.989062 0.057500 0.046875
0 0.390000 0.921875 0.060000 0.050000
0 0.496250 0.607812 0.087500 0.109375
0 0.681250 0.154688 0.037500 0.081250
0 0.018750 0.176563 0.032500 0.071875
0 0.123750 0.723437 0.047500 0.087500
0 0.466250 0.035937 0.037500 0.040625
0 0.890000 0.231250 0.045000 0.084375
0 0.165000 0.084375 0.080000 0.059375
0 0.713750 0.173437 0.037500 0.084375
0 0.253750 0.429688 0.097500 0.053125
0 0.241250 0.135937 0.067500 0.090625
0 0.778750 0.335938 0.082500 0.046875
0 0.283750 0.101562 0.057500 0.068750
0 0.846250 0.714063 0.052500 0.131250
0 0.268750 0.389062 0.107500 0.050000
0 0.357500 0.471875 0.270000 0.162500
0 0.746250 0.517188 0.087500 0.078125
0 0.346250 0.267188 0.047500 0.050000
0 0.317500 0.168750 0.055000 0.068750
0 0.421250 0.701562 0.042500 0.106250
0 0.791250 0.976562 0.077500 0.071875
0 0.163750 0.320312 0.067500 0.121875
0 0.953750 0.126562 0.092500 0.087500
0 0.590000 0.450000 0.060000 0.062500
0 0.655000 0.765625 0.075000 0.118750
0 0.331250 0.801562 0.037500 0.065625
0 0.293750 0.260937 0.062500 0.056250
0 0.516250 0.029687 0.047500 0.065625
0 0.163750 0.167187 0.077500 0.121875
0 0.718750 0.779687 0.037500 0.040625
0 0.725000 0.646875 0.115000 0.125000
0 0.731250 0.442188 0.042500 0.040625
0 0.152500 0.771875 0.040000 0.087500
0 0.338750 0.735938 0.132500 0.153125
0 0.158750 0.607812 0.072500 0.062500
0 0.980000 0.646875 0.035000 0.046875
0 0.841250 0.039062 0.062500 0.037500
0 0.023750 0.917188 0.042500 0.056250
0 0.815000 0.396875 0.055000 0.128125
0 0.611250 0.526563 0.037500 0.046875
0 0.618750 0.845313 0.057500 0.050000
0 0.672500 0.959375 0.165000 0.090625
0 0.553750 0.814063 0.057500 0.065625
0 0.356250 0.226562 0.052500 0.065625
0 0.723750 0.132812 0.042500 0.056250
0 0.980000 0.406250 0.040000 0.081250
0 0.975000 0.234375 0.050000 0.153125
0 0.856250 0.320312 0.037500 0.050000
0 0.013750 0.335938 0.027500 0.081250
0 0.057500 0.075000 0.060000 0.103125
0 0.842500 0.421875 0.050000 0.168750
0 0.383750 0.273438 0.052500 0.078125
0 0.566250 0.917188 0.042500 0.053125
0 0.985000 0.018750 0.030000 0.046875
0 0.222500 0.978125 0.075000 0.068750
0 0.988750 0.523438 0.022500 0.056250
0 0.013750 0.064062 0.027500 0.050000
