0 0.812500 0.206250 0.080000 0.109375
0 0.477500 0.512500 0.085000 0.081250
0 0.372500 0.081250 0.065000 0.062500
0 0.591250 0.170313 0.117500 0.165625
0 0.091250 0.939063 0.067500 0.087500
0 0.873750 0.610938 0.052500 0.056250
0 0.836250 0.135937 0.087500 0.075000
0 0.393750 0.895312 0.047500 0.053125
0 0.681250 0.417187 0.042500 0.050000
0 0.910000 0.159375 0.050000 0.150000
0 0.457500 0.750000 0.035000 0.050000
0 0.948750 0.735938 0.082500 0.109375
0 0.463750 0.064062 0.042500 0.053125
0 0.761250 0.098437 0.062500 0.062500
0 0.362500 0.828125 0.060000 0.062500
0 0.068750 0.798438 0.042500 0.053125
0 0.495000 0.853125 0.085000 0.081250
0 0.008750 0.826562 0.017500 0.046875
0 0.061250 0.276562 0.097500 0.100000
0 0.881250 0.295312 0.037500 0.046875
0 0.165000 0.809375 0.050000 0.053125
0 0.057500 0.490625 0.075000 0.131250
0 0.236250 0.101562 0.162500 0.062500
0 0.572500 0.756250 0.055000 0.068750
0 0.923750 0.445312 0.112500 0.146875
0 0.928750 0.970313 0.057500 0.062500
0 0.443750 0.210938 0.047500 0.053125
0 0.520000 0.712500 0.055000 0.059375
0 0.780000 0.700000 0.045000 0.053125
0 0.797500 0.312500 0.080000 0.056250
0 0.503750 0.029687 0.042500 0.043750
0 0.650000 0.656250 0.050000 0.071875
0 0.932500 0.600000 0.080000 0.062500
0 0.232500 0.721875 0.040000 0.053125
0 0.508750 0.989062 0.042500 0.037500
0 0.126250 0.070312 0.042500 0.046875
0 0.818750 0.707812 0.042500 0.115625
0 0.702500 0.146875 0.050000 0.062500
0 0.747500 0.040625 0.065000 0.037500
0 0.476250 0.948438 0.047500 0.065625
0 0.366250 0.492188 0.082500 0.096875
0 0.572500 0.325000 0.045000 0.059375
0 0.278750 0.854688 0.042500 0.053125
0 0.415000 1.000000 0.045000 0.028125
0 0.441250 0.892188 0.042500 0.078125
0 0.492500 0.625000 0.100000 0.100000
0 0.703750 0.276562 0.037500 0.053125
0 0.143750 0.720313 0.052500 0.062500
0 0.423750 0.035937 0.047500 0.037500
0 0.952500 0.237500 0.045000 0.078125
0 0.196250 0.098437 0.077500 0.059375
0 0.718750 0.220312 0.052500 0.050000
0 0.246250 0.429688 0.082500 0.059375
0 0.282500 0.162500 0.075000 0.087500
0 0.730000 0.356250 0.045000 0.040625
0 0.288750 0.101562 0.062500 0.056250
0 0.872500 0.681250 0.055000 0.065625
0 0.256250 0.385937 0.087500 0.053125
0 0.413750 0.398438 0.172500 0.115625
0 0.776250 0.420312 0.057500 0.075000
0 0.268750 0.242188 0.067500 0.050000
0 0.341250 0.242188 0.067500 0.046875
0 0.437500 0.750000 0.035000 0.034375
0 0.802500 0.978125 0.100000 0.084375
0 0.162500 0.315625 0.060000 0.078125
0 0.986250 0.120313 0.027500 0.050000
0 0.625000 0.512500 0.045000 0.071875
0 0.736250 0.867188 0.112500 0.134375
0 0.242500 0.925000 0.070000 0.046875
0 0.211250 0.257812 0.067500 0.053125
0 0.485000 0.121875 0.040000 0.059375
0 0.172500 0.175000 0.085000 0.087500
0 0.746250 0.767188 0.042500 0.056250
0 0.748750 0.585938 0.117500 0.131250
0 0.776250 0.373437 0.047500 0.040625
0 0.108750 0.845313 0.052500 0.062500
0 0.350000 0.728125 0.105000 0.125000
0 0.167500 0.650000 0.095000 0.071875
0 0.956250 0.639062 0.042500 0.040625
0 0.833750 0.042188 0.067500 0.040625
0 0.845000 0.362500 0.065000 0.059375
0 0.611250 0.629687 0.037500 0.046875
0 0.668750 0.798438 0.077500 0.118750
0 0.628750 0.904687 0.172500 0.125000
0 0.597500 0.750000 0.050000 0.065625
0 0.392500 0.231250 0.050000 0.071875
0 0.762500 0.150000 0.055000 0.065625
0 0.973750 0.307812 0.037500 0.050000
0 0.857500 0.415625 0.040000 0.050000
0 0.042500 0.381250 0.055000 0.053125
0 0.030000 0.221875 0.040000 0.059375
0 0.833750 0.473438 0.072500 0.078125
0 0.298750 0.282813 0.057500 0.050000
0 0.546250 0.995313 0.022500 0.018750
0 0.988750 0.014063 0.022500 0.043750
0 0.202500 0.984375 0.095000 0.075000
0 0.988750 0.607812 0.022500 0.040625
0 0.058750 0.067187 0.047500 0.075000
0 0.020000 0.906250 0.040000 0.062500
0 0.696250 0.085938 0.047500 0.062500
0 0.581250 0.051562 0.037500 0.053125
0 0.012500 0.125000 0.025000 0.062500
0 0.111250 0.029687 0.047500 0.034375
