0 0.812500 0.203125 0.080000 0.109375
0 0.480000 0.512500 0.090000 0.078125
0 0.376250 0.079687 0.062500 0.062500
0 0.590000 0.171875 0.115000 0.165625
0 0.088750 0.942187 0.067500 0.087500
0 0.875000 0.606250 0.050000 0.062500
0 0.835000 0.134375 0.085000 0.078125
0 0.388750 0.895312 0.047500 0.056250
0 0.680000 0.421875 0.045000 0.046875
0 0.906250 0.157812 0.047500 0.156250
0 0.465000 0.746875 0.035000 0.050000
0 0.947500 0.734375 0.080000 0.109375
0 0.463750 0.076563 0.042500 0.053125
0 0.761250 0.101562 0.062500 0.062500
0 0.365000 0.821875 0.060000 0.062500
0 0.071250 0.801562 0.042500 0.050000
0 0.495000 0.850000 0.080000 0.078125
0 0.013750 0.826562 0.027500 0.046875
0 0.055000 0.278125 0.100000 0.103125
0 0.872500 0.300000 0.040000 0.043750
0 0.166250 0.801562 0.052500 0.053125
0 0.057500 0.490625 0.075000 0.134375
0 0.238750 0.104688 0.167500 0.065625
0 0.568750 0.754687 0.052500 0.071875
0 0.921250 0.445312 0.112500 0.146875
0 0.921250 0.973437 0.057500 0.062500
0 0.443750 0.210938 0.047500 0.053125
0 0.531250 0.710938 0.057500 0.056250
0 0.777500 0.706250 0.045000 0.053125
0 0.793750 0.307812 0.077500 0.056250
0 0.501250 0.026562 0.042500 0.040625
0 0.647500 0.653125 0.050000 0.071875
0 0.931250 0.598437 0.077500 0.065625
0 0.230000 0.718750 0.040000 0.056250
0 0.507500 0.987500 0.040000 0.037500
0 0.123750 0.070312 0.042500 0.040625
0 0.816250 0.704688 0.042500 0.115625
0 0.703750 0.139063 0.047500 0.062500
0 0.750000 0.040625 0.065000 0.043750
0 0.472500 0.953125 0.045000 0.062500
0 0.366250 0.492188 0.082500 0.096875
0 0.570000 0.325000 0.045000 0.059375
0 0.278750 0.854688 0.042500 0.053125
0 0.415000 1.000000 0.045000 0.028125
0 0.436250 0.889062 0.042500 0.078125
0 0.490000 0.625000 0.100000 0.103125
0 0.706250 0.270313 0.037500 0.056250
0 0.140000 0.715625 0.050000 0.062500
0 0.425000 0.037500 0.050000 0.037500
0 0.948750 0.235937 0.047500 0.078125
0 0.190000 0.096875 0.080000 0.059375
0 0.717500 0.209375 0.050000 0.050000
0 0.248750 0.426563 0.082500 0.059375
0 0.273750 0.157812 0.072500 0.090625
0 0.738750 0.357812 0.052500 0.040625
0 0.286250 0.101562 0.062500 0.056250
0 0.870000 0.687500 0.055000 0.065625
0 0.257500 0.387500 0.090000 0.053125
0 0.412500 0.400000 0.175000 0.115625
0 0.775000 0.428125 0.060000 0.078125
0 0.272500 0.246875 0.065000 0.050000
0 0.338750 0.239063 0.067500 0.046875
0 0.435000 0.759375 0.035000 0.037500
0 0.801250 0.976562 0.097500 0.084375
0 0.162500 0.315625 0.060000 0.081250
0 0.981250 0.120313 0.037500 0.056250
0 0.627500 0.509375 0.045000 0.068750
0 0.730000 0.865625 0.120000 0.140625
0 0.250000 0.925000 0.070000 0.046875
0 0.216250 0.260937 0.067500 0.053125
0 0.487500 0.115625 0.040000 0.056250
0 0.171250 0.173437 0.082500 0.090625
0 0.742500 0.768750 0.040000 0.050000
0 0.743750 0.589063 0.122500 0.134375
0 0.772500 0.381250 0.050000 0.040625
0 0.108750 0.848437 0.052500 0.062500
0 0.348750 0.726562 0.107500 0.128125
0 0.168750 0.651563 0.097500 0.071875
0 0.955000 0.640625 0.040000 0.040625
0 0.836250 0.042188 0.067500 0.040625
0 0.837500 0.368750 0.065000 0.059375
0 0.608750 0.620313 0.037500 0.046875
0 0.665000 0.800000 0.075000 0.112500
0 0.631250 0.910937 0.182500 0.125000
0 0.601250 0.760938 0.052500 0.065625
0 0.387500 0.231250 0.050000 0.071875
0 0.761250 0.148438 0.057500 0.065625
0 0.975000 0.303125 0.040000 0.050000
0 0.861250 0.407813 0.037500 0.050000
0 0.045000 0.375000 0.050000 0.056250
0 0.037500 0.212500 0.045000 0.059375
0 0.835000 0.471875 0.070000 0.084375
0 0.303750 0.285938 0.057500 0.046875
0 0.546250 0.995313 0.022500 0.018750
0 0.988750 0.014063 0.022500 0.043750
0 0.202500 0.981250 0.095000 0.078125
0 0.990000 0.606250 0.020000 0.040625
0 0.057500 0.068750 0.050000 0.071875
0 0.018750 0.898438 0.037500 0.059375
0 0.693750 0.079687 0.047500 0.059375
0 0.578750 0.054688 0.052500 0.065625
0 0.932500 0.021875 0.035000 0.015625
0 0.012500 0.125000 0.025000 0.059375
0 0.110000 0.031250 0.050000 0.031250
