0 0.817500 0.210938 0.080000 0.109375
0 0.442500 0.529687 0.050000 0.065625
0 0.363750 0.068750 0.057500 0.056250
0 0.592500 0.165625 0.120000 0.168750
0 0.091250 0.937500 0.067500 0.093750
0 0.868750 0.617188 0.047500 0.046875
0 0.841250 0.112500 0.097500 0.068750
0 0.408750 0.893750 0.032500 0.056250
0 0.687500 0.423438 0.045000 0.053125
0 0.920000 0.200000 0.060000 0.131250
0 0.438750 0.771875 0.042500 0.062500
0 0.942500 0.735938 0.090000 0.109375
0 0.418750 0.098437 0.042500 0.053125
0 0.758750 0.068750 0.067500 0.062500
0 0.362500 0.851562 0.065000 0.071875
0 0.055000 0.807813 0.045000 0.065625
0 0.505000 0.837500 0.095000 0.093750
0 0.011250 0.885938 0.022500 0.059375
0 0.082500 0.268750 0.085000 0.100000
0 0.896250 0.284375 0.042500 0.056250
0 0.170000 0.810937 0.050000 0.053125
0 0.057500 0.506250 0.075000 0.125000
0 0.226250 0.026562 0.142500 0.053125
0 0.588750 0.759375 0.062500 0.056250
0 0.931250 0.448437 0.112500 0.146875
0 0.962500 0.962500 0.055000 0.068750
0 0.453750 0.189062 0.047500 0.053125
0 0.500000 0.726562 0.055000 0.071875
0 0.790000 0.692187 0.045000 0.053125
0 0.811250 0.285938 0.057500 0.046875
0 0.487500 0.046875 0.045000 0.050000
0 0.668750 0.665625 0.052500 0.068750
0 0.913750 0.576562 0.072500 0.059375
0 0.225000 0.726562 0.040000 0.059375
0 0.511250 0.976562 0.052500 0.046875
0 0.136250 0.079687 0.042500 0.059375
0 0.828750 0.754687 0.042500 0.115625
0 0.705000 0.173437 0.055000 0.059375
0 0.740000 0.007812 0.060000 0.015625
0 0.487500 0.923438 0.050000 0.065625
0 0.366250 0.485938 0.087500 0.096875
0 0.572500 0.320312 0.045000 0.059375
0 0.416250 0.981250 0.042500 0.037500
0 0.451250 0.915625 0.042500 0.093750
0 0.500000 0.615625 0.100000 0.093750
0 0.693750 0.300000 0.037500 0.043750
0 0.155000 0.726562 0.055000 0.053125
0 0.430000 0.021875 0.040000 0.037500
0 0.978750 0.254688 0.037500 0.071875
0 0.221250 0.079687 0.072500 0.059375
0 0.731250 0.226562 0.042500 0.065625
0 0.241250 0.417187 0.082500 0.059375
0 0.301250 0.171875 0.072500 0.087500
0 0.707500 0.362500 0.035000 0.043750
0 0.298750 0.087500 0.062500 0.056250
0 0.881250 0.667188 0.052500 0.065625
0 0.250000 0.365625 0.080000 0.056250
0 0.416250 0.343750 0.162500 0.112500
0 0.793750 0.400000 0.052500 0.068750
0 0.231250 0.204687 0.072500 0.053125
0 0.345000 0.232813 0.070000 0.053125
0 0.462500 0.725000 0.035000 0.031250
0 0.822500 0.959375 0.115000 0.081250
0 0.165000 0.306250 0.060000 0.068750
0 0.613750 0.535937 0.037500 0.084375
0 0.752500 0.876563 0.090000 0.115625
0 0.212500 0.923438 0.075000 0.053125
0 0.198750 0.231250 0.057500 0.050000
0 0.485000 0.157812 0.050000 0.090625
0 0.180000 0.159375 0.100000 0.075000
0 0.760000 0.765625 0.050000 0.081250
0 0.765000 0.557813 0.105000 0.109375
0 0.790000 0.345313 0.045000 0.040625
0 0.108750 0.834375 0.052500 0.062500
0 0.352500 0.740625 0.105000 0.118750
0 0.165000 0.631250 0.085000 0.081250
0 0.955000 0.632812 0.045000 0.040625
0 0.835000 0.020313 0.070000 0.040625
0 0.865000 0.331250 0.060000 0.068750
0 0.623750 0.651563 0.037500 0.046875
0 0.673750 0.809375 0.077500 0.125000
0 0.613750 0.851562 0.137500 0.121875
0 0.591250 0.706250 0.037500 0.068750
0 0.407500 0.226562 0.050000 0.071875
0 0.763750 0.146875 0.047500 0.062500
0 0.968750 0.318750 0.037500 0.050000
0 0.837500 0.431250 0.050000 0.050000
0 0.041250 0.387500 0.082500 0.043750
0 0.012500 0.264062 0.025000 0.059375
0 0.852500 0.473438 0.060000 0.053125
0 0.271250 0.251563 0.047500 0.059375
0 0.201250 0.971875 0.092500 0.056250
0 0.983750 0.604688 0.027500 0.040625
0 0.062500 0.093750 0.045000 0.075000
0 0.011250 0.954688 0.022500 0.071875
0 0.703750 0.106250 0.047500 0.068750
0 0.016250 0.150000 0.032500 0.081250
0 0.121250 0.023438 0.042500 0.046875
0 0.591250 0.029687 0.042500 0.046875
0 0.543750 0.043750 0.042500 0.043750
0 0.265000 0.885938 0.040000 0.040625
0 0.305000 0.846875 0.045000 0.050000
0 0.921250 0.021875 0.047500 0.043750
0 0.993750 0.539062 0.012500 0.034375
0 0.047500 0.009375 0.030000 0.018750
