0 0.838750 0.192188 0.077500 0.084375
0 0.395000 0.565625 0.095000 0.062500
0 0.595000 0.143750 0.120000 0.168750
0 0.095000 0.925000 0.065000 0.100000
0 0.855000 0.623437 0.035000 0.040625
0 0.850000 0.112500 0.120000 0.068750
0 0.716250 0.409375 0.047500 0.056250
0 0.948750 0.214062 0.057500 0.115625
0 0.435000 0.806250 0.045000 0.050000
0 0.925000 0.750000 0.090000 0.112500
0 0.386250 0.098437 0.042500 0.053125
0 0.761250 0.048438 0.057500 0.059375
0 0.387500 0.895312 0.050000 0.059375
0 0.041250 0.825000 0.047500 0.075000
0 0.522500 0.839063 0.085000 0.115625
0 0.008750 0.920312 0.017500 0.046875
0 0.090000 0.268750 0.075000 0.100000
0 0.912500 0.264062 0.040000 0.059375
0 0.175000 0.812500 0.050000 0.056250
0 0.057500 0.503125 0.075000 0.118750
0 0.218750 0.023438 0.132500 0.046875
0 0.612500 0.785937 0.065000 0.071875
0 0.938750 0.429688 0.112500 0.146875
0 0.990000 0.973437 0.020000 0.053125
0 0.456250 0.157812 0.047500 0.053125
0 0.521250 0.725000 0.047500 0.062500
0 0.810000 0.681250 0.040000 0.050000
0 0.443750 0.067187 0.057500 0.040625
0 0.687500 0.637500 0.050000 0.043750
0 0.882500 0.576562 0.065000 0.059375
0 0.228750 0.723437 0.047500 0.065625
0 0.518750 0.968750 0.062500 0.062500
0 0.162500 0.087500 0.050000 0.037500
0 0.841250 0.765625 0.042500 0.068750
0 0.710000 0.198437 0.055000 0.059375
0 0.492500 0.895312 0.050000 0.059375
0 0.365000 0.471875 0.090000 0.093750
0 0.576250 0.315625 0.047500 0.062500
0 0.388750 0.979688 0.047500 0.040625
0 0.448750 0.942187 0.037500 0.096875
0 0.497500 0.620313 0.100000 0.090625
0 0.681250 0.321875 0.042500 0.050000
0 0.157500 0.718750 0.045000 0.050000
0 0.455000 0.026562 0.030000 0.040625
0 0.987500 0.228125 0.025000 0.050000
0 0.256250 0.082812 0.067500 0.059375
0 0.735000 0.256250 0.055000 0.056250
0 0.233750 0.421875 0.067500 0.068750
0 0.313750 0.187500 0.057500 0.087500
0 0.691250 0.376563 0.037500 0.046875
0 0.303750 0.059375 0.032500 0.056250
0 0.880000 0.656250 0.040000 0.062500
0 0.256250 0.376563 0.062500 0.059375
0 0.422500 0.328125 0.170000 0.112500
0 0.823750 0.381250 0.047500 0.062500
0 0.206250 0.195312 0.072500 0.053125
0 0.371250 0.200000 0.052500 0.068750
0 0.470000 0.742188 0.035000 0.040625
0 0.842500 0.959375 0.120000 0.081250
0 0.162500 0.321875 0.060000 0.068750
0 0.617500 0.571875 0.055000 0.100000
0 0.746250 0.884375 0.082500 0.137500
0 0.201250 0.951562 0.082500 0.065625
0 0.191250 0.240625 0.052500 0.050000
0 0.507500 0.189062 0.070000 0.109375
0 0.186250 0.157812 0.117500 0.071875
0 0.763750 0.546875 0.087500 0.131250
0 0.796250 0.334375 0.067500 0.056250
0 0.103750 0.812500 0.052500 0.062500
0 0.350000 0.779687 0.115000 0.128125
0 0.168750 0.634375 0.087500 0.093750
0 0.947500 0.639062 0.045000 0.040625
0 0.850000 0.020313 0.070000 0.040625
0 0.876250 0.307812 0.052500 0.090625
0 0.658750 0.667188 0.042500 0.046875
0 0.671250 0.814063 0.067500 0.096875
0 0.608750 0.840625 0.127500 0.131250
0 0.610000 0.675000 0.045000 0.056250
0 0.413750 0.192188 0.042500 0.059375
0 0.765000 0.140625 0.045000 0.056250
0 0.982500 0.315625 0.035000 0.050000
0 0.816250 0.450000 0.062500 0.050000
0 0.077500 0.390625 0.085000 0.056250
0 0.010000 0.282813 0.020000 0.053125
0 0.871250 0.464062 0.052500 0.059375
0 0.261250 0.239063 0.047500 0.059375
0 0.196250 0.985938 0.092500 0.028125
0 0.961250 0.593750 0.042500 0.050000
0 0.048750 0.120313 0.042500 0.065625
0 0.008750 0.982812 0.017500 0.021875
0 0.713750 0.115625 0.047500 0.075000
0 0.011250 0.148438 0.022500 0.078125
0 0.146250 0.045312 0.057500 0.065625
0 0.615000 0.018750 0.060000 0.037500
0 0.507500 0.029687 0.050000 0.040625
0 0.303750 0.890625 0.042500 0.043750
0 0.365000 0.834375 0.065000 0.037500
0 0.931250 0.015625 0.032500 0.031250
0 0.970000 0.551562 0.035000 0.040625
0 0.031250 0.032813 0.042500 0.046875
0 0.838750 0.254688 0.042500 0.040625
0 0.788750 0.304688 0.042500 0.040625
0 0.386250 0.029687 0.047500 0.059375
0 0.333750 0.059375 0.052500 0.062500
0 0.702500 0.015625 0.040000 0.031250
0 0.413750 0.962500 0.027500 0.031250
0 0.432500 0.887500 0.025000 0.056250
0 0.777500 0.793750 0.030000 0.050000
0 0.733750 0.776563 0.032500 0.046875
0 0.010000 0.631250 0.020000 0.043750
