0 0.836250 0.198437 0.077500 0.087500
0 0.396250 0.589063 0.092500 0.059375
0 0.595000 0.134375 0.120000 0.168750
0 0.095000 0.915625 0.065000 0.100000
0 0.857500 0.625000 0.035000 0.040625
0 0.848750 0.151562 0.117500 0.065625
0 0.713750 0.414062 0.047500 0.056250
0 0.945000 0.190625 0.060000 0.125000
0 0.431250 0.810937 0.047500 0.046875
0 0.925000 0.746875 0.090000 0.109375
0 0.386250 0.098437 0.042500 0.053125
0 0.757500 0.056250 0.060000 0.059375
0 0.385000 0.893750 0.050000 0.059375
0 0.041250 0.817187 0.047500 0.075000
0 0.520000 0.834375 0.085000 0.112500
0 0.008750 0.904687 0.017500 0.046875
0 0.090000 0.265625 0.075000 0.100000
0 0.910000 0.259375 0.040000 0.059375
0 0.175000 0.815625 0.050000 0.056250
0 0.057500 0.490625 0.075000 0.118750
0 0.218750 0.082812 0.132500 0.046875
0 0.612500 0.790625 0.065000 0.071875
0 0.938750 0.429688 0.112500 0.146875
0 0.987500 0.959375 0.025000 0.056250
0 0.456250 0.164062 0.047500 0.053125
0 0.518750 0.723437 0.047500 0.065625
0 0.807500 0.681250 0.040000 0.050000
0 0.448750 0.079687 0.057500 0.040625
0 0.691250 0.654687 0.057500 0.046875
0 0.885000 0.587500 0.065000 0.059375
0 0.228750 0.723437 0.047500 0.065625
0 0.516250 0.979688 0.062500 0.059375
0 0.160000 0.100000 0.050000 0.037500
0 0.841250 0.754687 0.042500 0.075000
0 0.710000 0.200000 0.055000 0.059375
0 0.740000 0.037500 0.060000 0.015625
0 0.492500 0.900000 0.050000 0.059375
0 0.365000 0.484375 0.090000 0.093750
0 0.576250 0.314063 0.047500 0.059375
0 0.391250 0.989062 0.047500 0.040625
0 0.448750 0.910937 0.037500 0.100000
0 0.497500 0.637500 0.100000 0.090625
0 0.683750 0.320312 0.042500 0.046875
0 0.155000 0.721875 0.045000 0.050000
0 0.455000 0.021875 0.030000 0.040625
0 0.986250 0.223438 0.027500 0.050000
0 0.256250 0.095312 0.067500 0.059375
0 0.736250 0.257812 0.052500 0.059375
0 0.235000 0.431250 0.070000 0.068750
0 0.312500 0.181250 0.060000 0.087500
0 0.693750 0.376563 0.037500 0.046875
0 0.302500 0.056250 0.035000 0.056250
0 0.880000 0.653125 0.040000 0.062500
0 0.256250 0.382812 0.062500 0.059375
0 0.422500 0.381250 0.170000 0.112500
0 0.820000 0.381250 0.045000 0.059375
0 0.208750 0.214062 0.072500 0.053125
0 0.367500 0.203125 0.055000 0.068750
0 0.465000 0.743750 0.035000 0.040625
0 0.840000 0.993750 0.120000 0.081250
0 0.162500 0.321875 0.060000 0.068750
0 0.617500 0.553125 0.055000 0.096875
0 0.748750 0.867188 0.082500 0.134375
0 0.201250 0.970313 0.082500 0.065625
0 0.191250 0.248438 0.052500 0.050000
0 0.503750 0.173437 0.067500 0.109375
0 0.185000 0.193750 0.115000 0.071875
0 0.760000 0.534375 0.085000 0.134375
0 0.796250 0.345313 0.062500 0.056250
0 0.103750 0.817187 0.052500 0.062500
0 0.350000 0.787500 0.115000 0.128125
0 0.168750 0.642188 0.087500 0.090625
0 0.947500 0.643750 0.045000 0.040625
0 0.850000 0.043750 0.070000 0.040625
0 0.876250 0.298438 0.052500 0.087500
0 0.652500 0.665625 0.040000 0.046875
0 0.671250 0.807813 0.067500 0.096875
0 0.608750 0.854688 0.127500 0.131250
0 0.606250 0.673438 0.042500 0.053125
0 0.412500 0.193750 0.045000 0.059375
0 0.763750 0.139063 0.042500 0.053125
0 0.981250 0.317188 0.037500 0.050000
0 0.816250 0.464062 0.062500 0.050000
0 0.075000 0.415625 0.085000 0.056250
0 0.010000 0.265625 0.020000 0.053125
0 0.868750 0.470313 0.052500 0.056250
0 0.263750 0.239063 0.047500 0.059375
0 0.196250 1.026563 0.092500 0.031250
0 0.962500 0.593750 0.040000 0.050000
0 0.051250 0.110937 0.042500 0.065625
0 0.008750 0.979688 0.017500 0.028125
0 0.713750 0.107813 0.047500 0.075000
0 0.011250 0.123438 0.022500 0.078125
0 0.143750 0.045312 0.057500 0.065625
0 0.611250 0.039062 0.057500 0.037500
0 0.511250 0.039062 0.047500 0.040625
0 0.301250 0.898438 0.042500 0.043750
0 0.360000 0.859375 0.065000 0.037500
0 0.932500 0.021875 0.035000 0.034375
0 0.973750 0.551562 0.032500 0.037500
0 0.031250 0.035937 0.042500 0.046875
0 0.835000 0.265625 0.045000 0.040625
0 0.793750 0.310937 0.042500 0.040625
0 0.387500 0.031250 0.050000 0.065625
0 0.335000 0.062500 0.055000 0.062500
0 0.702500 0.025000 0.040000 0.031250
0 0.413750 0.957812 0.027500 0.031250
0 0.431250 0.873437 0.022500 0.053125
0 0.773750 0.785937 0.027500 0.046875
0 0.741250 0.776563 0.032500 0.043750
0 0.008750 0.620313 0.017500 0.040625
