0 0.877500 0.178125 0.070000 0.075000
0 0.383750 0.609375 0.102500 0.106250
0 0.601250 0.132812 0.127500 0.178125
0 0.113750 0.900000 0.062500 0.087500
0 0.842500 0.639062 0.035000 0.040625
0 0.847500 0.123438 0.125000 0.071875
0 0.747500 0.384375 0.055000 0.056250
0 0.972500 0.207813 0.035000 0.059375
0 0.465000 0.795312 0.040000 0.065625
0 0.920000 0.767188 0.085000 0.121875
0 0.376250 0.101562 0.042500 0.053125
0 0.790000 0.043750 0.060000 0.043750
0 0.402500 0.895312 0.050000 0.059375
0 0.033750 0.842187 0.047500 0.084375
0 0.558750 0.839063 0.082500 0.115625
0 0.096250 0.268750 0.067500 0.100000
0 0.933750 0.289062 0.037500 0.059375
0 0.178750 0.806250 0.047500 0.062500
0 0.057500 0.501563 0.075000 0.115625
0 0.218750 0.023438 0.132500 0.046875
0 0.613750 0.800000 0.057500 0.081250
0 0.951250 0.426563 0.097500 0.146875
0 0.451250 0.123438 0.047500 0.053125
0 0.562500 0.715625 0.050000 0.056250
0 0.401250 0.045312 0.052500 0.040625
0 0.867500 0.585938 0.055000 0.065625
0 0.246250 0.717187 0.047500 0.065625
0 0.531250 0.960938 0.057500 0.078125
0 0.175000 0.098437 0.050000 0.034375
0 0.846250 0.784375 0.042500 0.050000
0 0.710000 0.210938 0.050000 0.059375
0 0.498750 0.867188 0.047500 0.059375
0 0.361250 0.454688 0.087500 0.096875
0 0.586250 0.304688 0.047500 0.071875
0 0.378750 0.993750 0.027500 0.012500
0 0.461250 0.981250 0.042500 0.037500
0 0.492500 0.629687 0.100000 0.090625
0 0.678750 0.339062 0.047500 0.053125
0 0.170000 0.712500 0.055000 0.050000
0 0.447500 0.035937 0.040000 0.040625
0 0.990000 0.218750 0.020000 0.050000
0 0.263750 0.070312 0.067500 0.059375
0 0.741250 0.264062 0.057500 0.053125
0 0.227500 0.425000 0.055000 0.075000
0 0.316250 0.195312 0.047500 0.071875
0 0.670000 0.395313 0.050000 0.046875
0 0.318750 0.014063 0.037500 0.028125
0 0.887500 0.657813 0.045000 0.071875
0 0.265000 0.392188 0.045000 0.065625
0 0.436250 0.315625 0.167500 0.112500
0 0.858750 0.359375 0.057500 0.075000
0 0.192500 0.204687 0.065000 0.053125
0 0.375000 0.173437 0.025000 0.053125
0 0.500000 0.751563 0.045000 0.040625
0 0.850000 0.962500 0.120000 0.075000
0 0.158750 0.354687 0.057500 0.071875
0 0.637500 0.614062 0.065000 0.084375
0 0.708750 0.948438 0.047500 0.071875
0 0.198750 0.964063 0.097500 0.071875
0 0.193750 0.270313 0.057500 0.053125
0 0.505000 0.229687 0.100000 0.065625
0 0.187500 0.165625 0.135000 0.081250
0 0.772500 0.545312 0.105000 0.109375
0 0.796250 0.326562 0.047500 0.065625
0 0.098750 0.787500 0.052500 0.062500
0 0.350000 0.806250 0.120000 0.137500
0 0.172500 0.620313 0.095000 0.109375
0 0.978750 0.640625 0.042500 0.043750
0 0.865000 0.023438 0.060000 0.046875
0 0.878750 0.275000 0.062500 0.106250
0 0.696250 0.667188 0.042500 0.046875
0 0.671250 0.810937 0.072500 0.096875
0 0.623750 0.846875 0.132500 0.131250
0 0.643750 0.689063 0.062500 0.046875
0 0.401250 0.154688 0.042500 0.059375
0 0.766250 0.168750 0.042500 0.062500
0 0.988750 0.293750 0.022500 0.043750
0 0.838750 0.462500 0.062500 0.050000
0 0.093750 0.406250 0.082500 0.093750
0 0.018750 0.317188 0.037500 0.059375
0 0.873750 0.457813 0.067500 0.071875
0 0.250000 0.242188 0.045000 0.065625
0 0.937500 0.595313 0.045000 0.046875
0 0.028750 0.142187 0.042500 0.065625
0 0.737500 0.109375 0.055000 0.075000
0 0.007500 0.146875 0.015000 0.075000
0 0.153750 0.068750 0.062500 0.050000
0 0.655000 0.029687 0.055000 0.040625
0 0.507500 0.023438 0.050000 0.040625
0 0.328750 0.893750 0.042500 0.050000
0 0.395000 0.834375 0.060000 0.043750
0 0.955000 0.546875 0.040000 0.043750
0 0.021250 0.051562 0.042500 0.059375
0 0.822500 0.231250 0.045000 0.043750
0 0.776250 0.281250 0.037500 0.050000
0 0.353750 0.010937 0.027500 0.021875
0 0.315000 0.093750 0.040000 0.056250
0 0.703750 0.020313 0.047500 0.040625
0 0.403750 0.984375 0.027500 0.031250
0 0.448750 0.931250 0.032500 0.068750
0 0.787500 0.746875 0.035000 0.050000
0 0.677500 0.745313 0.045000 0.046875
0 0.021250 0.640625 0.042500 0.062500
0 0.111250 0.021875 0.042500 0.043750
0 0.665000 0.573438 0.045000 0.065625
0 0.723750 0.632812 0.057500 0.034375
0 0.498750 0.976562 0.047500 0.046875
0 0.286250 0.978125 0.037500 0.031250
0 0.822500 0.695312 0.030000 0.034375
0 0.823750 0.659375 0.022500 0.037500
