0 0.880000 0.184375 0.070000 0.075000
0 0.383750 0.620313 0.102500 0.106250
0 0.603750 0.123438 0.127500 0.178125
0 0.112500 0.893750 0.060000 0.087500
0 0.842500 0.640625 0.035000 0.040625
0 0.846250 0.164062 0.122500 0.071875
0 0.747500 0.390625 0.055000 0.056250
0 0.972500 0.200000 0.035000 0.059375
0 0.466250 0.792188 0.042500 0.065625
0 0.920000 0.759375 0.085000 0.121875
0 0.376250 0.101562 0.042500 0.053125
0 0.792500 0.059375 0.060000 0.043750
0 0.402500 0.896875 0.050000 0.059375
0 0.033750 0.829688 0.047500 0.084375
0 0.558750 0.835938 0.082500 0.115625
0 0.096250 0.260937 0.067500 0.100000
0 0.933750 0.282813 0.037500 0.056250
0 0.178750 0.804688 0.047500 0.062500
0 0.057500 0.490625 0.075000 0.115625
0 0.218750 0.082812 0.132500 0.046875
0 0.613750 0.795312 0.057500 0.081250
0 0.952500 0.412500 0.095000 0.146875
0 0.451250 0.126562 0.047500 0.053125
0 0.562500 0.718750 0.050000 0.056250
0 0.401250 0.057813 0.052500 0.040625
0 0.867500 0.587500 0.055000 0.065625
0 0.246250 0.714063 0.047500 0.065625
0 0.531250 0.957812 0.057500 0.078125
0 0.177500 0.112500 0.050000 0.034375
0 0.846250 0.785937 0.042500 0.050000
0 0.710000 0.215625 0.050000 0.059375
0 0.498750 0.867188 0.047500 0.059375
0 0.361250 0.460938 0.087500 0.096875
0 0.586250 0.298438 0.047500 0.071875
0 0.461250 0.992188 0.042500 0.034375
0 0.492500 0.646875 0.100000 0.090625
0 0.678750 0.342187 0.047500 0.053125
0 0.171250 0.723437 0.057500 0.050000
0 0.446250 0.042188 0.042500 0.040625
0 0.990000 0.206250 0.020000 0.050000
0 0.263750 0.082812 0.067500 0.059375
0 0.741250 0.273438 0.057500 0.053125
0 0.227500 0.421875 0.055000 0.075000
0 0.316250 0.189062 0.047500 0.068750
0 0.670000 0.403125 0.050000 0.046875
0 0.318750 0.023438 0.037500 0.028125
0 0.887500 0.653125 0.045000 0.071875
0 0.267500 0.387500 0.045000 0.065625
0 0.436250 0.364063 0.167500 0.112500
0 0.858750 0.354687 0.057500 0.078125
0 0.192500 0.218750 0.065000 0.053125
0 0.500000 0.762500 0.045000 0.040625
0 0.850000 1.000000 0.120000 0.075000
0 0.158750 0.354687 0.057500 0.071875
0 0.637500 0.615625 0.065000 0.084375
0 0.708750 0.945312 0.047500 0.068750
0 0.198750 0.989062 0.097500 0.071875
0 0.193750 0.279687 0.057500 0.053125
0 0.503750 0.264062 0.102500 0.065625
0 0.188750 0.210938 0.137500 0.081250
0 0.772500 0.553125 0.105000 0.106250
0 0.796250 0.323437 0.047500 0.065625
0 0.098750 0.789062 0.052500 0.062500
0 0.350000 0.815625 0.120000 0.137500
0 0.172500 0.625000 0.095000 0.109375
0 0.978750 0.642188 0.042500 0.043750
0 0.865000 0.037500 0.060000 0.046875
0 0.877500 0.262500 0.065000 0.103125
0 0.696250 0.670312 0.042500 0.046875
0 0.671250 0.807813 0.072500 0.096875
0 0.623750 0.864062 0.132500 0.131250
0 0.646250 0.704688 0.062500 0.043750
0 0.402500 0.153125 0.045000 0.059375
0 0.766250 0.167187 0.042500 0.062500
0 0.988750 0.285938 0.022500 0.043750
0 0.841250 0.476562 0.062500 0.050000
0 0.096250 0.410938 0.082500 0.093750
0 0.018750 0.310937 0.037500 0.059375
0 0.873750 0.460938 0.067500 0.071875
0 0.250000 0.237500 0.045000 0.065625
0 0.937500 0.600000 0.045000 0.046875
0 0.028750 0.135937 0.042500 0.065625
0 0.740000 0.106250 0.055000 0.075000
0 0.007500 0.118750 0.015000 0.075000
0 0.155000 0.087500 0.065000 0.050000
0 0.653750 0.042188 0.052500 0.040625
0 0.507500 0.034375 0.050000 0.040625
0 0.328750 0.895312 0.042500 0.050000
0 0.395000 0.850000 0.060000 0.043750
0 0.955000 0.550000 0.040000 0.043750
0 0.021250 0.048438 0.042500 0.059375
0 0.822500 0.234375 0.045000 0.043750
0 0.776250 0.276562 0.037500 0.050000
0 0.352500 0.015625 0.025000 0.018750
0 0.315000 0.090625 0.040000 0.056250
0 0.703750 0.029687 0.047500 0.040625
0 0.401250 0.985938 0.027500 0.031250
0 0.448750 0.920312 0.032500 0.065625
0 0.787500 0.743750 0.035000 0.050000
0 0.675000 0.746875 0.045000 0.043750
0 0.021250 0.635938 0.042500 0.062500
0 0.111250 0.026562 0.042500 0.043750
0 0.662500 0.565625 0.045000 0.065625
0 0.723750 0.651563 0.057500 0.034375
0 0.498750 0.982812 0.047500 0.046875
0 0.286250 0.982812 0.037500 0.034375
0 0.822500 0.696875 0.030000 0.034375
0 0.823750 0.654687 0.022500 0.037500
0 0.376250 0.189062 0.027500 0.037500
0 0.372500 0.156250 0.025000 0.037500
