0 0.901250 0.171875 0.067500 0.075000
0 0.377500 0.628125 0.105000 0.118750
0 0.605000 0.128125 0.130000 0.181250
0 0.121250 0.889062 0.057500 0.071875
0 0.852500 0.645312 0.035000 0.040625
0 0.827500 0.134375 0.085000 0.056250
0 0.756250 0.371875 0.062500 0.056250
0 0.977500 0.209375 0.035000 0.062500
0 0.476250 0.798438 0.047500 0.059375
0 0.918750 0.776563 0.082500 0.128125
0 0.368750 0.110937 0.042500 0.053125
0 0.801250 0.048438 0.067500 0.046875
0 0.415000 0.889062 0.050000 0.059375
0 0.038750 0.853125 0.047500 0.087500
0 0.563750 0.862500 0.082500 0.112500
0 0.098750 0.270313 0.067500 0.103125
0 0.938750 0.289062 0.037500 0.053125
0 0.176250 0.803125 0.047500 0.062500
0 0.057500 0.501563 0.075000 0.115625
0 0.218750 0.023438 0.132500 0.046875
0 0.605000 0.798438 0.065000 0.078125
0 0.957500 0.425000 0.085000 0.143750
0 0.448750 0.110937 0.047500 0.053125
0 0.578750 0.710938 0.052500 0.059375
0 0.390000 0.039062 0.040000 0.040625
0 0.860000 0.593750 0.050000 0.068750
0 0.248750 0.725000 0.047500 0.087500
0 0.537500 0.960938 0.050000 0.078125
0 0.183750 0.100000 0.047500 0.037500
0 0.846250 0.793750 0.042500 0.050000
0 0.711250 0.220312 0.047500 0.059375
0 0.503750 0.860938 0.047500 0.059375
0 0.366250 0.453125 0.082500 0.100000
0 0.590000 0.306250 0.045000 0.075000
0 0.462500 0.985938 0.050000 0.028125
0 0.486250 0.628125 0.097500 0.093750
0 0.678750 0.348438 0.047500 0.053125
0 0.186250 0.714063 0.062500 0.053125
0 0.438750 0.037500 0.047500 0.043750
0 0.990000 0.225000 0.020000 0.050000
0 0.266250 0.067187 0.067500 0.059375
0 0.743750 0.260937 0.057500 0.053125
0 0.232500 0.425000 0.055000 0.075000
0 0.306250 0.201563 0.047500 0.071875
0 0.660000 0.400000 0.055000 0.050000
0 0.320000 0.010937 0.035000 0.021875
0 0.888750 0.664062 0.047500 0.071875
0 0.270000 0.398438 0.045000 0.065625
0 0.445000 0.312500 0.160000 0.112500
0 0.865000 0.346875 0.060000 0.081250
0 0.186250 0.214062 0.057500 0.053125
0 0.510000 0.765625 0.055000 0.043750
0 0.850000 0.965625 0.120000 0.068750
0 0.162500 0.357812 0.055000 0.071875
0 0.655000 0.628125 0.065000 0.081250
0 0.700000 0.959375 0.045000 0.050000
0 0.187500 0.971875 0.090000 0.056250
0 0.193750 0.282813 0.057500 0.059375
0 0.488750 0.228125 0.077500 0.050000
0 0.187500 0.170313 0.145000 0.084375
0 0.770000 0.532813 0.095000 0.103125
0 0.778750 0.323437 0.047500 0.059375
0 0.096250 0.784375 0.052500 0.062500
0 0.348750 0.818750 0.122500 0.137500
0 0.173750 0.614062 0.097500 0.115625
0 0.983750 0.607812 0.032500 0.046875
0 0.868750 0.028125 0.057500 0.056250
0 0.872500 0.256250 0.075000 0.081250
0 0.710000 0.675000 0.040000 0.043750
0 0.670000 0.806250 0.075000 0.100000
0 0.636250 0.856250 0.137500 0.125000
0 0.651250 0.684375 0.057500 0.043750
0 0.393750 0.139063 0.047500 0.065625
0 0.767500 0.185938 0.040000 0.059375
0 0.991250 0.284375 0.017500 0.037500
0 0.848750 0.465625 0.062500 0.050000
0 0.098750 0.409375 0.082500 0.100000
0 0.028750 0.323437 0.037500 0.059375
0 0.872500 0.454688 0.075000 0.078125
0 0.245000 0.243750 0.045000 0.068750
0 0.932500 0.589063 0.045000 0.053125
0 0.027500 0.146875 0.045000 0.075000
0 0.746250 0.110937 0.057500 0.078125
0 0.150000 0.076563 0.065000 0.046875
0 0.670000 0.037500 0.050000 0.043750
0 0.512500 0.018750 0.050000 0.037500
0 0.333750 0.896875 0.042500 0.050000
0 0.403750 0.831250 0.057500 0.043750
0 0.026250 0.054688 0.052500 0.065625
0 0.811250 0.223438 0.042500 0.059375
0 0.781250 0.270313 0.042500 0.053125
0 0.307500 0.115625 0.040000 0.056250
0 0.713750 0.020313 0.047500 0.040625
0 0.383750 0.982812 0.042500 0.034375
0 0.426250 0.975000 0.037500 0.043750
0 0.797500 0.731250 0.035000 0.050000
0 0.677500 0.737500 0.045000 0.043750
0 0.033750 0.643750 0.067500 0.068750
0 0.110000 0.026562 0.045000 0.053125
0 0.652500 0.550000 0.050000 0.062500
0 0.735000 0.629687 0.060000 0.040625
0 0.497500 0.967187 0.050000 0.053125
0 0.288750 0.960938 0.042500 0.046875
0 0.816250 0.693750 0.032500 0.037500
0 0.827500 0.671875 0.025000 0.043750
0 0.370000 0.195312 0.030000 0.034375
0 0.365000 0.160938 0.030000 0.040625
0 0.973750 0.520312 0.027500 0.034375
0 0.948750 0.551562 0.032500 0.040625
