0 0.920000 0.175000 0.055000 0.081250
0 0.326250 0.704688 0.057500 0.059375
0 0.608750 0.101562 0.117500 0.140625
0 0.865000 0.657813 0.035000 0.040625
0 0.843750 0.129688 0.047500 0.053125
0 0.761250 0.364063 0.052500 0.053125
0 0.983750 0.201563 0.032500 0.065625
0 0.483750 0.798438 0.042500 0.053125
0 0.913750 0.812500 0.082500 0.193750
0 0.336250 0.114062 0.047500 0.046875
0 0.827500 0.064062 0.065000 0.053125
0 0.440000 0.887500 0.050000 0.068750
0 0.060000 0.892188 0.045000 0.096875
0 0.591250 0.914062 0.092500 0.090625
0 0.106250 0.281250 0.077500 0.125000
0 0.955000 0.285938 0.040000 0.040625
0 0.168750 0.796875 0.047500 0.062500
0 0.055000 0.498437 0.075000 0.115625
0 0.222500 0.021875 0.125000 0.043750
0 0.563750 0.762500 0.067500 0.087500
0 0.968750 0.415625 0.062500 0.125000
0 0.436250 0.092188 0.047500 0.053125
0 0.606250 0.682813 0.047500 0.059375
0 0.351250 0.015625 0.037500 0.031250
0 0.837500 0.617188 0.050000 0.065625
0 0.245000 0.765625 0.060000 0.062500
0 0.542500 0.978125 0.025000 0.043750
0 0.203750 0.098437 0.047500 0.046875
0 0.705000 0.218750 0.045000 0.050000
0 0.531250 0.873437 0.047500 0.059375
0 0.382500 0.450000 0.065000 0.118750
0 0.595000 0.306250 0.040000 0.081250
0 0.453750 0.975000 0.052500 0.050000
0 0.468750 0.634375 0.092500 0.106250
0 0.691250 0.375000 0.037500 0.056250
0 0.208750 0.720313 0.057500 0.065625
0 0.403750 0.026562 0.062500 0.046875
0 0.256250 0.051562 0.057500 0.059375
0 0.246250 0.442188 0.047500 0.078125
0 0.282500 0.221875 0.050000 0.081250
0 0.906250 0.635938 0.052500 0.078125
0 0.285000 0.414062 0.045000 0.065625
0 0.456250 0.298438 0.132500 0.140625
0 0.882500 0.304688 0.065000 0.078125
0 0.180000 0.226562 0.065000 0.053125
0 0.528750 0.785937 0.052500 0.059375
0 0.872500 0.967187 0.120000 0.065625
0 0.173750 0.375000 0.052500 0.068750
0 0.715000 0.631250 0.060000 0.081250
0 0.672500 0.964063 0.055000 0.059375
0 0.171250 0.984375 0.082500 0.031250
0 0.200000 0.295312 0.065000 0.071875
0 0.186250 0.171875 0.167500 0.087500
0 0.777500 0.503125 0.080000 0.087500
0 0.733750 0.317188 0.062500 0.059375
0 0.088750 0.790625 0.047500 0.056250
0 0.342500 0.835938 0.135000 0.121875
0 0.178750 0.626563 0.097500 0.115625
0 0.995000 0.585938 0.010000 0.053125
0 0.882500 0.018750 0.055000 0.037500
0 0.846250 0.226562 0.082500 0.065625
0 0.738750 0.728125 0.032500 0.043750
0 0.650000 0.770312 0.090000 0.103125
0 0.663750 0.865625 0.152500 0.118750
0 0.656250 0.642188 0.052500 0.059375
0 0.385000 0.157812 0.050000 0.071875
0 0.755000 0.200000 0.040000 0.050000
0 0.878750 0.470313 0.057500 0.053125
0 0.101250 0.418750 0.082500 0.093750
0 0.062500 0.332813 0.040000 0.059375
0 0.888750 0.418750 0.077500 0.068750
0 0.241250 0.265625 0.052500 0.050000
0 0.026250 0.157812 0.052500 0.096875
0 0.766250 0.107813 0.062500 0.084375
0 0.127500 0.085938 0.065000 0.046875
0 0.698750 0.017188 0.052500 0.034375
0 0.343750 0.932813 0.047500 0.059375
0 0.425000 0.815625 0.035000 0.050000
0 0.033750 0.064062 0.067500 0.078125
0 0.787500 0.220312 0.030000 0.059375
0 0.807500 0.296875 0.055000 0.043750
0 0.253750 0.132812 0.052500 0.053125
0 0.755000 0.015625 0.040000 0.031250
0 0.372500 0.990625 0.040000 0.018750
0 0.410000 0.979688 0.045000 0.040625
0 0.797500 0.762500 0.035000 0.056250
0 0.687500 0.721875 0.045000 0.043750
0 0.060000 0.648438 0.120000 0.103125
0 0.091250 0.050000 0.057500 0.068750
0 0.611250 0.503125 0.042500 0.087500
0 0.772500 0.673438 0.035000 0.059375
0 0.503750 0.934375 0.057500 0.056250
0 0.280000 0.971875 0.055000 0.043750
0 0.788750 0.709375 0.032500 0.037500
0 0.855000 0.723437 0.045000 0.059375
0 0.335000 0.226562 0.040000 0.034375
0 0.342500 0.159375 0.040000 0.043750
0 0.963750 0.589063 0.032500 0.053125
0 0.458750 0.210938 0.037500 0.034375
0 0.493750 0.185938 0.037500 0.053125
0 0.987500 0.106250 0.025000 0.050000
0 0.831250 0.781250 0.027500 0.125000
0 0.861250 0.815625 0.032500 0.106250
0 0.761250 0.265625 0.032500 0.056250
0 0.730000 0.268750 0.030000 0.043750
0 0.958750 0.559375 0.027500 0.037500
0 0.940000 0.532813 0.030000 0.034375
0 0.992500 0.781250 0.015000 0.068750
0 0.017500 0.839063 0.035000 0.059375
0 0.008750 0.935937 0.017500 0.053125
0 0.020000 0.406250 0.040000 0.056250
0 0.096250 0.914062 0.032500 0.046875
0 0.110000 0.879687 0.040000 0.053125
0 0.660000 0.423438 0.040000 0.040625
0 0.630000 0.406250 0.030000 0.031250
