0 0.932500 0.145313 0.070000 0.078125
0 0.602500 0.071875 0.100000 0.093750
0 0.875000 0.654687 0.040000 0.053125
0 0.850000 0.110937 0.050000 0.053125
0 0.773750 0.360938 0.082500 0.053125
0 0.987500 0.182812 0.025000 0.059375
0 0.488750 0.796875 0.047500 0.062500
0 0.913750 0.834375 0.082500 0.206250
0 0.322500 0.085938 0.035000 0.059375
0 0.462500 0.876563 0.050000 0.059375
0 0.066250 0.904687 0.047500 0.096875
0 0.615000 0.914062 0.075000 0.096875
0 0.120000 0.284375 0.075000 0.137500
0 0.970000 0.279687 0.045000 0.046875
0 0.168750 0.781250 0.047500 0.062500
0 0.053750 0.495312 0.072500 0.109375
0 0.226250 0.012500 0.092500 0.025000
0 0.530000 0.734375 0.070000 0.081250
0 0.973750 0.415625 0.052500 0.125000
0 0.427500 0.084375 0.045000 0.056250
0 0.630000 0.662500 0.035000 0.081250
0 0.816250 0.629687 0.072500 0.059375
0 0.227500 0.785937 0.050000 0.071875
0 0.212500 0.101562 0.060000 0.053125
0 0.693750 0.217188 0.042500 0.053125
0 0.548750 0.876563 0.047500 0.059375
0 0.400000 0.434375 0.065000 0.143750
0 0.595000 0.309375 0.045000 0.081250
0 0.441250 0.976562 0.062500 0.046875
0 0.462500 0.626563 0.080000 0.096875
0 0.683750 0.378125 0.037500 0.056250
0 0.208750 0.720313 0.057500 0.065625
0 0.388750 0.015625 0.042500 0.031250
0 0.241250 0.062500 0.067500 0.050000
0 0.263750 0.468750 0.047500 0.081250
0 0.275000 0.214062 0.075000 0.065625
0 0.907500 0.632812 0.045000 0.059375
0 0.291250 0.417187 0.047500 0.065625
0 0.462500 0.267188 0.115000 0.128125
0 0.902500 0.267188 0.065000 0.071875
0 0.193750 0.235937 0.072500 0.053125
0 0.536250 0.792188 0.052500 0.059375
0 0.893750 0.985938 0.072500 0.028125
0 0.181250 0.390625 0.062500 0.075000
0 0.681250 0.970313 0.052500 0.053125
0 0.146250 0.989062 0.052500 0.021875
0 0.207500 0.303125 0.070000 0.081250
0 0.182500 0.171875 0.185000 0.087500
0 0.797500 0.495312 0.085000 0.084375
0 0.707500 0.323437 0.045000 0.071875
0 0.087500 0.792188 0.050000 0.065625
0 0.321250 0.864062 0.137500 0.121875
0 0.183750 0.640625 0.097500 0.106250
0 0.893750 0.010937 0.037500 0.021875
0 0.847500 0.220312 0.070000 0.078125
0 0.751250 0.768750 0.037500 0.050000
0 0.626250 0.751563 0.082500 0.096875
0 0.696250 0.879687 0.097500 0.121875
0 0.682500 0.628125 0.035000 0.050000
0 0.377500 0.142187 0.055000 0.078125
0 0.771250 0.204687 0.042500 0.053125
0 0.901250 0.467187 0.057500 0.059375
0 0.101250 0.421875 0.082500 0.087500
0 0.081250 0.310937 0.047500 0.053125
0 0.893750 0.385937 0.062500 0.053125
0 0.263750 0.289062 0.057500 0.071875
0 0.026250 0.171875 0.052500 0.075000
0 0.778750 0.106250 0.057500 0.081250
0 0.126250 0.085938 0.067500 0.053125
0 0.698750 0.015625 0.052500 0.031250
0 0.353750 0.964063 0.047500 0.059375
0 0.440000 0.800000 0.035000 0.050000
0 0.028750 0.085938 0.057500 0.078125
0 0.805000 0.278125 0.040000 0.050000
0 0.842500 0.318750 0.055000 0.056250
0 0.218750 0.140625 0.082500 0.043750
0 0.771250 0.020313 0.042500 0.040625
0 0.405000 0.953125 0.050000 0.043750
0 0.792500 0.801562 0.035000 0.059375
0 0.688750 0.742188 0.052500 0.053125
0 0.070000 0.664062 0.140000 0.121875
0 0.101250 0.035937 0.062500 0.053125
0 0.585000 0.476562 0.045000 0.053125
0 0.806250 0.743750 0.042500 0.062500
0 0.523750 0.943750 0.062500 0.081250
0 0.282500 0.985938 0.045000 0.028125
0 0.752500 0.701562 0.035000 0.046875
0 0.875000 0.732812 0.045000 0.059375
0 0.316250 0.253125 0.042500 0.043750
0 0.337500 0.159375 0.040000 0.043750
0 0.958750 0.581250 0.032500 0.037500
0 0.470000 0.178125 0.035000 0.043750
0 0.507500 0.171875 0.040000 0.043750
0 0.986250 0.078125 0.027500 0.062500
0 0.837500 0.745313 0.035000 0.115625
0 0.866250 0.798438 0.042500 0.090625
0 0.763750 0.293750 0.032500 0.062500
0 0.725000 0.260937 0.035000 0.059375
0 0.981250 0.518750 0.027500 0.037500
0 0.921250 0.523438 0.032500 0.034375
0 0.035000 0.846875 0.040000 0.081250
0 0.017500 0.921875 0.035000 0.062500
0 0.026250 0.389062 0.052500 0.071875
0 0.103750 0.954688 0.042500 0.065625
0 0.122500 0.892188 0.055000 0.071875
0 0.647500 0.435937 0.050000 0.046875
0 0.617500 0.387500 0.045000 0.050000
0 0.797500 0.068750 0.050000 0.037500
0 0.841250 0.048438 0.037500 0.046875
0 0.012500 0.743750 0.025000 0.068750
0 0.298750 0.771875 0.042500 0.043750
0 0.303750 0.710938 0.037500 0.046875
0 0.712500 0.654687 0.030000 0.034375
0 0.741250 0.629687 0.032500 0.053125
0 0.016250 0.045312 0.027500 0.046875
