0 0.933750 0.137500 0.067500 0.075000
0 0.602500 0.065625 0.100000 0.100000
0 0.877500 0.654687 0.035000 0.053125
0 0.848750 0.112500 0.052500 0.056250
0 0.770000 0.360938 0.085000 0.053125
0 0.990000 0.190625 0.020000 0.075000
0 0.490000 0.796875 0.050000 0.062500
0 0.913750 0.840625 0.082500 0.206250
0 0.325000 0.065625 0.040000 0.050000
0 0.468750 0.873437 0.052500 0.059375
0 0.065000 0.904687 0.050000 0.096875
0 0.628750 0.910937 0.067500 0.103125
0 0.128750 0.285938 0.067500 0.140625
0 0.982500 0.285938 0.035000 0.046875
0 0.173750 0.768750 0.047500 0.062500
0 0.053750 0.492188 0.072500 0.103125
0 0.223750 0.009375 0.082500 0.018750
0 0.511250 0.726562 0.072500 0.071875
0 0.976250 0.420312 0.047500 0.134375
0 0.422500 0.079687 0.045000 0.059375
0 0.630000 0.653125 0.040000 0.075000
0 0.797500 0.628125 0.085000 0.075000
0 0.231250 0.789062 0.042500 0.071875
0 0.220000 0.106250 0.065000 0.056250
0 0.686250 0.218750 0.037500 0.056250
0 0.553750 0.882812 0.047500 0.059375
0 0.410000 0.435937 0.065000 0.153125
0 0.596250 0.312500 0.047500 0.081250
0 0.427500 0.979688 0.065000 0.040625
0 0.461250 0.618750 0.072500 0.087500
0 0.208750 0.720313 0.057500 0.065625
0 0.382500 0.012500 0.040000 0.025000
0 0.222500 0.065625 0.075000 0.050000
0 0.268750 0.467187 0.052500 0.071875
0 0.271250 0.218750 0.067500 0.068750
0 0.915000 0.635938 0.045000 0.059375
0 0.295000 0.420312 0.050000 0.065625
0 0.466250 0.259375 0.127500 0.118750
0 0.918750 0.251563 0.062500 0.078125
0 0.193750 0.231250 0.067500 0.050000
0 0.538750 0.795312 0.052500 0.059375
0 0.893750 0.992188 0.057500 0.015625
0 0.188750 0.403125 0.062500 0.081250
0 0.683750 0.973437 0.047500 0.046875
0 0.145000 0.987500 0.050000 0.025000
0 0.216250 0.303125 0.067500 0.087500
0 0.177500 0.171875 0.195000 0.087500
0 0.807500 0.498437 0.085000 0.084375
0 0.698750 0.325000 0.042500 0.075000
0 0.086250 0.795312 0.047500 0.065625
0 0.321250 0.876563 0.137500 0.121875
0 0.186250 0.646875 0.097500 0.100000
0 0.850000 0.218750 0.065000 0.081250
0 0.753750 0.770312 0.037500 0.053125
0 0.615000 0.742188 0.070000 0.084375
0 0.698750 0.876563 0.097500 0.121875
0 0.680000 0.626563 0.040000 0.053125
0 0.372500 0.132812 0.055000 0.084375
0 0.773750 0.215625 0.047500 0.056250
0 0.910000 0.465625 0.060000 0.062500
0 0.098750 0.410938 0.077500 0.084375
0 0.081250 0.300000 0.047500 0.056250
0 0.898750 0.376563 0.052500 0.053125
0 0.271250 0.301563 0.052500 0.071875
0 0.026250 0.179688 0.052500 0.059375
0 0.782500 0.117188 0.055000 0.078125
0 0.126250 0.084375 0.067500 0.056250
0 0.698750 0.014063 0.052500 0.028125
0 0.356250 0.978125 0.047500 0.043750
0 0.443750 0.789062 0.037500 0.046875
0 0.028750 0.085938 0.057500 0.078125
0 0.816250 0.293750 0.047500 0.050000
0 0.853750 0.320312 0.052500 0.065625
0 0.206250 0.142187 0.092500 0.046875
0 0.776250 0.020313 0.047500 0.040625
0 0.408750 0.946875 0.052500 0.043750
0 0.795000 0.804688 0.035000 0.059375
0 0.688750 0.739062 0.057500 0.059375
0 0.085000 0.675000 0.110000 0.118750
0 0.101250 0.035937 0.062500 0.053125
0 0.570000 0.468750 0.060000 0.056250
0 0.818750 0.775000 0.042500 0.093750
0 0.533750 0.951562 0.067500 0.096875
0 0.283750 0.989062 0.037500 0.021875
0 0.740000 0.693750 0.040000 0.056250
0 0.870000 0.732812 0.045000 0.059375
0 0.318750 0.260937 0.042500 0.046875
0 0.332500 0.143750 0.040000 0.043750
0 0.962500 0.575000 0.035000 0.043750
0 0.470000 0.160938 0.035000 0.053125
0 0.515000 0.168750 0.045000 0.037500
0 0.987500 0.064062 0.025000 0.065625
0 0.837500 0.742188 0.035000 0.109375
0 0.882500 0.782813 0.050000 0.053125
0 0.766250 0.295312 0.042500 0.059375
0 0.725000 0.264062 0.040000 0.059375
0 0.971250 0.512500 0.027500 0.037500
0 0.923750 0.526563 0.032500 0.034375
0 0.033750 0.845313 0.042500 0.071875
0 0.016250 0.925000 0.032500 0.062500
0 0.031250 0.390625 0.062500 0.093750
0 0.098750 0.964063 0.052500 0.065625
0 0.127500 0.892188 0.055000 0.071875
0 0.623750 0.435937 0.052500 0.040625
0 0.615000 0.389062 0.035000 0.040625
0 0.792500 0.068750 0.060000 0.037500
0 0.837500 0.029687 0.050000 0.053125
0 0.016250 0.739062 0.032500 0.078125
0 0.281250 0.796875 0.047500 0.050000
0 0.313750 0.706250 0.052500 0.050000
0 0.692500 0.671875 0.040000 0.043750
0 0.721250 0.609375 0.037500 0.062500
0 0.026250 0.034375 0.037500 0.050000
0 0.696250 0.389062 0.032500 0.046875
0 0.660000 0.384375 0.035000 0.031250
0 0.928750 0.025000 0.057500 0.050000
0 0.991250 0.609375 0.017500 0.031250
