0 0.460000 0.500000 0.140000 0.137500
0 0.271250 0.742188 0.262500 0.368750
0 0.563750 0.657813 0.167500 0.428125
0 0.380000 0.584375 0.605000 0.193750
0 0.083750 0.939063 0.167500 0.162500
0 0.345000 0.090625 0.145000 0.246875
0 0.962500 0.628125 0.075000 0.225000
0 0.337500 0.968750 0.140000 0.118750
0 0.202500 0.412500 0.245000 0.421875
0 0.056250 0.739062 0.112500 0.175000
0 0.936250 0.373437 0.127500 0.278125
0 0.813750 1.001562 0.112500 0.068750
0 0.871250 0.848437 0.127500 0.209375
0 0.961250 0.835938 0.077500 0.209375
