0 0.480000 0.478125 0.125000 0.137500
0 0.272500 0.760938 0.265000 0.365625
0 0.561250 0.764062 0.167500 0.428125
0 0.383750 0.301563 0.612500 0.190625
0 0.083750 0.923438 0.167500 0.153125
0 0.347500 0.120313 0.145000 0.240625
0 0.962500 0.689063 0.075000 0.221875
0 0.337500 0.940625 0.140000 0.118750
0 0.205000 0.468750 0.245000 0.418750
0 0.057500 0.756250 0.115000 0.175000
0 0.937500 0.425000 0.125000 0.281250
0 0.816250 0.968750 0.112500 0.062500
0 0.863750 0.867188 0.132500 0.209375
0 0.961250 0.884375 0.077500 0.212500
