0 0.595000 0.471875 0.125000 0.137500
0 0.302500 0.771875 0.295000 0.325000
0 0.558750 0.642188 0.172500 0.415625
0 0.448750 0.526563 0.582500 0.259375
0 0.083750 1.026563 0.167500 0.075000
0 0.370000 0.087500 0.140000 0.215625
0 0.963750 0.589063 0.072500 0.215625
0 0.337500 0.950000 0.140000 0.137500
0 0.223750 0.398438 0.227500 0.393750
0 0.065000 0.750000 0.130000 0.175000
0 0.937500 0.309375 0.125000 0.312500
0 0.803750 0.992188 0.157500 0.106250
0 0.827500 0.840625 0.175000 0.231250
0 0.957500 0.771875 0.085000 0.237500
0 0.062500 0.371875 0.125000 0.225000
