0 0.602500 0.481250 0.125000 0.137500
0 0.325000 0.737500 0.290000 0.293750
0 0.597500 0.701562 0.210000 0.334375
0 0.447500 0.276562 0.575000 0.278125
0 0.090000 0.964063 0.170000 0.065625
0 0.402500 0.107813 0.140000 0.215625
0 0.963750 0.629687 0.072500 0.215625
0 0.337500 0.926562 0.140000 0.146875
0 0.246250 0.440625 0.232500 0.362500
0 0.070000 0.756250 0.140000 0.175000
0 0.935000 0.379688 0.130000 0.321875
0 0.787500 0.935937 0.180000 0.128125
0 0.835000 0.860938 0.210000 0.265625
0 0.955000 0.804688 0.090000 0.253125
0 0.077500 0.414062 0.155000 0.259375
0 0.060000 0.587500 0.120000 0.156250
