0 0.637500 0.481250 0.125000 0.137500
0 0.337500 0.756250 0.275000 0.262500
0 0.607500 0.615625 0.175000 0.331250
0 0.392500 0.437500 0.490000 0.240625
0 0.338750 0.923438 0.142500 0.165625
0 0.330000 0.465625 0.295000 0.287500
0 0.081250 0.770312 0.162500 0.184375
0 0.932500 0.284375 0.135000 0.343750
0 0.757500 0.956250 0.170000 0.150000
0 0.781250 0.723437 0.212500 0.318750
0 0.940000 0.706250 0.120000 0.262500
0 0.095000 0.328125 0.160000 0.318750
0 0.061250 0.585938 0.122500 0.162500
0 0.733750 0.179688 0.287500 0.325000
0 0.065000 0.887500 0.130000 0.165625
