0 0.637500 0.487500 0.125000 0.137500
0 0.342500 0.759375 0.275000 0.262500
0 0.617500 0.640625 0.200000 0.306250
0 0.430000 0.503125 0.565000 0.250000
0 0.091250 1.054688 0.167500 0.046875
0 0.963750 0.567187 0.072500 0.215625
0 0.338750 0.926562 0.142500 0.162500
0 0.322500 0.471875 0.305000 0.284375
0 0.078750 0.767188 0.157500 0.181250
0 0.933750 0.285938 0.132500 0.340625
0 0.763750 0.967187 0.177500 0.143750
0 0.786250 0.751563 0.212500 0.296875
0 0.943750 0.704688 0.112500 0.259375
0 0.091250 0.335938 0.157500 0.315625
0 0.060000 0.590625 0.120000 0.156250
0 0.730000 0.178125 0.285000 0.315625
0 0.060000 0.887500 0.120000 0.156250
