0 0.640000 0.487500 0.125000 0.137500
0 0.342500 0.762500 0.275000 0.262500
0 0.620000 0.650000 0.210000 0.293750
0 0.436250 0.510938 0.577500 0.253125
0 0.091250 1.054688 0.167500 0.046875
0 0.963750 0.567187 0.072500 0.215625
0 0.338750 0.926562 0.142500 0.162500
0 0.318750 0.470313 0.302500 0.290625
0 0.077500 0.765625 0.155000 0.178125
0 0.933750 0.285938 0.132500 0.337500
0 0.766250 0.973437 0.182500 0.140625
0 0.787500 0.762500 0.210000 0.287500
0 0.943750 0.707812 0.112500 0.259375
0 0.088750 0.339062 0.157500 0.312500
0 0.060000 0.590625 0.120000 0.156250
0 0.728750 0.176563 0.282500 0.309375
0 0.057500 0.887500 0.115000 0.153125
