0 0.667500 0.412500 0.125000 0.137500
0 0.330000 0.746875 0.275000 0.262500
0 0.597500 0.590625 0.155000 0.353125
0 0.323750 0.317188 0.352500 0.228125
0 0.338750 0.920312 0.142500 0.168750
0 0.343750 0.454688 0.277500 0.287500
0 0.085000 0.775000 0.170000 0.190625
0 0.932500 0.278125 0.135000 0.346875
0 0.750000 0.937500 0.155000 0.159375
0 0.772500 0.675000 0.215000 0.359375
0 0.930000 0.721875 0.140000 0.271875
0 0.100000 0.321875 0.165000 0.293750
0 0.065000 0.578125 0.130000 0.178125
0 0.716250 0.167187 0.267500 0.312500
0 0.071250 0.895312 0.142500 0.171875
0 0.540000 0.990625 0.195000 0.131250
