0 0.317500 0.690625 0.275000 0.262500
0 0.590000 0.670312 0.155000 0.353125
0 0.297500 0.187500 0.270000 0.218750
0 0.341250 0.925000 0.147500 0.150000
0 0.370000 0.423438 0.245000 0.290625
0 0.092500 0.770312 0.185000 0.203125
0 0.931250 0.359375 0.137500 0.318750
0 0.725000 0.917188 0.145000 0.165625
0 0.752500 0.681250 0.185000 0.381250
0 0.908750 0.789062 0.167500 0.284375
0 0.112500 0.323437 0.175000 0.246875
0 0.073750 0.579688 0.142500 0.209375
0 0.677500 0.145313 0.225000 0.290625
0 0.083750 0.909375 0.167500 0.162500
0 0.532500 0.925000 0.185000 0.150000
0 0.962500 0.956250 0.070000 0.087500
0 0.670000 0.307812 0.105000 0.109375
0 0.716250 0.384375 0.087500 0.100000
