0 0.675000 0.393750 0.125000 0.137500
0 0.330000 0.746875 0.275000 0.262500
0 0.597500 0.590625 0.155000 0.353125
0 0.305000 0.284375 0.315000 0.225000
0 0.338750 0.923438 0.142500 0.165625
0 0.346250 0.451562 0.272500 0.287500
0 0.086250 0.776563 0.172500 0.193750
0 0.932500 0.278125 0.135000 0.350000
0 0.745000 0.931250 0.150000 0.162500
0 0.770000 0.665625 0.210000 0.362500
0 0.926250 0.729688 0.147500 0.275000
0 0.100000 0.321875 0.165000 0.287500
0 0.065000 0.575000 0.130000 0.184375
0 0.711250 0.164062 0.262500 0.309375
0 0.073750 0.901563 0.147500 0.171875
0 0.538750 0.989062 0.192500 0.131250
