0 0.687500 0.362500 0.125000 0.137500
0 0.322500 0.737500 0.275000 0.262500
0 0.592500 0.590625 0.155000 0.353125
0 0.290000 0.246875 0.270000 0.218750
0 0.340000 0.934375 0.145000 0.156250
0 0.361250 0.439063 0.257500 0.290625
0 0.090000 0.781250 0.180000 0.200000
0 0.931250 0.279687 0.137500 0.340625
0 0.735000 0.925000 0.145000 0.165625
0 0.761250 0.632812 0.197500 0.371875
0 0.917500 0.743750 0.165000 0.281250
0 0.105000 0.315625 0.170000 0.265625
0 0.071250 0.570312 0.137500 0.196875
0 0.693750 0.151562 0.242500 0.300000
0 0.078750 0.917188 0.157500 0.168750
0 0.533750 0.976562 0.187500 0.140625
0 0.965000 0.959375 0.070000 0.084375
