0 0.312500 0.725000 0.275000 0.262500
0 0.587500 0.590625 0.155000 0.353125
0 0.302500 0.250000 0.270000 0.218750
0 0.341250 0.948438 0.147500 0.143750
0 0.360000 0.421875 0.245000 0.290625
0 0.096250 0.789062 0.192500 0.209375
0 0.930000 0.293750 0.140000 0.300000
0 0.717500 0.925000 0.145000 0.165625
0 0.747500 0.590625 0.180000 0.384375
0 0.901250 0.754687 0.167500 0.284375
0 0.112500 0.306250 0.175000 0.240625
0 0.076250 0.557813 0.147500 0.221875
0 0.666250 0.132812 0.212500 0.278125
0 0.087500 0.946875 0.175000 0.159375
0 0.530000 0.956250 0.180000 0.156250
0 0.961250 0.954688 0.072500 0.090625
0 0.633750 0.314063 0.117500 0.128125
0 0.702500 0.381250 0.100000 0.109375
