0 0.317500 0.690625 0.275000 0.262500
0 0.590000 0.670312 0.155000 0.353125
0 0.295000 0.187500 0.270000 0.218750
0 0.341250 0.925000 0.147500 0.150000
0 0.370000 0.423438 0.245000 0.290625
0 0.092500 0.770312 0.185000 0.203125
0 0.931250 0.360938 0.137500 0.321875
0 0.727500 0.917188 0.145000 0.165625
0 0.752500 0.682813 0.185000 0.378125
0 0.908750 0.789062 0.167500 0.284375
0 0.108750 0.328125 0.172500 0.250000
0 0.073750 0.579688 0.142500 0.209375
0 0.681250 0.145313 0.227500 0.290625
0 0.082500 0.909375 0.165000 0.162500
0 0.532500 0.926562 0.185000 0.146875
0 0.962500 0.956250 0.070000 0.087500
0 0.676250 0.306250 0.102500 0.106250
0 0.718750 0.387500 0.087500 0.100000
