0 0.310000 0.684375 0.275000 0.262500
0 0.587500 0.670312 0.155000 0.353125
0 0.305000 0.190625 0.270000 0.218750
0 0.341250 0.929688 0.147500 0.140625
0 0.360000 0.414062 0.245000 0.290625
0 0.096250 0.773438 0.192500 0.209375
0 0.930000 0.354687 0.140000 0.296875
0 0.715000 0.917188 0.145000 0.165625
0 0.747500 0.670312 0.180000 0.384375
0 0.901250 0.795312 0.167500 0.284375
0 0.112500 0.317188 0.175000 0.240625
0 0.076250 0.576562 0.147500 0.221875
0 0.666250 0.135937 0.212500 0.271875
0 0.088750 0.917188 0.177500 0.159375
0 0.530000 0.921875 0.180000 0.156250
0 0.961250 0.954688 0.072500 0.090625
0 0.626250 0.303125 0.117500 0.131250
0 0.700000 0.370312 0.100000 0.109375
