0 0.307500 0.721875 0.275000 0.262500
0 0.585000 0.581250 0.155000 0.353125
0 0.315000 0.250000 0.270000 0.218750
0 0.342500 0.962500 0.150000 0.131250
0 0.347500 0.409375 0.245000 0.290625
0 0.096250 0.789062 0.192500 0.212500
0 0.928750 0.307812 0.142500 0.268750
0 0.707500 0.921875 0.145000 0.168750
0 0.747500 0.578125 0.180000 0.384375
0 0.888750 0.764062 0.167500 0.284375
0 0.107500 0.300000 0.175000 0.240625
0 0.080000 0.550000 0.155000 0.240625
0 0.658750 0.135937 0.217500 0.203125
0 0.097500 0.965625 0.190000 0.153125
0 0.527500 0.943750 0.175000 0.165625
0 0.957500 0.953125 0.075000 0.093750
0 0.567500 0.306250 0.135000 0.165625
0 0.677500 0.368750 0.120000 0.118750
