0 0.310000 0.731250 0.275000 0.262500
0 0.592500 0.543750 0.155000 0.353125
0 0.316250 0.217188 0.232500 0.262500
0 0.345000 0.987500 0.155000 0.109375
0 0.332500 0.412500 0.245000 0.290625
0 0.091250 0.782813 0.182500 0.212500
0 0.923750 0.307812 0.152500 0.259375
0 0.697500 0.909375 0.140000 0.178125
0 0.745000 0.553125 0.180000 0.384375
0 0.888750 0.760938 0.167500 0.268750
0 0.122500 0.271875 0.170000 0.253125
0 0.085000 0.531250 0.150000 0.256250
0 0.631250 0.123438 0.197500 0.196875
0 0.125000 0.987500 0.205000 0.140625
0 0.523750 0.917188 0.162500 0.184375
0 0.951250 0.945312 0.077500 0.103125
0 0.493750 0.292187 0.122500 0.246875
0 0.621250 0.351562 0.152500 0.168750
0 0.955000 0.521875 0.090000 0.240625
