0 0.315000 0.746875 0.275000 0.262500
0 0.587500 0.515625 0.175000 0.334375
0 0.363750 0.207813 0.217500 0.281250
0 0.356250 0.910937 0.122500 0.165625
0 0.333750 0.432812 0.237500 0.306250
0 0.077500 0.765625 0.155000 0.212500
0 0.911250 0.304688 0.177500 0.259375
0 0.673750 0.904687 0.137500 0.181250
0 0.737500 0.537500 0.190000 0.381250
0 0.863750 0.757812 0.167500 0.253125
0 0.183750 0.220312 0.157500 0.284375
0 0.092500 0.503125 0.120000 0.259375
0 0.653750 0.148438 0.237500 0.231250
0 0.221250 0.945312 0.152500 0.150000
0 0.538750 0.898438 0.122500 0.178125
0 0.941250 0.935937 0.082500 0.115625
0 0.473750 0.339062 0.127500 0.206250
0 0.528750 0.385937 0.132500 0.131250
0 0.933750 0.517188 0.132500 0.268750
0 0.030000 0.428125 0.060000 0.243750
0 0.862500 0.937500 0.095000 0.121875
0 0.036250 0.210938 0.072500 0.184375
