0 0.315000 0.703125 0.275000 0.262500
0 0.590000 0.578125 0.170000 0.337500
0 0.352500 0.214062 0.215000 0.284375
0 0.345000 0.921875 0.110000 0.156250
0 0.327500 0.434375 0.240000 0.300000
0 0.081250 0.775000 0.162500 0.212500
0 0.913750 0.326562 0.172500 0.259375
0 0.676250 0.909375 0.137500 0.181250
0 0.740000 0.606250 0.185000 0.381250
0 0.871250 0.776563 0.167500 0.253125
0 0.176250 0.264062 0.157500 0.284375
0 0.090000 0.554688 0.120000 0.259375
0 0.640000 0.115625 0.225000 0.231250
0 0.201250 0.929688 0.167500 0.140625
0 0.537500 0.910937 0.130000 0.178125
0 0.943750 0.943750 0.082500 0.112500
0 0.457500 0.407813 0.105000 0.284375
0 0.567500 0.365625 0.130000 0.125000
0 0.937500 0.573438 0.125000 0.265625
0 0.027500 0.509375 0.055000 0.237500
0 0.863750 0.942187 0.092500 0.115625
0 0.033750 0.253125 0.067500 0.175000
