0 0.332500 0.717187 0.275000 0.253125
0 0.580000 0.535937 0.195000 0.315625
0 0.405000 0.131250 0.330000 0.231250
0 0.346250 0.939063 0.077500 0.121875
0 0.361250 0.464062 0.227500 0.340625
0 0.077500 0.800000 0.155000 0.212500
0 0.905000 0.304688 0.190000 0.259375
0 0.651250 0.909375 0.137500 0.181250
0 0.727500 0.620313 0.215000 0.371875
0 0.806250 0.785937 0.167500 0.253125
0 0.211250 0.264062 0.152500 0.253125
0 0.095000 0.543750 0.125000 0.262500
0 0.620000 0.118750 0.370000 0.237500
0 0.270000 0.915625 0.215000 0.131250
0 0.513750 0.910937 0.107500 0.178125
0 0.931250 0.935937 0.087500 0.128125
0 0.522500 0.328125 0.165000 0.118750
0 0.407500 0.317188 0.135000 0.165625
0 0.927500 0.556250 0.140000 0.275000
0 0.023750 0.557813 0.047500 0.259375
0 0.862500 0.931250 0.110000 0.137500
0 0.051250 0.281250 0.102500 0.237500
0 0.955000 0.776563 0.075000 0.196875
