0 0.355000 0.821875 0.330000 0.218750
0 0.592500 0.443750 0.195000 0.312500
0 0.447500 0.343750 0.375000 0.196875
0 0.318750 0.526563 0.257500 0.262500
0 0.072500 0.784375 0.145000 0.206250
0 0.890000 0.281250 0.220000 0.253125
0 0.616250 0.892188 0.127500 0.187500
0 0.707500 0.562500 0.175000 0.331250
0 0.736250 0.820312 0.167500 0.253125
0 0.187500 0.253125 0.185000 0.221875
0 0.120000 0.509375 0.155000 0.284375
0 0.422500 0.190625 0.305000 0.134375
0 0.326250 0.901563 0.247500 0.165625
0 0.483750 0.854688 0.107500 0.212500
0 0.906250 0.985938 0.107500 0.081250
0 0.576250 0.320312 0.212500 0.165625
0 0.392500 0.396875 0.235000 0.118750
0 0.908750 0.495312 0.177500 0.253125
0 0.025000 0.459375 0.050000 0.275000
0 0.851250 0.857812 0.112500 0.212500
0 0.038750 0.170313 0.077500 0.215625
0 0.915000 0.715625 0.165000 0.287500
