0 0.333750 0.823438 0.307500 0.221875
0 0.581250 0.429688 0.202500 0.309375
0 0.407500 0.250000 0.310000 0.256250
0 0.331250 0.542188 0.252500 0.262500
0 0.067500 0.765625 0.135000 0.209375
0 0.881250 0.289062 0.237500 0.246875
0 0.612500 0.884375 0.120000 0.190625
0 0.712500 0.556250 0.175000 0.331250
0 0.711250 0.839063 0.167500 0.253125
0 0.175000 0.262500 0.190000 0.237500
0 0.115000 0.503125 0.155000 0.284375
0 0.357500 0.131250 0.210000 0.103125
0 0.381250 0.910937 0.297500 0.175000
0 0.481250 0.892188 0.112500 0.178125
0 0.905000 1.015625 0.110000 0.053125
0 0.591250 0.167187 0.127500 0.121875
0 0.427500 0.425000 0.280000 0.140625
0 0.910000 0.484375 0.170000 0.237500
0 0.023750 0.457813 0.047500 0.275000
0 0.858750 0.851562 0.122500 0.218750
0 0.030000 0.153125 0.060000 0.196875
0 0.911250 0.717187 0.177500 0.300000
0 0.645000 0.137500 0.220000 0.168750
0 0.220000 1.028125 0.195000 0.093750
