0 0.300000 0.821875 0.270000 0.221875
0 0.602500 0.462500 0.125000 0.171875
0 0.380000 0.203125 0.260000 0.290625
0 0.348750 0.551562 0.262500 0.262500
0 0.055000 0.700000 0.110000 0.228125
0 0.868750 0.242188 0.242500 0.290625
0 0.606250 0.864062 0.112500 0.206250
0 0.717500 0.550000 0.175000 0.331250
0 0.720000 0.846875 0.155000 0.237500
0 0.165000 0.275000 0.195000 0.253125
0 0.111250 0.495312 0.152500 0.284375
0 0.486250 0.792188 0.187500 0.171875
0 0.472500 0.925000 0.130000 0.156250
0 0.905000 1.028125 0.110000 0.040625
0 0.627500 0.212500 0.135000 0.109375
0 0.470000 0.312500 0.240000 0.240625
0 0.912500 0.475000 0.170000 0.237500
0 0.866250 0.857812 0.142500 0.218750
0 0.031250 0.129688 0.062500 0.193750
0 0.910000 0.715625 0.180000 0.303125
0 0.646250 0.142187 0.227500 0.128125
0 0.226250 1.007812 0.202500 0.118750
0 0.167500 0.109375 0.175000 0.150000
