0 0.322500 0.748437 0.295000 0.221875
0 0.588750 0.462500 0.177500 0.262500
0 0.396250 0.181250 0.292500 0.268750
0 0.335000 0.523438 0.250000 0.265625
0 0.062500 0.770312 0.125000 0.215625
0 0.878750 0.260937 0.242500 0.246875
0 0.611250 0.903125 0.117500 0.193750
0 0.715000 0.612500 0.175000 0.331250
0 0.713750 0.862500 0.162500 0.250000
0 0.173750 0.268750 0.192500 0.243750
0 0.115000 0.545312 0.155000 0.284375
0 0.418750 0.793750 0.252500 0.175000
0 0.476250 0.918750 0.122500 0.162500
0 0.905000 0.978125 0.110000 0.043750
0 0.587500 0.131250 0.165000 0.118750
0 0.442500 0.320312 0.300000 0.146875
0 0.912500 0.493750 0.170000 0.237500
0 0.023750 0.565625 0.047500 0.275000
0 0.862500 0.884375 0.130000 0.218750
0 0.030000 0.204687 0.060000 0.196875
0 0.911250 0.757812 0.177500 0.303125
0 0.646250 0.093750 0.227500 0.187500
0 0.222500 0.948438 0.200000 0.103125
