0 0.312500 0.754687 0.285000 0.221875
0 0.595000 0.465625 0.155000 0.225000
0 0.388750 0.182812 0.277500 0.278125
0 0.340000 0.523438 0.255000 0.265625
0 0.058750 0.760938 0.117500 0.221875
0 0.875000 0.253125 0.245000 0.256250
0 0.610000 0.901563 0.115000 0.196875
0 0.715000 0.609375 0.175000 0.331250
0 0.717500 0.865625 0.160000 0.243750
0 0.168750 0.275000 0.192500 0.250000
0 0.112500 0.545312 0.155000 0.284375
0 0.453750 0.778125 0.217500 0.175000
0 0.472500 0.925000 0.130000 0.150000
0 0.905000 0.979688 0.110000 0.040625
0 0.593750 0.135937 0.177500 0.115625
0 0.453750 0.306250 0.272500 0.187500
0 0.912500 0.490625 0.170000 0.237500
0 0.023750 0.565625 0.047500 0.275000
0 0.862500 0.881250 0.135000 0.218750
0 0.030000 0.198437 0.060000 0.196875
0 0.911250 0.757812 0.177500 0.303125
0 0.646250 0.081250 0.227500 0.162500
0 0.223750 0.943750 0.202500 0.112500
