0 0.298750 0.764062 0.267500 0.221875
0 0.605000 0.471875 0.120000 0.162500
0 0.377500 0.185938 0.255000 0.290625
0 0.350000 0.518750 0.265000 0.262500
0 0.055000 0.745313 0.110000 0.228125
0 0.867500 0.231250 0.240000 0.300000
0 0.606250 0.896875 0.112500 0.206250
0 0.717500 0.606250 0.175000 0.331250
0 0.718750 0.868750 0.152500 0.237500
0 0.165000 0.282813 0.195000 0.253125
0 0.112500 0.543750 0.150000 0.281250
0 0.486250 0.756250 0.192500 0.168750
0 0.472500 0.921875 0.130000 0.156250
0 0.633750 0.190625 0.127500 0.106250
0 0.473750 0.279687 0.232500 0.253125
0 0.912500 0.484375 0.170000 0.237500
0 0.867500 0.878125 0.145000 0.218750
0 0.032500 0.185938 0.065000 0.190625
0 0.910000 0.754687 0.180000 0.303125
0 0.646250 0.060937 0.227500 0.121875
0 0.228750 0.940625 0.202500 0.118750
0 0.170000 0.075000 0.175000 0.150000
