0 0.258750 0.810937 0.257500 0.246875
0 0.611250 0.473438 0.102500 0.128125
0 0.353750 0.195312 0.207500 0.321875
0 0.372500 0.512500 0.285000 0.262500
0 0.057500 0.751563 0.115000 0.215625
0 0.850000 0.187500 0.235000 0.375000
0 0.602500 0.882812 0.110000 0.234375
0 0.720000 0.587500 0.175000 0.331250
0 0.725000 0.876563 0.140000 0.221875
0 0.150000 0.301563 0.195000 0.253125
0 0.112500 0.551562 0.125000 0.278125
0 0.502500 0.721875 0.260000 0.131250
0 0.472500 0.910937 0.130000 0.178125
0 0.677500 0.203125 0.095000 0.100000
0 0.523750 0.176563 0.147500 0.278125
0 0.913750 0.476562 0.172500 0.240625
0 0.866250 0.871875 0.157500 0.218750
0 0.047500 0.162500 0.095000 0.143750
0 0.908750 0.756250 0.182500 0.306250
0 0.686250 0.057813 0.152500 0.115625
0 0.246250 0.940625 0.202500 0.118750
0 0.190000 0.089063 0.175000 0.178125
