0 0.243750 0.829688 0.262500 0.259375
0 0.367500 0.170313 0.190000 0.296875
0 0.373750 0.503125 0.277500 0.268750
0 0.058750 0.753125 0.117500 0.212500
0 0.841250 0.181250 0.227500 0.362500
0 0.601250 0.878125 0.107500 0.243750
0 0.722500 0.578125 0.175000 0.331250
0 0.717500 0.879687 0.135000 0.221875
0 0.142500 0.307812 0.195000 0.253125
0 0.112500 0.553125 0.115000 0.275000
0 0.485000 0.712500 0.260000 0.131250
0 0.472500 0.906250 0.130000 0.187500
0 0.682500 0.170313 0.085000 0.096875
0 0.550000 0.104688 0.115000 0.209375
0 0.912500 0.473438 0.175000 0.240625
0 0.858750 0.871875 0.157500 0.218750
0 0.053750 0.153125 0.107500 0.137500
0 0.907500 0.756250 0.185000 0.306250
0 0.686250 0.057813 0.152500 0.115625
0 0.255000 0.937500 0.200000 0.125000
0 0.200000 0.093750 0.175000 0.187500
0 0.556250 0.439063 0.082500 0.134375
0 0.628750 0.479687 0.087500 0.128125
