0 0.238750 0.829688 0.262500 0.259375
0 0.371250 0.157812 0.182500 0.284375
0 0.371250 0.498437 0.272500 0.271875
0 0.058750 0.754687 0.117500 0.209375
0 0.837500 0.178125 0.225000 0.356250
0 0.601250 0.875000 0.107500 0.250000
0 0.722500 0.575000 0.175000 0.331250
0 0.717500 0.879687 0.135000 0.221875
0 0.142500 0.314063 0.195000 0.253125
0 0.113750 0.556250 0.117500 0.275000
0 0.480000 0.706250 0.260000 0.131250
0 0.472500 0.904687 0.130000 0.190625
0 0.682500 0.153125 0.080000 0.093750
0 0.558750 0.090625 0.117500 0.181250
0 0.912500 0.470313 0.175000 0.240625
0 0.856250 0.871875 0.157500 0.218750
0 0.056250 0.150000 0.112500 0.143750
0 0.907500 0.753125 0.185000 0.306250
0 0.686250 0.057813 0.152500 0.115625
0 0.255000 0.934375 0.195000 0.131250
0 0.205000 0.096875 0.175000 0.193750
0 0.553750 0.442188 0.082500 0.140625
0 0.626250 0.471875 0.082500 0.143750
