0 0.226250 0.867188 0.262500 0.259375
0 0.386250 0.104688 0.167500 0.256250
0 0.370000 0.509375 0.260000 0.281250
0 0.060000 0.728125 0.120000 0.206250
0 0.827500 0.137500 0.220000 0.346875
0 0.597500 0.806250 0.105000 0.259375
0 0.722500 0.509375 0.175000 0.331250
0 0.710000 0.853125 0.130000 0.221875
0 0.142500 0.318750 0.195000 0.253125
0 0.118750 0.504687 0.132500 0.275000
0 0.462500 0.790625 0.260000 0.131250
0 0.472500 0.881250 0.130000 0.200000
0 0.686250 0.114062 0.067500 0.090625
0 0.573750 0.076563 0.122500 0.106250
0 0.911250 0.457813 0.177500 0.243750
0 0.851250 0.860938 0.157500 0.218750
0 0.062500 0.137500 0.125000 0.153125
0 0.907500 0.715625 0.185000 0.306250
0 0.257500 0.968750 0.185000 0.146875
0 0.215000 0.106250 0.170000 0.215625
0 0.552500 0.431250 0.085000 0.153125
0 0.636250 0.429688 0.082500 0.153125
0 0.025000 0.246875 0.050000 0.359375
