0 0.241250 0.864062 0.262500 0.259375
0 0.368750 0.135937 0.187500 0.293750
0 0.372500 0.537500 0.275000 0.271875
0 0.058750 0.723437 0.117500 0.212500
0 0.838750 0.142187 0.227500 0.359375
0 0.601250 0.820312 0.107500 0.246875
0 0.722500 0.521875 0.175000 0.331250
0 0.717500 0.853125 0.135000 0.221875
0 0.142500 0.306250 0.195000 0.253125
0 0.115000 0.487500 0.115000 0.275000
0 0.482500 0.806250 0.260000 0.131250
0 0.472500 0.893750 0.130000 0.187500
0 0.683750 0.167187 0.082500 0.096875
0 0.552500 0.071875 0.115000 0.203125
0 0.912500 0.459375 0.175000 0.240625
0 0.858750 0.860938 0.157500 0.218750
0 0.055000 0.150000 0.110000 0.140625
0 0.907500 0.715625 0.185000 0.306250
0 0.686250 0.095312 0.152500 0.115625
0 0.253750 0.995313 0.197500 0.128125
0 0.200000 0.109375 0.175000 0.190625
0 0.553750 0.423438 0.082500 0.137500
0 0.627500 0.462500 0.085000 0.134375
