0 0.251250 0.825000 0.262500 0.256250
0 0.357500 0.184375 0.200000 0.312500
0 0.372500 0.510938 0.285000 0.265625
0 0.057500 0.751563 0.115000 0.215625
0 0.846250 0.184375 0.232500 0.368750
0 0.601250 0.881250 0.107500 0.237500
0 0.722500 0.584375 0.175000 0.331250
0 0.722500 0.876563 0.140000 0.221875
0 0.147500 0.304688 0.195000 0.253125
0 0.113750 0.551562 0.122500 0.278125
0 0.495000 0.718750 0.260000 0.131250
0 0.472500 0.909375 0.130000 0.181250
0 0.682500 0.193750 0.095000 0.100000
0 0.535000 0.150000 0.135000 0.250000
0 0.913750 0.473438 0.172500 0.240625
0 0.863750 0.871875 0.157500 0.218750
0 0.050000 0.159375 0.100000 0.137500
0 0.908750 0.756250 0.182500 0.306250
0 0.686250 0.057813 0.152500 0.115625
0 0.251250 0.940625 0.202500 0.118750
0 0.195000 0.090625 0.175000 0.181250
0 0.556250 0.432812 0.082500 0.128125
0 0.632500 0.492188 0.095000 0.109375
