0 0.267500 0.840625 0.255000 0.237500
0 0.611250 0.473438 0.102500 0.128125
0 0.357500 0.168750 0.215000 0.318750
0 0.368750 0.557813 0.282500 0.262500
0 0.056250 0.710938 0.112500 0.218750
0 0.853750 0.151562 0.237500 0.375000
0 0.605000 0.840625 0.110000 0.228125
0 0.720000 0.534375 0.175000 0.331250
0 0.726250 0.851562 0.142500 0.225000
0 0.152500 0.293750 0.195000 0.253125
0 0.112500 0.490625 0.130000 0.278125
0 0.501250 0.817187 0.252500 0.137500
0 0.472500 0.906250 0.130000 0.175000
0 0.675000 0.218750 0.095000 0.100000
0 0.513750 0.151562 0.157500 0.300000
0 0.913750 0.464062 0.172500 0.237500
0 0.866250 0.864062 0.157500 0.218750
0 0.045000 0.146875 0.090000 0.153125
0 0.908750 0.717187 0.182500 0.306250
0 0.686250 0.095312 0.152500 0.115625
0 0.243750 1.007812 0.202500 0.118750
0 0.187500 0.109375 0.175000 0.171875
