0 0.170000 0.906250 0.235000 0.225000
0 0.426250 0.104688 0.167500 0.243750
0 0.358750 0.454688 0.197500 0.262500
0 0.063750 0.751563 0.127500 0.187500
0 0.786250 0.120313 0.192500 0.300000
0 0.596250 0.767188 0.102500 0.284375
0 0.740000 0.462500 0.150000 0.343750
0 0.692500 0.937500 0.115000 0.134375
0 0.132500 0.337500 0.195000 0.253125
0 0.132500 0.550000 0.190000 0.271875
0 0.448750 0.764062 0.322500 0.150000
0 0.465000 0.818750 0.115000 0.253125
0 0.738750 0.076563 0.087500 0.103125
0 0.906250 0.448437 0.187500 0.253125
0 0.828750 0.854688 0.157500 0.218750
0 0.085000 0.131250 0.145000 0.193750
0 0.905000 0.715625 0.190000 0.309375
0 0.308750 0.873437 0.132500 0.209375
0 0.252500 0.096875 0.155000 0.228125
0 0.517500 0.453125 0.140000 0.187500
0 0.612500 0.387500 0.125000 0.221875
0 0.023750 0.245312 0.047500 0.331250
