0 0.190000 0.878125 0.260000 0.253125
0 0.415000 0.103125 0.165000 0.253125
0 0.366250 0.448437 0.227500 0.303125
0 0.062500 0.746875 0.125000 0.193750
0 0.798750 0.126562 0.202500 0.315625
0 0.596250 0.773438 0.102500 0.284375
0 0.732500 0.465625 0.145000 0.343750
0 0.692500 0.856250 0.115000 0.215625
0 0.145000 0.346875 0.195000 0.253125
0 0.128750 0.539062 0.172500 0.271875
0 0.452500 0.768750 0.305000 0.143750
0 0.470000 0.850000 0.125000 0.228125
0 0.726250 0.117188 0.097500 0.115625
0 0.556250 0.054688 0.087500 0.078125
0 0.907500 0.453125 0.185000 0.250000
0 0.836250 0.857812 0.157500 0.218750
0 0.078750 0.126562 0.147500 0.181250
0 0.905000 0.715625 0.190000 0.309375
0 0.283750 0.907813 0.152500 0.187500
0 0.242500 0.100000 0.160000 0.271875
0 0.527500 0.446875 0.120000 0.171875
0 0.616250 0.395313 0.107500 0.200000
0 0.025000 0.246875 0.050000 0.340625
