0 0.182500 0.854688 0.250000 0.240625
0 0.420000 0.126562 0.165000 0.253125
0 0.363750 0.454688 0.217500 0.296875
0 0.063750 0.764062 0.127500 0.190625
0 0.793750 0.154688 0.197500 0.309375
0 0.596250 0.848437 0.102500 0.284375
0 0.735000 0.543750 0.145000 0.343750
0 0.692500 0.909375 0.115000 0.181250
0 0.140000 0.345313 0.195000 0.253125
0 0.130000 0.567187 0.180000 0.271875
0 0.450000 0.642188 0.315000 0.146875
0 0.467500 0.881250 0.120000 0.237500
0 0.733750 0.093750 0.092500 0.112500
0 0.556250 0.039062 0.087500 0.078125
0 0.907500 0.459375 0.185000 0.250000
0 0.833750 0.865625 0.157500 0.218750
0 0.082500 0.131250 0.145000 0.187500
0 0.905000 0.751563 0.190000 0.309375
0 0.295000 0.901563 0.145000 0.196875
0 0.246250 0.132812 0.157500 0.265625
0 0.521250 0.456250 0.127500 0.175000
0 0.615000 0.423438 0.115000 0.209375
0 0.025000 0.384375 0.050000 0.337500
