0 0.162500 0.882812 0.225000 0.215625
0 0.432500 0.115625 0.170000 0.231250
0 0.355000 0.464062 0.185000 0.240625
0 0.065000 0.767188 0.130000 0.184375
0 0.782500 0.148438 0.190000 0.296875
0 0.596250 0.842187 0.102500 0.284375
0 0.741250 0.537500 0.152500 0.343750
0 0.692500 0.948438 0.115000 0.103125
0 0.130000 0.339062 0.195000 0.253125
0 0.132500 0.565625 0.195000 0.268750
0 0.446250 0.637500 0.322500 0.150000
0 0.462500 0.870313 0.110000 0.259375
0 0.743750 0.059375 0.087500 0.093750
0 0.906250 0.457813 0.187500 0.253125
0 0.826250 0.865625 0.157500 0.218750
0 0.087500 0.142187 0.145000 0.196875
0 0.905000 0.751563 0.190000 0.309375
0 0.312500 0.892188 0.130000 0.215625
0 0.257500 0.104688 0.155000 0.209375
0 0.513750 0.467187 0.147500 0.196875
0 0.610000 0.415625 0.130000 0.231250
0 0.023750 0.379688 0.047500 0.328125
