0 0.143750 0.945312 0.207500 0.184375
0 0.447500 0.109375 0.175000 0.193750
0 0.341250 0.476562 0.142500 0.175000
0 0.066250 0.764062 0.132500 0.178125
0 0.768750 0.114062 0.182500 0.281250
0 0.595000 0.756250 0.105000 0.281250
0 0.750000 0.462500 0.160000 0.343750
0 0.677500 1.031250 0.150000 0.062500
0 0.137500 0.331250 0.205000 0.243750
0 0.137500 0.559375 0.210000 0.271875
0 0.436250 0.767188 0.322500 0.150000
0 0.458750 0.817187 0.107500 0.250000
0 0.625000 0.187500 0.095000 0.109375
0 0.903750 0.435937 0.187500 0.253125
0 0.821250 0.848437 0.157500 0.218750
0 0.095000 0.137500 0.145000 0.206250
0 0.903750 0.717187 0.192500 0.312500
0 0.307500 0.856250 0.130000 0.225000
0 0.270000 0.093750 0.150000 0.143750
0 0.503750 0.473438 0.167500 0.234375
0 0.605000 0.375000 0.150000 0.253125
0 0.023750 0.245312 0.047500 0.318750
0 0.945000 0.971875 0.110000 0.096875
