0 0.156250 0.926562 0.217500 0.206250
0 0.437500 0.106250 0.170000 0.218750
0 0.350000 0.465625 0.170000 0.221875
0 0.065000 0.759375 0.130000 0.184375
0 0.778750 0.117188 0.187500 0.290625
0 0.598750 0.760938 0.102500 0.284375
0 0.745000 0.462500 0.155000 0.343750
0 0.690000 0.990625 0.125000 0.087500
0 0.125000 0.331250 0.195000 0.253125
0 0.135000 0.556250 0.200000 0.268750
0 0.441250 0.764062 0.322500 0.150000
0 0.461250 0.798438 0.107500 0.268750
0 0.746250 0.060937 0.087500 0.087500
0 0.906250 0.445312 0.187500 0.253125
0 0.823750 0.851562 0.157500 0.218750
0 0.090000 0.134375 0.145000 0.200000
0 0.903750 0.717187 0.192500 0.309375
0 0.310000 0.862500 0.130000 0.218750
0 0.261250 0.095312 0.152500 0.187500
0 0.511250 0.464062 0.152500 0.209375
0 0.608750 0.379688 0.137500 0.237500
0 0.023750 0.245312 0.047500 0.325000
