0 0.157500 0.889062 0.220000 0.209375
0 0.435000 0.110937 0.170000 0.221875
0 0.352500 0.470313 0.175000 0.228125
0 0.065000 0.770312 0.130000 0.184375
0 0.780000 0.146875 0.190000 0.293750
0 0.598750 0.839063 0.102500 0.284375
0 0.745000 0.537500 0.155000 0.343750
0 0.690000 0.954688 0.120000 0.090625
0 0.127500 0.335938 0.195000 0.253125
0 0.135000 0.565625 0.200000 0.268750
0 0.443750 0.637500 0.322500 0.150000
0 0.461250 0.867188 0.107500 0.265625
0 0.746250 0.054688 0.087500 0.090625
0 0.906250 0.454688 0.187500 0.253125
0 0.826250 0.862500 0.157500 0.218750
0 0.090000 0.143750 0.145000 0.200000
0 0.903750 0.751563 0.192500 0.309375
0 0.312500 0.892188 0.130000 0.215625
0 0.261250 0.096875 0.152500 0.193750
0 0.511250 0.471875 0.152500 0.206250
0 0.607500 0.414062 0.135000 0.234375
0 0.023750 0.379688 0.047500 0.328125
