0 0.117500 0.987500 0.205000 0.140625
0 0.453750 0.126562 0.202500 0.184375
0 0.068750 0.779687 0.137500 0.165625
0 0.742500 0.103125 0.165000 0.250000
0 0.550000 0.815625 0.180000 0.206250
0 0.765000 0.462500 0.175000 0.343750
0 0.176250 0.339062 0.237500 0.215625
0 0.146250 0.545312 0.222500 0.293750
0 0.441250 0.754687 0.287500 0.146875
0 0.450000 0.950000 0.120000 0.125000
0 0.526250 0.304688 0.122500 0.143750
0 0.901250 0.410938 0.187500 0.253125
0 0.803750 0.835938 0.157500 0.218750
0 0.102500 0.140625 0.165000 0.206250
0 0.902500 0.715625 0.195000 0.312500
0 0.297500 0.831250 0.130000 0.246875
0 0.270000 0.093750 0.150000 0.075000
0 0.488750 0.501563 0.212500 0.265625
0 0.607500 0.368750 0.150000 0.253125
0 0.023750 0.245312 0.047500 0.306250
0 0.940000 0.962500 0.120000 0.112500
0 0.346250 0.582812 0.102500 0.140625
0 0.452500 0.656250 0.115000 0.106250
0 0.967500 0.268750 0.065000 0.137500
