0 0.136250 0.915625 0.207500 0.168750
0 0.456250 0.084375 0.177500 0.168750
0 0.367500 0.525000 0.135000 0.162500
0 0.067500 0.771875 0.135000 0.175000
0 0.761250 0.135937 0.177500 0.271875
0 0.580000 0.825000 0.130000 0.256250
0 0.755000 0.531250 0.165000 0.343750
0 0.673750 0.971875 0.157500 0.056250
0 0.150000 0.317188 0.215000 0.234375
0 0.140000 0.560937 0.215000 0.278125
0 0.431250 0.643750 0.322500 0.150000
0 0.456250 0.896875 0.112500 0.206250
0 0.517500 0.304688 0.105000 0.134375
0 0.903750 0.439063 0.187500 0.253125
0 0.816250 0.859375 0.157500 0.218750
0 0.098750 0.153125 0.147500 0.212500
0 0.902500 0.750000 0.195000 0.312500
0 0.305000 0.882812 0.130000 0.234375
0 0.270000 0.057813 0.150000 0.115625
0 0.498750 0.496875 0.182500 0.256250
0 0.605000 0.404687 0.150000 0.253125
0 0.023750 0.371875 0.047500 0.312500
0 0.943750 0.948438 0.112500 0.103125
