0 0.136250 0.957812 0.207500 0.171875
0 0.456250 0.110937 0.177500 0.175000
0 0.360000 0.515625 0.135000 0.162500
0 0.067500 0.768750 0.135000 0.175000
0 0.761250 0.110937 0.177500 0.271875
0 0.582500 0.771875 0.125000 0.262500
0 0.755000 0.462500 0.165000 0.343750
0 0.673750 1.042188 0.157500 0.056250
0 0.150000 0.334375 0.215000 0.237500
0 0.138750 0.554688 0.212500 0.278125
0 0.431250 0.770312 0.322500 0.150000
0 0.455000 0.853125 0.110000 0.215625
0 0.517500 0.303125 0.105000 0.134375
0 0.903750 0.429688 0.187500 0.253125
0 0.816250 0.848437 0.157500 0.218750
0 0.097500 0.140625 0.145000 0.212500
0 0.903750 0.714063 0.192500 0.312500
0 0.305000 0.850000 0.130000 0.231250
0 0.270000 0.093750 0.150000 0.121875
0 0.500000 0.481250 0.180000 0.253125
0 0.605000 0.371875 0.150000 0.253125
0 0.023750 0.245312 0.047500 0.315625
0 0.943750 0.967187 0.112500 0.103125
