0 0.097500 1.000000 0.195000 0.121875
0 0.462500 0.128125 0.175000 0.168750
0 0.071250 0.810937 0.142500 0.159375
0 0.707500 0.100000 0.160000 0.240625
0 0.542500 0.831250 0.200000 0.212500
0 0.747500 0.481250 0.180000 0.343750
0 0.193750 0.289062 0.207500 0.234375
0 0.147500 0.512500 0.195000 0.300000
0 0.478750 0.667188 0.252500 0.212500
0 0.443750 1.001562 0.132500 0.081250
0 0.548750 0.307812 0.162500 0.159375
0 0.886250 0.376563 0.187500 0.253125
0 0.778750 0.823438 0.157500 0.218750
0 0.112500 0.143750 0.205000 0.196875
0 0.883750 0.682813 0.197500 0.315625
0 0.307500 0.803125 0.130000 0.246875
0 0.298750 0.092188 0.147500 0.090625
0 0.476250 0.492188 0.237500 0.253125
0 0.607500 0.359375 0.150000 0.253125
0 0.023750 0.245312 0.047500 0.306250
0 0.925000 0.950000 0.125000 0.128125
0 0.266250 0.601562 0.117500 0.184375
0 0.347500 0.587500 0.080000 0.134375
0 0.957500 0.281250 0.085000 0.100000
0 0.930000 0.096875 0.140000 0.150000
