0 0.097500 0.940625 0.195000 0.118750
0 0.468750 0.100000 0.157500 0.156250
0 0.071250 0.804688 0.142500 0.159375
0 0.705000 0.120313 0.160000 0.240625
0 0.543750 0.814063 0.202500 0.215625
0 0.747500 0.540625 0.180000 0.343750
0 0.193750 0.275000 0.202500 0.237500
0 0.147500 0.537500 0.190000 0.300000
0 0.486250 0.620313 0.247500 0.215625
0 0.443750 0.960938 0.132500 0.078125
0 0.551250 0.282813 0.162500 0.159375
0 0.883750 0.382812 0.187500 0.253125
0 0.778750 0.834375 0.157500 0.218750
0 0.113750 0.118750 0.202500 0.200000
0 0.881250 0.710938 0.197500 0.315625
0 0.307500 0.845313 0.130000 0.246875
0 0.301250 0.045312 0.147500 0.090625
0 0.473750 0.465625 0.237500 0.250000
0 0.607500 0.392188 0.150000 0.253125
0 0.023750 0.368750 0.047500 0.306250
0 0.922500 0.935937 0.125000 0.128125
0 0.267500 0.618750 0.120000 0.193750
0 0.346250 0.601562 0.082500 0.140625
0 0.956250 0.276562 0.087500 0.096875
0 0.932500 0.081250 0.135000 0.143750
