0 0.097500 1.006250 0.195000 0.115625
0 0.470000 0.143750 0.215000 0.206250
0 0.080000 0.821875 0.155000 0.165625
0 0.703750 0.095312 0.152500 0.234375
0 0.542500 0.834375 0.205000 0.218750
0 0.747500 0.481250 0.180000 0.343750
0 0.193750 0.264062 0.187500 0.246875
0 0.147500 0.500000 0.180000 0.300000
0 0.513750 0.660937 0.222500 0.234375
0 0.446250 1.004687 0.132500 0.078125
0 0.556250 0.295312 0.162500 0.159375
0 0.876250 0.364063 0.187500 0.253125
0 0.773750 0.820312 0.157500 0.218750
0 0.117500 0.143750 0.200000 0.209375
0 0.876250 0.664062 0.197500 0.315625
0 0.310000 0.793750 0.130000 0.246875
0 0.308750 0.092188 0.147500 0.096875
0 0.466250 0.476562 0.237500 0.237500
0 0.607500 0.359375 0.150000 0.253125
0 0.023750 0.245312 0.047500 0.306250
0 0.917500 0.950000 0.125000 0.128125
0 0.263750 0.576562 0.132500 0.234375
0 0.358750 0.570312 0.092500 0.140625
0 0.953750 0.285938 0.092500 0.087500
0 0.942500 0.078125 0.115000 0.131250
