0 0.097500 0.940625 0.195000 0.118750
0 0.476250 0.093750 0.132500 0.131250
0 0.072500 0.804688 0.145000 0.159375
0 0.702500 0.120313 0.160000 0.240625
0 0.543750 0.814063 0.202500 0.215625
0 0.747500 0.540625 0.180000 0.343750
0 0.193750 0.273438 0.197500 0.240625
0 0.148750 0.537500 0.187500 0.300000
0 0.498750 0.628125 0.237500 0.225000
0 0.443750 0.960938 0.132500 0.078125
0 0.551250 0.279687 0.162500 0.159375
0 0.881250 0.379688 0.187500 0.253125
0 0.776250 0.834375 0.157500 0.218750
0 0.116250 0.120313 0.202500 0.203125
0 0.878750 0.704688 0.197500 0.315625
0 0.307500 0.842187 0.130000 0.246875
0 0.303750 0.046875 0.147500 0.093750
0 0.471250 0.459375 0.237500 0.243750
0 0.607500 0.392188 0.150000 0.253125
0 0.023750 0.368750 0.047500 0.306250
0 0.920000 0.935937 0.125000 0.128125
0 0.265000 0.615625 0.125000 0.212500
0 0.351250 0.592187 0.087500 0.140625
0 0.956250 0.275000 0.087500 0.093750
0 0.936250 0.078125 0.127500 0.137500
