0 0.096250 1.017187 0.192500 0.103125
0 0.113750 0.839063 0.197500 0.184375
0 0.718750 0.076563 0.122500 0.212500
0 0.545000 0.837500 0.210000 0.225000
0 0.747500 0.481250 0.180000 0.343750
0 0.195000 0.218750 0.150000 0.271875
0 0.123750 0.489063 0.172500 0.300000
0 0.540000 0.665625 0.205000 0.250000
0 0.448750 1.004687 0.132500 0.078125
0 0.578750 0.273438 0.162500 0.159375
0 0.866250 0.339062 0.187500 0.253125
0 0.763750 0.820312 0.157500 0.218750
0 0.125000 0.137500 0.190000 0.228125
0 0.868750 0.645312 0.197500 0.315625
0 0.315000 0.775000 0.130000 0.246875
0 0.325000 0.090625 0.145000 0.106250
0 0.448750 0.426563 0.232500 0.234375
0 0.605000 0.353125 0.150000 0.253125
0 0.023750 0.245312 0.047500 0.306250
0 0.890000 0.950000 0.125000 0.128125
0 0.260000 0.512500 0.135000 0.246875
0 0.377500 0.528125 0.115000 0.156250
0 0.951250 0.264062 0.097500 0.125000
0 0.967500 0.040625 0.065000 0.090625
0 0.508750 0.076563 0.122500 0.109375
0 0.438750 0.176563 0.152500 0.131250
