0 0.096250 0.948438 0.192500 0.103125
0 0.115000 0.807813 0.200000 0.184375
0 0.718750 0.106250 0.122500 0.212500
0 0.545000 0.818750 0.210000 0.225000
0 0.747500 0.540625 0.180000 0.343750
0 0.195000 0.260937 0.150000 0.271875
0 0.123750 0.531250 0.172500 0.300000
0 0.540000 0.665625 0.205000 0.250000
0 0.448750 0.960938 0.132500 0.078125
0 0.581250 0.251563 0.162500 0.159375
0 0.866250 0.345313 0.187500 0.253125
0 0.761250 0.831250 0.157500 0.218750
0 0.125000 0.129688 0.190000 0.228125
0 0.868750 0.679688 0.197500 0.315625
0 0.315000 0.817187 0.130000 0.246875
0 0.327500 0.053125 0.145000 0.106250
0 0.451250 0.393750 0.232500 0.237500
0 0.605000 0.385937 0.150000 0.253125
0 0.023750 0.368750 0.047500 0.306250
0 0.890000 0.935937 0.125000 0.128125
0 0.260000 0.545312 0.135000 0.246875
0 0.378750 0.529687 0.117500 0.159375
0 0.951250 0.265625 0.097500 0.131250
0 0.967500 0.045312 0.065000 0.090625
0 0.511250 0.057813 0.122500 0.115625
0 0.440000 0.151562 0.160000 0.134375
