0 0.085000 0.981250 0.170000 0.121875
0 0.115000 0.840625 0.200000 0.184375
0 0.718750 0.076563 0.122500 0.212500
0 0.545000 0.837500 0.210000 0.225000
0 0.747500 0.481250 0.180000 0.343750
0 0.195000 0.218750 0.150000 0.271875
0 0.108750 0.485938 0.172500 0.300000
0 0.545000 0.675000 0.205000 0.250000
0 0.448750 1.004687 0.132500 0.078125
0 0.598750 0.260937 0.162500 0.159375
0 0.861250 0.323437 0.187500 0.253125
0 0.756250 0.820312 0.157500 0.218750
0 0.122500 0.125000 0.190000 0.228125
0 0.863750 0.635938 0.197500 0.315625
0 0.320000 0.765625 0.130000 0.246875
0 0.332500 0.090625 0.145000 0.109375
0 0.446250 0.364063 0.217500 0.256250
0 0.600000 0.337500 0.150000 0.253125
0 0.023750 0.245312 0.047500 0.306250
0 0.890000 0.950000 0.125000 0.128125
0 0.262500 0.465625 0.135000 0.246875
0 0.382500 0.500000 0.125000 0.178125
0 0.951250 0.235937 0.097500 0.181250
0 0.967500 0.040625 0.065000 0.090625
0 0.525000 0.078125 0.125000 0.146875
0 0.442500 0.212500 0.195000 0.150000
