0 0.097500 0.945312 0.195000 0.109375
0 0.098750 0.809375 0.177500 0.175000
0 0.716250 0.107813 0.127500 0.215625
0 0.545000 0.818750 0.210000 0.225000
0 0.747500 0.540625 0.180000 0.343750
0 0.196250 0.264062 0.167500 0.259375
0 0.138750 0.534375 0.172500 0.300000
0 0.535000 0.656250 0.205000 0.250000
0 0.448750 0.960938 0.132500 0.078125
0 0.563750 0.264062 0.162500 0.159375
0 0.868750 0.357812 0.187500 0.253125
0 0.768750 0.831250 0.157500 0.218750
0 0.123750 0.132812 0.192500 0.221875
0 0.871250 0.689063 0.197500 0.315625
0 0.312500 0.826562 0.130000 0.246875
0 0.317500 0.050000 0.145000 0.100000
0 0.455000 0.425000 0.240000 0.225000
0 0.607500 0.389062 0.150000 0.253125
0 0.023750 0.368750 0.047500 0.306250
0 0.902500 0.935937 0.125000 0.128125
0 0.262500 0.582812 0.135000 0.246875
0 0.373750 0.556250 0.107500 0.137500
0 0.951250 0.265625 0.097500 0.081250
0 0.956250 0.057813 0.087500 0.109375
0 0.490000 0.045312 0.120000 0.090625
0 0.441250 0.131250 0.097500 0.106250
