0 0.380000 0.546875 0.285000 0.481250
0 0.065000 0.281250 0.130000 0.450000
0 0.570000 0.950000 0.145000 0.140625
0 0.967500 0.400000 0.065000 0.212500
0 0.603750 0.617188 0.257500 0.353125
0 0.232500 0.759375 0.225000 0.381250
0 0.122500 0.768750 0.175000 0.265625
0 0.378750 0.535937 0.472500 0.268750
0 0.801250 0.976562 0.397500 0.090625
0 0.338750 0.279687 0.447500 0.234375
0 0.638750 0.885938 0.222500 0.228125
0 0.896250 0.207813 0.207500 0.246875
0 0.915000 0.896875 0.170000 0.209375
0 0.733750 1.060938 0.152500 0.034375
