0 0.392500 0.562500 0.280000 0.503125
0 0.062500 0.265625 0.125000 0.443750
0 0.606250 0.973437 0.097500 0.087500
0 0.971250 0.395313 0.057500 0.209375
0 0.578750 0.592187 0.207500 0.281250
0 0.233750 0.770312 0.227500 0.371875
0 0.117500 0.784375 0.130000 0.215625
0 0.430000 0.565625 0.465000 0.243750
0 0.790000 0.984375 0.420000 0.093750
0 0.373750 0.298438 0.477500 0.268750
0 0.583750 0.789062 0.182500 0.253125
0 0.877500 0.187500 0.245000 0.290625
0 0.897500 0.887500 0.205000 0.240625
0 0.710000 1.006250 0.185000 0.109375
