0 0.410000 0.584375 0.275000 0.537500
0 0.060000 0.246875 0.120000 0.437500
0 0.611250 0.976562 0.087500 0.078125
0 0.976250 0.389062 0.047500 0.203125
0 0.546250 0.554688 0.137500 0.178125
0 0.217500 0.821875 0.195000 0.300000
0 0.116250 0.789062 0.122500 0.203125
0 0.508750 0.570312 0.447500 0.253125
0 0.772500 0.996875 0.455000 0.103125
0 0.422500 0.281250 0.450000 0.290625
0 0.527500 0.706250 0.115000 0.134375
0 0.853750 0.182812 0.292500 0.321875
0 0.880000 0.868750 0.240000 0.281250
0 0.670000 0.934375 0.220000 0.200000
