0 0.441250 0.664062 0.237500 0.478125
0 0.062500 0.206250 0.125000 0.418750
0 0.983750 0.385937 0.032500 0.187500
0 0.142500 0.871875 0.195000 0.250000
0 0.706250 0.382812 0.352500 0.487500
0 0.736250 1.020312 0.497500 0.109375
0 0.511250 0.173437 0.277500 0.281250
0 0.620000 0.656250 0.115000 0.134375
0 0.817500 0.228125 0.365000 0.312500
0 0.862500 0.834375 0.275000 0.337500
0 0.576250 0.829688 0.262500 0.312500
0 0.122500 0.862500 0.100000 0.115625
0 0.672500 1.053125 0.155000 0.043750
0 0.522500 0.478125 0.080000 0.109375
0 0.558750 0.560937 0.107500 0.156250
