0 0.505000 0.882812 0.140000 0.234375
0 0.065000 0.306250 0.130000 0.406250
0 0.983750 0.529687 0.032500 0.065625
0 0.102500 0.873437 0.205000 0.253125
0 0.730000 0.404687 0.300000 0.459375
0 0.711250 0.782813 0.497500 0.109375
0 0.536250 0.160938 0.227500 0.321875
0 0.663750 0.607812 0.187500 0.240625
0 0.802500 0.153125 0.395000 0.306250
0 0.852500 0.817187 0.295000 0.365625
0 0.553750 0.796875 0.272500 0.337500
0 0.108750 0.873437 0.092500 0.109375
0 0.661250 0.973437 0.162500 0.053125
0 0.516250 0.420312 0.092500 0.196875
0 0.520000 0.553125 0.205000 0.212500
