0 0.570000 0.982812 0.065000 0.034375
0 0.058750 0.109375 0.117500 0.206250
0 0.066250 0.801562 0.132500 0.228125
0 0.798750 0.171875 0.102500 0.306250
0 0.580000 0.801562 0.350000 0.109375
0 0.742500 0.370312 0.220000 0.490625
0 0.547500 0.354687 0.185000 0.334375
0 0.557500 0.118750 0.325000 0.237500
0 0.787500 0.701562 0.425000 0.596875
0 0.393750 0.650000 0.347500 0.462500
0 0.032500 0.921875 0.065000 0.106250
0 0.585000 0.929688 0.215000 0.140625
0 0.328750 0.142187 0.152500 0.284375
0 0.292500 0.317188 0.335000 0.321875
0 0.248750 0.928125 0.147500 0.143750
