0 0.570000 1.003125 0.105000 0.062500
0 0.071250 0.142187 0.142500 0.384375
0 0.096250 0.845313 0.192500 0.268750
0 0.775000 0.325000 0.195000 0.400000
0 0.661250 1.073438 0.497500 0.109375
0 0.586250 0.098437 0.157500 0.406250
0 0.673750 0.514062 0.252500 0.300000
0 0.773750 0.282813 0.452500 0.296875
0 0.828750 0.760938 0.342500 0.453125
0 0.510000 0.743750 0.295000 0.390625
0 0.066250 0.923438 0.087500 0.106250
0 0.635000 1.037500 0.175000 0.068750
0 0.396250 0.139063 0.187500 0.328125
0 0.440000 0.509375 0.270000 0.265625
