0 0.027500 0.026562 0.055000 0.053125
0 0.037500 0.717187 0.075000 0.290625
0 0.813750 0.090625 0.127500 0.181250
0 0.251250 0.745313 0.232500 0.221875
0 0.886250 0.451562 0.227500 0.553125
0 0.523750 0.178125 0.277500 0.287500
0 0.493750 0.085938 0.247500 0.171875
0 0.770000 0.689063 0.440000 0.621875
0 0.287500 0.396875 0.190000 0.450000
0 0.013750 0.862500 0.027500 0.075000
0 0.518750 0.860938 0.277500 0.278125
0 0.318750 0.067187 0.042500 0.134375
0 0.101250 0.151562 0.202500 0.278125
0 0.260000 0.903125 0.170000 0.193750
