0 0.047500 0.059375 0.095000 0.125000
0 0.052500 0.721875 0.105000 0.231250
0 0.806250 0.067187 0.107500 0.262500
0 0.470000 0.862500 0.220000 0.128125
0 0.867500 0.437500 0.265000 0.493750
0 0.501250 0.239063 0.212500 0.309375
0 0.530000 0.187500 0.300000 0.200000
0 0.777500 0.653125 0.440000 0.621875
0 0.332500 0.478125 0.255000 0.484375
0 0.020000 0.906250 0.040000 0.084375
0 0.558750 0.954688 0.247500 0.200000
0 0.322500 0.062500 0.100000 0.256250
0 0.220000 0.309375 0.380000 0.353125
0 0.253750 0.935937 0.157500 0.162500
