0 0.027500 0.034375 0.055000 0.053125
0 0.036250 0.570312 0.072500 0.312500
0 0.806250 0.073438 0.117500 0.140625
0 0.222500 0.759375 0.230000 0.231250
0 0.892500 0.275000 0.215000 0.578125
0 0.568750 0.210938 0.277500 0.287500
0 0.481250 0.139063 0.222500 0.171875
0 0.767500 0.653125 0.440000 0.621875
0 0.306250 0.276562 0.222500 0.393750
0 0.018750 0.832812 0.037500 0.084375
0 0.506250 0.876563 0.267500 0.290625
0 0.317500 0.015625 0.025000 0.090625
0 0.066250 0.085938 0.132500 0.243750
0 0.262500 0.903125 0.175000 0.206250
0 0.388750 0.895312 0.127500 0.184375
0 0.948750 0.720313 0.097500 0.315625
