0 0.036250 0.639062 0.072500 0.346875
0 0.796250 0.040625 0.102500 0.081250
0 0.183750 0.712500 0.227500 0.243750
0 0.882500 0.389062 0.235000 0.609375
0 0.625000 0.189062 0.270000 0.278125
0 0.463750 0.084375 0.187500 0.168750
0 0.761250 0.693750 0.442500 0.612500
0 0.327500 0.242188 0.265000 0.315625
0 0.025000 0.839063 0.050000 0.103125
0 0.488750 0.846875 0.252500 0.306250
0 0.317500 0.045312 0.025000 0.090625
0 0.066250 0.145313 0.132500 0.209375
0 0.263750 0.887500 0.182500 0.225000
0 0.387500 0.900000 0.135000 0.200000
0 0.898750 0.745313 0.157500 0.328125
