0 0.023750 0.545312 0.047500 0.209375
0 0.095000 0.587500 0.190000 0.246875
0 0.832500 0.146875 0.235000 0.578125
0 0.718750 0.245312 0.207500 0.200000
0 0.465000 0.081250 0.130000 0.081250
0 0.715000 0.784375 0.470000 0.509375
0 0.446250 0.135937 0.192500 0.418750
0 0.036250 0.782813 0.072500 0.131250
0 0.477500 0.853125 0.215000 0.281250
0 0.056250 0.201563 0.112500 0.115625
0 0.236250 0.739062 0.182500 0.375000
0 0.383750 0.860938 0.152500 0.234375
0 0.767500 0.609375 0.270000 0.321875
0 0.957500 0.046875 0.075000 0.046875
0 0.948750 0.660937 0.102500 0.246875
0 0.930000 0.125000 0.090000 0.137500
