0 0.032500 0.496875 0.065000 0.325000
0 0.796250 0.064062 0.102500 0.078125
0 0.145000 0.681250 0.215000 0.237500
0 0.868750 0.195312 0.262500 0.637500
0 0.661250 0.226562 0.242500 0.243750
0 0.470000 0.106250 0.170000 0.137500
0 0.743750 0.707812 0.452500 0.575000
0 0.373750 0.207813 0.237500 0.356250
0 0.030000 0.803125 0.060000 0.118750
0 0.472500 0.831250 0.240000 0.318750
0 0.066250 0.154688 0.132500 0.175000
0 0.253750 0.832812 0.182500 0.281250
0 0.386250 0.876563 0.142500 0.212500
0 0.853750 0.645312 0.212500 0.337500
