0 0.028750 0.517188 0.057500 0.275000
0 0.117500 0.640625 0.205000 0.231250
0 0.858750 0.170313 0.272500 0.646875
0 0.687500 0.234375 0.225000 0.221875
0 0.475000 0.100000 0.160000 0.115625
0 0.730000 0.740625 0.460000 0.546875
0 0.406250 0.173437 0.217500 0.384375
0 0.032500 0.793750 0.065000 0.125000
0 0.470000 0.831250 0.230000 0.312500
0 0.066250 0.176563 0.132500 0.153125
0 0.246250 0.792188 0.182500 0.321875
0 0.386250 0.870313 0.147500 0.221875
0 0.821250 0.620313 0.247500 0.343750
0 0.965000 0.043750 0.070000 0.143750
0 0.967500 0.703125 0.065000 0.203125
0 0.972500 0.159375 0.045000 0.112500
