0 0.020000 0.568750 0.040000 0.156250
0 0.086250 0.539062 0.172500 0.281250
0 0.812500 0.128125 0.205000 0.518750
0 0.748750 0.270313 0.237500 0.225000
0 0.448750 0.060937 0.097500 0.050000
0 0.701250 0.817187 0.477500 0.481250
0 0.475000 0.109375 0.175000 0.443750
0 0.038750 0.776563 0.077500 0.134375
0 0.483750 0.873437 0.202500 0.253125
0 0.046250 0.217188 0.092500 0.084375
0 0.226250 0.695312 0.182500 0.418750
0 0.381250 0.832812 0.157500 0.265625
0 0.722500 0.600000 0.290000 0.303125
0 0.937500 0.046875 0.075000 0.046875
0 0.931250 0.626563 0.137500 0.284375
0 0.892500 0.093750 0.125000 0.159375
