0 0.032500 0.496875 0.065000 0.321875
0 0.796250 0.064062 0.102500 0.078125
0 0.142500 0.678125 0.215000 0.237500
0 0.868750 0.192188 0.262500 0.640625
0 0.663750 0.226562 0.242500 0.243750
0 0.470000 0.106250 0.170000 0.137500
0 0.741250 0.710938 0.452500 0.571875
0 0.376250 0.204687 0.237500 0.359375
0 0.031250 0.801562 0.062500 0.118750
0 0.472500 0.828125 0.240000 0.321875
0 0.066250 0.154688 0.132500 0.175000
0 0.253750 0.829688 0.182500 0.284375
0 0.386250 0.876563 0.142500 0.212500
0 0.852500 0.643750 0.215000 0.340625
0 0.968750 0.039062 0.062500 0.221875
