0 0.017500 0.571875 0.035000 0.134375
0 0.072500 0.509375 0.145000 0.262500
0 0.800000 0.115625 0.185000 0.471875
0 0.770000 0.287500 0.260000 0.243750
0 0.440000 0.050000 0.080000 0.031250
0 0.691250 0.842187 0.482500 0.459375
0 0.482500 0.106250 0.170000 0.453125
0 0.040000 0.750000 0.080000 0.150000
0 0.488750 0.885938 0.192500 0.234375
0 0.038750 0.207813 0.077500 0.068750
0 0.217500 0.668750 0.185000 0.446875
0 0.376250 0.795312 0.157500 0.303125
0 0.688750 0.592187 0.302500 0.290625
0 0.922500 0.046875 0.075000 0.046875
0 0.913750 0.604688 0.152500 0.303125
0 0.867500 0.081250 0.130000 0.150000
