0 0.021250 0.564063 0.042500 0.168750
0 0.090000 0.550000 0.180000 0.278125
0 0.818750 0.132812 0.212500 0.534375
0 0.742500 0.262500 0.230000 0.218750
0 0.452500 0.065625 0.105000 0.056250
0 0.705000 0.809375 0.475000 0.487500
0 0.471250 0.110937 0.177500 0.440625
0 0.038750 0.779687 0.077500 0.134375
0 0.482500 0.868750 0.205000 0.259375
0 0.050000 0.218750 0.100000 0.093750
0 0.228750 0.704688 0.182500 0.409375
0 0.383750 0.848437 0.157500 0.250000
0 0.732500 0.603125 0.285000 0.306250
0 0.942500 0.046875 0.075000 0.046875
0 0.935000 0.634375 0.130000 0.275000
0 0.901250 0.101562 0.117500 0.156250
