0 0.035000 0.503125 0.070000 0.350000
0 0.796250 0.064062 0.102500 0.078125
0 0.181250 0.732812 0.227500 0.243750
0 0.881250 0.226562 0.237500 0.612500
0 0.628750 0.220312 0.267500 0.275000
0 0.462500 0.115625 0.185000 0.168750
0 0.758750 0.667188 0.442500 0.609375
0 0.331250 0.248438 0.262500 0.321875
0 0.025000 0.815625 0.050000 0.103125
0 0.488750 0.851562 0.252500 0.306250
0 0.317500 0.015625 0.025000 0.090625
0 0.066250 0.126562 0.132500 0.206250
0 0.263750 0.885938 0.182500 0.228125
0 0.387500 0.884375 0.135000 0.200000
0 0.896250 0.676562 0.162500 0.328125
