0 0.012500 0.612500 0.025000 0.100000
0 0.060000 0.531250 0.120000 0.250000
0 0.781250 0.176563 0.147500 0.353125
0 0.810000 0.268750 0.300000 0.275000
0 0.440000 0.015625 0.080000 0.031250
0 0.692500 0.764062 0.485000 0.421875
0 0.496250 0.235937 0.157500 0.471875
0 0.041250 0.743750 0.082500 0.175000
0 0.501250 0.954688 0.092500 0.090625
0 0.023750 0.178125 0.047500 0.037500
0 0.197500 0.753125 0.200000 0.487500
0 0.366250 0.814063 0.157500 0.371875
0 0.658750 0.504687 0.297500 0.278125
0 0.895000 0.023438 0.075000 0.046875
0 0.863750 0.629687 0.152500 0.303125
0 0.821250 0.051562 0.107500 0.103125
0 0.726250 0.090625 0.162500 0.181250
0 0.738750 0.987500 0.397500 0.025000
