0 0.463750 0.267188 0.177500 0.253125
0 0.852500 0.128125 0.235000 0.187500
0 0.736250 0.748437 0.097500 0.309375
0 0.075000 0.962500 0.145000 0.075000
0 0.091250 0.853125 0.147500 0.181250
0 0.848750 0.310937 0.227500 0.209375
0 0.076250 0.635938 0.132500 0.278125
0 0.741250 0.935937 0.217500 0.128125
0 0.808750 0.506250 0.252500 0.193750
0 0.266250 0.890625 0.237500 0.187500
0 0.240000 0.618750 0.180000 0.275000
0 0.968750 0.559375 0.062500 0.187500
0 0.966250 0.703125 0.067500 0.118750
0 0.970000 0.210938 0.060000 0.128125
