0 0.458750 0.279687 0.172500 0.218750
0 0.801250 0.226562 0.257500 0.156250
0 0.736250 0.657813 0.112500 0.281250
0 0.063750 1.007812 0.127500 0.071875
0 0.101250 0.879687 0.187500 0.184375
0 0.831250 0.348438 0.232500 0.200000
0 0.078750 0.585938 0.127500 0.268750
0 0.783750 0.948438 0.192500 0.171875
0 0.757500 0.590625 0.320000 0.193750
0 0.281250 0.957812 0.242500 0.187500
0 0.256250 0.560937 0.207500 0.290625
0 0.960000 0.515625 0.080000 0.187500
0 0.938750 0.679688 0.102500 0.150000
0 0.956250 0.198437 0.087500 0.109375
0 0.973750 0.067187 0.052500 0.109375
0 0.715000 0.975000 0.045000 0.037500
0 0.970000 0.812500 0.060000 0.131250
0 0.961250 0.329688 0.077500 0.218750
