0 0.456250 0.129688 0.117500 0.206250
0 0.872500 0.159375 0.235000 0.196875
0 0.741250 0.673438 0.097500 0.309375
0 0.082500 1.021875 0.160000 0.078125
0 0.086250 0.860938 0.152500 0.184375
0 0.871250 0.342187 0.212500 0.218750
0 0.075000 0.571875 0.135000 0.287500
0 0.722500 1.021875 0.215000 0.112500
0 0.207500 1.012500 0.085000 0.040625
0 0.817500 0.584375 0.250000 0.193750
0 0.250000 0.925000 0.220000 0.187500
0 0.226250 0.614062 0.167500 0.253125
0 0.968750 0.501563 0.062500 0.187500
0 0.975000 0.690625 0.050000 0.090625
