0 0.456250 0.279687 0.162500 0.203125
0 0.787500 0.231250 0.275000 0.153125
0 0.731250 0.639062 0.112500 0.278125
0 0.065000 1.006250 0.130000 0.075000
0 0.103750 0.892188 0.207500 0.190625
0 0.858750 0.292187 0.152500 0.184375
0 0.080000 0.590625 0.125000 0.262500
0 0.782500 0.928125 0.205000 0.200000
0 0.752500 0.571875 0.320000 0.193750
0 0.286250 0.957812 0.242500 0.187500
0 0.261250 0.554688 0.207500 0.290625
0 0.955000 0.521875 0.090000 0.187500
0 0.913750 0.676562 0.127500 0.162500
0 0.953750 0.195312 0.092500 0.112500
0 0.966250 0.067187 0.067500 0.115625
0 0.738750 0.948438 0.042500 0.046875
0 0.956250 0.817187 0.087500 0.153125
0 0.952500 0.331250 0.095000 0.234375
