0 0.481250 0.285938 0.187500 0.265625
0 0.735000 0.212500 0.275000 0.125000
0 0.726250 0.610938 0.122500 0.281250
0 0.068750 1.001562 0.137500 0.084375
0 0.113750 0.857812 0.227500 0.237500
0 0.082500 0.606250 0.120000 0.246875
0 0.826250 0.901563 0.157500 0.196875
0 0.730000 0.503125 0.245000 0.190625
0 0.293750 1.017187 0.242500 0.134375
0 0.276250 0.529687 0.207500 0.290625
0 0.918750 0.576562 0.157500 0.150000
0 0.848750 0.642188 0.157500 0.175000
0 0.940000 0.178125 0.120000 0.134375
0 0.921250 0.082812 0.127500 0.093750
0 0.771250 0.917188 0.042500 0.065625
0 0.892500 0.800000 0.140000 0.196875
0 0.921250 0.339062 0.157500 0.278125
0 0.963750 0.685937 0.072500 0.112500
0 0.961250 0.795312 0.077500 0.093750
0 0.958750 0.942187 0.082500 0.109375
0 0.941250 0.073438 0.117500 0.103125
0 0.755000 0.318750 0.125000 0.128125
0 0.845000 0.234375 0.120000 0.103125
0 0.031250 0.526563 0.062500 0.178125
