0 0.456250 0.279687 0.167500 0.209375
0 0.792500 0.140625 0.275000 0.156250
0 0.733750 0.717187 0.112500 0.278125
0 0.063750 0.962500 0.127500 0.075000
0 0.102500 0.856250 0.200000 0.187500
0 0.847500 0.295312 0.185000 0.190625
0 0.081250 0.642188 0.127500 0.265625
0 0.782500 0.906250 0.200000 0.187500
0 0.755000 0.475000 0.320000 0.193750
0 0.283750 0.900000 0.242500 0.187500
0 0.258750 0.570312 0.207500 0.290625
0 0.957500 0.559375 0.085000 0.187500
0 0.923750 0.681250 0.117500 0.156250
0 0.955000 0.196875 0.090000 0.112500
0 0.968750 0.087500 0.062500 0.112500
0 0.730000 0.956250 0.045000 0.043750
0 0.961250 0.840625 0.077500 0.143750
0 0.956250 0.389062 0.087500 0.228125
