0 0.512500 0.301563 0.185000 0.240625
0 0.745000 0.103125 0.275000 0.125000
0 0.727500 0.681250 0.120000 0.281250
0 0.067500 0.959375 0.135000 0.081250
0 0.112500 0.839063 0.225000 0.228125
0 0.082500 0.651563 0.120000 0.246875
0 0.780000 0.901563 0.250000 0.196875
0 0.737500 0.450000 0.265000 0.187500
0 0.293750 0.923438 0.242500 0.153125
0 0.273750 0.551562 0.207500 0.290625
0 0.928750 0.556250 0.142500 0.162500
0 0.852500 0.632812 0.155000 0.171875
0 0.945000 0.175000 0.110000 0.118750
0 0.931250 0.056250 0.117500 0.100000
0 0.770000 0.921875 0.040000 0.062500
0 0.903750 0.817187 0.132500 0.190625
0 0.927500 0.382812 0.145000 0.271875
0 0.967500 0.698438 0.065000 0.109375
0 0.966250 0.793750 0.067500 0.093750
0 0.962500 0.946875 0.075000 0.106250
0 0.942500 0.054688 0.110000 0.109375
0 0.776250 0.309375 0.107500 0.131250
0 0.841250 0.217188 0.107500 0.109375
