0 0.455000 0.281250 0.155000 0.206250
0 0.785000 0.134375 0.275000 0.150000
0 0.731250 0.707812 0.112500 0.278125
0 0.065000 0.962500 0.130000 0.075000
0 0.105000 0.857812 0.210000 0.190625
0 0.862500 0.289062 0.145000 0.184375
0 0.080000 0.643750 0.125000 0.262500
0 0.783750 0.901563 0.202500 0.196875
0 0.752500 0.468750 0.320000 0.193750
0 0.286250 0.903125 0.242500 0.187500
0 0.261250 0.567187 0.207500 0.290625
0 0.955000 0.559375 0.090000 0.187500
0 0.912500 0.678125 0.130000 0.162500
0 0.953750 0.193750 0.092500 0.112500
0 0.966250 0.082812 0.067500 0.115625
0 0.741250 0.945312 0.042500 0.046875
0 0.955000 0.840625 0.090000 0.156250
0 0.951250 0.389062 0.097500 0.234375
0 0.985000 0.709375 0.030000 0.100000
0 0.987500 0.800000 0.025000 0.093750
