0 0.455000 0.279687 0.165000 0.203125
0 0.790000 0.135937 0.275000 0.153125
0 0.731250 0.710938 0.112500 0.278125
0 0.065000 0.962500 0.130000 0.075000
0 0.105000 0.856250 0.205000 0.187500
0 0.856250 0.293750 0.162500 0.187500
0 0.081250 0.643750 0.127500 0.262500
0 0.781250 0.903125 0.202500 0.193750
0 0.755000 0.471875 0.320000 0.193750
0 0.286250 0.900000 0.242500 0.187500
0 0.261250 0.570312 0.207500 0.290625
0 0.956250 0.559375 0.087500 0.187500
0 0.917500 0.679688 0.125000 0.159375
0 0.953750 0.196875 0.092500 0.112500
0 0.967500 0.085938 0.065000 0.115625
0 0.733750 0.948438 0.042500 0.046875
0 0.958750 0.840625 0.082500 0.150000
0 0.953750 0.387500 0.092500 0.231250
