0 0.461250 0.292187 0.197500 0.234375
0 0.740000 0.212500 0.275000 0.125000
0 0.726250 0.614062 0.122500 0.281250
0 0.068750 1.001562 0.137500 0.084375
0 0.113750 0.860938 0.227500 0.237500
0 0.082500 0.603125 0.120000 0.246875
0 0.815000 0.918750 0.185000 0.196875
0 0.732500 0.506250 0.250000 0.190625
0 0.293750 1.010938 0.242500 0.140625
0 0.276250 0.532813 0.207500 0.290625
0 0.921250 0.570312 0.152500 0.153125
0 0.848750 0.642188 0.157500 0.171875
0 0.941250 0.179688 0.117500 0.128125
0 0.925000 0.081250 0.125000 0.096875
0 0.770000 0.915625 0.040000 0.065625
0 0.896250 0.801562 0.137500 0.196875
0 0.922500 0.340625 0.155000 0.278125
0 0.965000 0.684375 0.070000 0.112500
0 0.962500 0.793750 0.075000 0.093750
0 0.960000 0.943750 0.080000 0.106250
0 0.940000 0.071875 0.115000 0.103125
0 0.760000 0.315625 0.120000 0.131250
0 0.843750 0.232813 0.117500 0.103125
0 0.031250 0.526563 0.062500 0.178125
