0 0.520000 0.362500 0.160000 0.362500
0 0.711250 0.106250 0.257500 0.150000
0 0.721250 0.659375 0.127500 0.281250
0 0.071250 0.956250 0.142500 0.087500
0 0.120000 0.821875 0.240000 0.268750
0 0.077500 0.667188 0.120000 0.246875
0 0.828750 0.901563 0.157500 0.196875
0 0.710000 0.417187 0.210000 0.234375
0 0.303750 0.926562 0.242500 0.146875
0 0.293750 0.526563 0.207500 0.290625
0 0.906250 0.564063 0.182500 0.140625
0 0.853750 0.643750 0.162500 0.187500
0 0.910000 0.134375 0.130000 0.143750
0 0.898750 0.032813 0.127500 0.065625
0 0.771250 0.923438 0.042500 0.071875
0 0.893750 0.815625 0.152500 0.193750
0 0.902500 0.378125 0.195000 0.306250
0 0.961250 0.693750 0.077500 0.112500
0 0.956250 0.796875 0.087500 0.100000
0 0.951250 0.943750 0.097500 0.112500
0 0.917500 0.037500 0.135000 0.075000
0 0.761250 0.285938 0.142500 0.146875
0 0.853750 0.203125 0.132500 0.131250
0 0.033750 0.573438 0.067500 0.178125
0 0.682500 0.942187 0.165000 0.115625
