0 0.518750 0.279687 0.162500 0.343750
0 0.716250 0.201563 0.267500 0.137500
0 0.722500 0.603125 0.125000 0.281250
0 0.070000 1.000000 0.140000 0.087500
0 0.117500 0.843750 0.235000 0.259375
0 0.080000 0.615625 0.120000 0.246875
0 0.826250 0.901563 0.157500 0.196875
0 0.713750 0.454688 0.202500 0.203125
0 0.301250 1.010938 0.242500 0.140625
0 0.286250 0.517188 0.207500 0.290625
0 0.907500 0.600000 0.180000 0.140625
0 0.850000 0.646875 0.160000 0.184375
0 0.920000 0.156250 0.130000 0.143750
0 0.906250 0.082812 0.132500 0.075000
0 0.771250 0.917188 0.042500 0.071875
0 0.892500 0.809375 0.150000 0.196875
0 0.908750 0.342187 0.182500 0.300000
0 0.958750 0.689063 0.082500 0.115625
0 0.956250 0.801562 0.087500 0.096875
0 0.952500 0.946875 0.095000 0.112500
0 0.925000 0.084375 0.135000 0.081250
0 0.756250 0.307812 0.137500 0.140625
0 0.848750 0.229687 0.132500 0.112500
0 0.032500 0.525000 0.065000 0.178125
0 0.686250 0.985938 0.157500 0.112500
