0 0.503750 0.310937 0.172500 0.275000
0 0.663750 0.157812 0.227500 0.209375
0 0.648750 0.714063 0.207500 0.193750
0 0.075000 0.981250 0.150000 0.112500
0 0.161250 0.879687 0.322500 0.246875
0 0.062500 0.662500 0.120000 0.246875
0 0.831250 0.932813 0.152500 0.162500
0 0.670000 0.378125 0.165000 0.303125
0 0.348750 0.917188 0.242500 0.234375
0 0.326250 0.473438 0.207500 0.290625
0 0.871250 0.689063 0.257500 0.140625
0 0.840000 0.725000 0.200000 0.146875
0 0.867500 0.087500 0.130000 0.106250
0 0.852500 0.034375 0.055000 0.015625
0 0.788750 0.885938 0.042500 0.071875
0 0.818750 0.820312 0.167500 0.200000
0 0.880000 0.418750 0.240000 0.287500
0 0.960000 0.712500 0.080000 0.106250
0 0.928750 0.817187 0.127500 0.153125
0 0.938750 0.964063 0.122500 0.112500
0 0.775000 0.268750 0.145000 0.121875
0 0.870000 0.175000 0.160000 0.134375
0 0.040000 0.521875 0.080000 0.178125
0 0.658750 0.939063 0.197500 0.184375
0 0.958750 0.054688 0.082500 0.165625
