0 0.491250 0.304688 0.182500 0.253125
0 0.653750 0.129688 0.227500 0.209375
0 0.628750 0.700000 0.207500 0.193750
0 0.093750 0.942187 0.162500 0.115625
0 0.177500 0.795312 0.320000 0.246875
0 0.060000 0.726562 0.120000 0.246875
0 0.831250 0.932813 0.152500 0.134375
0 0.647500 0.460938 0.130000 0.215625
0 0.338750 0.882812 0.242500 0.234375
0 0.328750 0.485938 0.207500 0.290625
0 0.871250 0.600000 0.257500 0.131250
0 0.827500 0.679688 0.200000 0.146875
0 0.846250 0.042188 0.152500 0.084375
0 0.787500 0.898438 0.045000 0.065625
0 0.808750 0.812500 0.172500 0.193750
0 0.871250 0.421875 0.257500 0.293750
0 0.950000 0.726562 0.100000 0.109375
0 0.912500 0.820312 0.140000 0.165625
0 0.936250 0.945312 0.127500 0.109375
0 0.772500 0.239063 0.145000 0.128125
0 0.871250 0.132812 0.162500 0.140625
0 0.041250 0.557813 0.082500 0.178125
0 0.646250 0.932813 0.227500 0.134375
0 0.956250 0.071875 0.087500 0.137500
