0 0.411250 0.214062 0.187500 0.256250
0 0.643750 0.157812 0.227500 0.175000
0 0.606250 0.776563 0.207500 0.231250
0 0.133750 1.001562 0.187500 0.115625
0 0.226250 0.832812 0.282500 0.259375
0 0.060000 0.728125 0.120000 0.246875
0 0.826250 0.985938 0.152500 0.109375
0 0.347500 0.881250 0.210000 0.250000
0 0.331250 0.467187 0.207500 0.290625
0 0.867500 0.687500 0.225000 0.128125
0 0.747500 0.703125 0.210000 0.184375
0 0.782500 0.078125 0.125000 0.090625
0 0.778750 0.929688 0.052500 0.053125
0 0.767500 0.821875 0.155000 0.181250
0 0.855000 0.459375 0.290000 0.303125
0 0.913750 0.748437 0.117500 0.106250
0 0.883750 0.823438 0.132500 0.162500
0 0.932500 0.978125 0.135000 0.106250
0 0.767500 0.259375 0.150000 0.140625
0 0.872500 0.168750 0.150000 0.165625
0 0.045000 0.575000 0.090000 0.178125
0 0.601250 1.079687 0.277500 0.093750
0 0.953750 0.060937 0.092500 0.118750
0 0.973750 0.779687 0.052500 0.146875
0 0.618750 0.226562 0.072500 0.118750
0 0.625000 0.206250 0.100000 0.096875
