0 0.448750 0.232813 0.222500 0.240625
0 0.646250 0.095312 0.207500 0.159375
0 0.541250 0.801562 0.202500 0.203125
0 0.151250 0.942187 0.212500 0.115625
0 0.257500 0.757812 0.290000 0.253125
0 0.077500 0.806250 0.155000 0.206250
0 0.786250 0.956250 0.147500 0.087500
0 0.360000 0.865625 0.185000 0.262500
0 0.315000 0.481250 0.170000 0.293750
0 0.798750 0.629687 0.192500 0.128125
0 0.645000 0.650000 0.220000 0.200000
0 0.733750 0.035937 0.132500 0.071875
0 0.753750 0.932813 0.072500 0.059375
0 0.710000 0.839063 0.145000 0.178125
0 0.810000 0.426563 0.355000 0.303125
0 0.837500 0.739062 0.115000 0.121875
0 0.830000 0.839063 0.160000 0.146875
0 0.925000 0.953125 0.150000 0.093750
0 0.753750 0.226562 0.187500 0.184375
0 0.880000 0.181250 0.140000 0.200000
0 0.046250 0.668750 0.092500 0.212500
0 0.552500 0.953125 0.300000 0.093750
0 0.948750 0.053125 0.102500 0.100000
0 0.952500 0.782813 0.095000 0.140625
0 0.571250 0.304688 0.157500 0.240625
0 0.725000 0.154688 0.105000 0.146875
0 0.937500 0.709375 0.080000 0.087500
0 0.492500 0.040625 0.125000 0.081250
