0 0.426250 0.221875 0.212500 0.256250
0 0.643750 0.098437 0.227500 0.165625
0 0.586250 0.787500 0.207500 0.231250
0 0.140000 0.942187 0.195000 0.115625
0 0.241250 0.781250 0.272500 0.262500
0 0.065000 0.789062 0.130000 0.234375
0 0.816250 0.945312 0.152500 0.109375
0 0.355000 0.868750 0.185000 0.262500
0 0.330000 0.479687 0.200000 0.290625
0 0.851250 0.617188 0.212500 0.128125
0 0.716250 0.660937 0.212500 0.190625
0 0.796250 0.048438 0.127500 0.096875
0 0.772500 0.928125 0.060000 0.056250
0 0.741250 0.821875 0.137500 0.175000
0 0.843750 0.429688 0.307500 0.303125
0 0.888750 0.725000 0.117500 0.106250
0 0.868750 0.825000 0.137500 0.156250
0 0.930000 0.948438 0.140000 0.103125
0 0.763750 0.232813 0.167500 0.159375
0 0.871250 0.170313 0.142500 0.178125
0 0.046250 0.637500 0.092500 0.181250
0 0.587500 0.953125 0.285000 0.093750
0 0.951250 0.059375 0.097500 0.112500
0 0.967500 0.814063 0.065000 0.159375
0 0.623750 0.210938 0.077500 0.128125
0 0.678750 0.193750 0.067500 0.131250
0 0.967500 0.676562 0.050000 0.115625
