0 0.450000 0.278125 0.210000 0.225000
0 0.653750 0.139063 0.177500 0.168750
0 0.565000 0.834375 0.175000 0.184375
0 0.147500 1.018750 0.235000 0.128125
0 0.271250 0.770312 0.292500 0.275000
0 0.077500 0.803125 0.155000 0.212500
0 0.778750 1.017187 0.147500 0.075000
0 0.395000 0.812500 0.185000 0.262500
0 0.263750 0.417187 0.197500 0.334375
0 0.781250 0.673438 0.202500 0.131250
0 0.611250 0.664062 0.202500 0.203125
0 0.750000 0.062500 0.100000 0.093750
0 0.731250 0.942187 0.072500 0.059375
0 0.676250 0.839063 0.142500 0.187500
0 0.780000 0.531250 0.400000 0.275000
0 0.818750 0.717187 0.127500 0.131250
0 0.800000 0.853125 0.155000 0.159375
0 0.752500 0.259375 0.190000 0.171875
0 0.890000 0.156250 0.140000 0.206250
0 0.047500 0.637500 0.095000 0.231250
0 0.405000 0.987500 0.145000 0.103125
0 0.945000 0.068750 0.105000 0.084375
0 0.936250 0.789062 0.127500 0.118750
0 0.537500 0.325000 0.200000 0.237500
0 0.730000 0.153125 0.120000 0.178125
0 0.968750 0.685937 0.062500 0.087500
0 0.481250 0.060937 0.097500 0.103125
0 0.635000 0.996875 0.130000 0.084375
0 0.965000 0.834375 0.070000 0.140625
0 0.578750 0.057813 0.092500 0.078125
0 0.898750 1.023438 0.112500 0.046875
