0 0.455000 0.271875 0.210000 0.225000
0 0.653750 0.135937 0.177500 0.171875
0 0.567500 0.837500 0.185000 0.190625
0 0.148750 1.020312 0.232500 0.125000
0 0.268750 0.779687 0.292500 0.268750
0 0.077500 0.803125 0.155000 0.209375
0 0.778750 1.014063 0.147500 0.078125
0 0.390000 0.831250 0.185000 0.262500
0 0.285000 0.421875 0.170000 0.312500
0 0.786250 0.673438 0.192500 0.128125
0 0.617500 0.668750 0.205000 0.203125
0 0.825000 0.100000 0.160000 0.084375
0 0.726250 0.935937 0.072500 0.059375
0 0.686250 0.845313 0.147500 0.187500
0 0.786250 0.523438 0.392500 0.281250
0 0.822500 0.721875 0.125000 0.128125
0 0.806250 0.857812 0.157500 0.159375
0 0.748750 0.248438 0.187500 0.181250
0 0.887500 0.159375 0.140000 0.209375
0 0.047500 0.634375 0.095000 0.237500
0 0.433750 0.982812 0.147500 0.096875
0 0.947500 0.068750 0.105000 0.084375
0 0.940000 0.784375 0.120000 0.121875
0 0.543750 0.317188 0.192500 0.237500
0 0.731250 0.157812 0.122500 0.175000
0 0.971250 0.682813 0.052500 0.087500
0 0.483750 0.064062 0.102500 0.100000
0 0.631250 1.004687 0.132500 0.078125
0 0.967500 0.831250 0.065000 0.143750
0 0.577500 0.056250 0.090000 0.078125
