0 0.457500 0.246875 0.210000 0.225000
0 0.651250 0.109375 0.177500 0.175000
0 0.570000 0.817187 0.195000 0.196875
0 0.151250 0.939063 0.227500 0.121875
0 0.266250 0.735938 0.292500 0.265625
0 0.077500 0.810937 0.155000 0.209375
0 0.778750 0.960938 0.147500 0.078125
0 0.385000 0.859375 0.185000 0.262500
0 0.305000 0.482812 0.150000 0.296875
0 0.788750 0.617188 0.192500 0.128125
0 0.621250 0.642188 0.207500 0.203125
0 0.751250 0.045312 0.092500 0.090625
0 0.726250 0.920312 0.072500 0.059375
0 0.691250 0.848437 0.152500 0.184375
0 0.788750 0.420312 0.387500 0.284375
0 0.823750 0.714063 0.122500 0.128125
0 0.811250 0.837500 0.157500 0.156250
0 0.748750 0.220312 0.187500 0.184375
0 0.887500 0.179688 0.140000 0.209375
0 0.046250 0.689063 0.092500 0.234375
0 0.461250 0.923438 0.147500 0.096875
0 0.947500 0.045312 0.105000 0.084375
0 0.942500 0.767188 0.115000 0.121875
0 0.546250 0.317188 0.187500 0.240625
0 0.732500 0.170313 0.125000 0.171875
0 0.966250 0.696875 0.057500 0.087500
0 0.485000 0.048438 0.105000 0.096875
0 0.625000 0.962500 0.135000 0.075000
0 0.970000 0.867188 0.060000 0.146875
0 0.580000 0.037500 0.090000 0.075000
