0 0.456250 0.264062 0.212500 0.228125
0 0.651250 0.132812 0.177500 0.178125
0 0.568750 0.839063 0.197500 0.200000
0 0.151250 1.020312 0.227500 0.121875
0 0.266250 0.789062 0.292500 0.262500
0 0.077500 0.803125 0.155000 0.209375
0 0.778750 1.014063 0.147500 0.078125
0 0.382500 0.846875 0.185000 0.262500
0 0.306250 0.429688 0.152500 0.296875
0 0.788750 0.676562 0.192500 0.128125
0 0.623750 0.670312 0.207500 0.200000
0 0.757500 0.059375 0.095000 0.090625
0 0.728750 0.935937 0.072500 0.059375
0 0.693750 0.851562 0.152500 0.181250
0 0.792500 0.518750 0.385000 0.287500
0 0.826250 0.729688 0.122500 0.128125
0 0.811250 0.857812 0.157500 0.156250
0 0.748750 0.245312 0.187500 0.184375
0 0.887500 0.162500 0.140000 0.212500
0 0.046250 0.629687 0.092500 0.231250
0 0.473750 0.960938 0.147500 0.096875
0 0.947500 0.068750 0.105000 0.087500
0 0.943750 0.776563 0.112500 0.121875
0 0.550000 0.309375 0.185000 0.240625
0 0.732500 0.162500 0.125000 0.171875
0 0.965000 0.690625 0.060000 0.087500
0 0.486250 0.067187 0.107500 0.093750
0 0.623750 1.014063 0.137500 0.071875
0 0.971250 0.829688 0.057500 0.146875
0 0.580000 0.056250 0.090000 0.075000
