0 0.457500 0.265625 0.210000 0.225000
0 0.651250 0.132812 0.177500 0.175000
0 0.568750 0.839063 0.192500 0.196875
0 0.151250 1.020312 0.227500 0.121875
0 0.268750 0.785937 0.292500 0.265625
0 0.077500 0.803125 0.155000 0.209375
0 0.778750 1.014063 0.147500 0.078125
0 0.385000 0.843750 0.185000 0.262500
0 0.300000 0.428125 0.150000 0.300000
0 0.788750 0.673438 0.192500 0.128125
0 0.621250 0.670312 0.207500 0.203125
0 0.751250 0.057813 0.092500 0.090625
0 0.726250 0.935937 0.072500 0.059375
0 0.691250 0.851562 0.152500 0.184375
0 0.788750 0.520312 0.387500 0.284375
0 0.823750 0.726562 0.122500 0.128125
0 0.808750 0.857812 0.157500 0.156250
0 0.748750 0.245312 0.187500 0.184375
0 0.887500 0.162500 0.140000 0.209375
0 0.046250 0.629687 0.092500 0.234375
0 0.458750 0.970313 0.147500 0.096875
0 0.947500 0.068750 0.105000 0.084375
0 0.941250 0.779687 0.117500 0.121875
0 0.546250 0.314063 0.187500 0.240625
0 0.732500 0.162500 0.125000 0.175000
0 0.968750 0.689063 0.057500 0.087500
0 0.485000 0.065625 0.105000 0.096875
0 0.627500 1.009375 0.135000 0.075000
0 0.970000 0.831250 0.060000 0.146875
0 0.580000 0.056250 0.090000 0.075000
