0 0.407500 0.359375 0.210000 0.181250
0 0.641250 0.129688 0.152500 0.215625
0 0.538750 0.804688 0.137500 0.184375
0 0.141250 1.007812 0.237500 0.140625
0 0.280000 0.737500 0.290000 0.290625
0 0.077500 0.806250 0.155000 0.215625
0 0.778750 1.023438 0.147500 0.068750
0 0.405000 0.759375 0.185000 0.262500
0 0.213750 0.379688 0.212500 0.343750
0 0.763750 0.673438 0.227500 0.143750
0 0.585000 0.650000 0.195000 0.203125
0 0.715000 0.062500 0.100000 0.090625
0 0.741250 0.951562 0.072500 0.059375
0 0.650000 0.818750 0.125000 0.200000
0 0.766250 0.551562 0.427500 0.256250
0 0.815000 0.709375 0.130000 0.137500
0 0.783750 0.848437 0.152500 0.168750
0 0.760000 0.293750 0.195000 0.143750
0 0.891250 0.142187 0.137500 0.200000
0 0.051250 0.645312 0.102500 0.209375
0 0.363750 0.942187 0.137500 0.115625
0 0.932500 0.065625 0.105000 0.084375
0 0.926250 0.804688 0.147500 0.115625
0 0.507500 0.362500 0.210000 0.237500
0 0.723750 0.139063 0.107500 0.190625
0 0.953750 0.685937 0.092500 0.087500
0 0.473750 0.060937 0.097500 0.103125
0 0.630000 0.984375 0.135000 0.100000
0 0.951250 0.842187 0.092500 0.131250
0 0.573750 0.060937 0.097500 0.084375
0 0.871250 1.023438 0.112500 0.046875
0 0.366250 0.070312 0.112500 0.071875
0 0.961250 0.951562 0.077500 0.096875
0 0.462500 0.975000 0.070000 0.068750
