0 0.401250 0.326562 0.197500 0.165625
0 0.637500 0.150000 0.145000 0.231250
0 0.531250 0.807813 0.137500 0.184375
0 0.141250 0.929688 0.237500 0.140625
0 0.282500 0.696875 0.290000 0.293750
0 0.077500 0.817187 0.155000 0.215625
0 0.778750 0.965625 0.147500 0.068750
0 0.405000 0.768750 0.185000 0.262500
0 0.211250 0.412500 0.212500 0.343750
0 0.763750 0.604688 0.227500 0.146875
0 0.577500 0.626563 0.195000 0.203125
0 0.712500 0.043750 0.100000 0.087500
0 0.743750 0.939063 0.072500 0.059375
0 0.643750 0.837500 0.122500 0.200000
0 0.765000 0.409375 0.420000 0.262500
0 0.812500 0.693750 0.130000 0.137500
0 0.781250 0.834375 0.152500 0.168750
0 0.762500 0.246875 0.195000 0.137500
0 0.893750 0.153125 0.137500 0.200000
0 0.051250 0.687500 0.102500 0.206250
0 0.358750 0.901563 0.137500 0.115625
0 0.932500 0.042188 0.105000 0.084375
0 0.923750 0.768750 0.152500 0.112500
0 0.500000 0.359375 0.210000 0.237500
0 0.722500 0.165625 0.105000 0.193750
0 0.950000 0.668750 0.100000 0.087500
0 0.471250 0.051562 0.097500 0.103125
0 0.626250 0.950000 0.137500 0.100000
0 0.951250 0.850000 0.097500 0.131250
0 0.575000 0.042188 0.100000 0.084375
0 0.872500 0.976562 0.105000 0.046875
0 0.366250 0.039062 0.117500 0.078125
0 0.958750 0.951562 0.082500 0.096875
0 0.461250 0.962500 0.072500 0.075000
0 0.282500 0.964063 0.115000 0.071875
