0 0.385000 0.376563 0.110000 0.115625
0 0.621250 0.176563 0.142500 0.234375
0 0.513750 0.801562 0.137500 0.184375
0 0.135000 0.925000 0.225000 0.150000
0 0.282500 0.678125 0.230000 0.312500
0 0.077500 0.821875 0.155000 0.218750
0 0.778750 0.968750 0.147500 0.062500
0 0.398750 0.740625 0.177500 0.262500
0 0.196250 0.365625 0.222500 0.331250
0 0.753750 0.609375 0.227500 0.162500
0 0.550000 0.614062 0.195000 0.203125
0 0.705000 0.037500 0.100000 0.075000
0 0.735000 0.942187 0.060000 0.059375
0 0.635000 0.829688 0.120000 0.203125
0 0.767500 0.393750 0.390000 0.287500
0 0.810000 0.693750 0.130000 0.143750
0 0.767500 0.835938 0.150000 0.178125
0 0.757500 0.251563 0.190000 0.134375
0 0.891250 0.140625 0.142500 0.193750
0 0.053750 0.681250 0.107500 0.187500
0 0.341250 0.860938 0.137500 0.115625
0 0.922500 0.042188 0.105000 0.084375
0 0.917500 0.764062 0.160000 0.115625
0 0.513750 0.360938 0.147500 0.184375
0 0.713750 0.164062 0.092500 0.203125
0 0.947500 0.650000 0.105000 0.093750
0 0.463750 0.051562 0.097500 0.103125
0 0.610000 0.948438 0.130000 0.103125
0 0.940000 0.850000 0.115000 0.125000
0 0.571250 0.045312 0.102500 0.090625
0 0.870000 0.968750 0.100000 0.062500
0 0.362500 0.048438 0.130000 0.096875
0 0.943750 0.951562 0.112500 0.096875
0 0.451250 0.950000 0.077500 0.100000
0 0.275000 0.950000 0.115000 0.100000
0 0.377500 0.973437 0.095000 0.053125
