0 0.435000 0.281250 0.210000 0.212500
0 0.650000 0.123438 0.170000 0.178125
0 0.557500 0.815625 0.155000 0.181250
0 0.143750 0.932813 0.242500 0.134375
0 0.275000 0.714063 0.290000 0.284375
0 0.077500 0.815625 0.155000 0.212500
0 0.778750 0.964063 0.147500 0.071875
0 0.402500 0.790625 0.185000 0.262500
0 0.236250 0.437500 0.212500 0.343750
0 0.772500 0.604688 0.220000 0.134375
0 0.600000 0.635938 0.195000 0.203125
0 0.727500 0.046875 0.100000 0.093750
0 0.736250 0.932813 0.072500 0.059375
0 0.662500 0.840625 0.135000 0.193750
0 0.772500 0.415625 0.415000 0.262500
0 0.815000 0.695312 0.130000 0.134375
0 0.792500 0.835938 0.155000 0.165625
0 0.756250 0.234375 0.192500 0.156250
0 0.891250 0.164062 0.137500 0.203125
0 0.048750 0.692187 0.097500 0.221875
0 0.376250 0.939063 0.137500 0.115625
0 0.940000 0.042188 0.105000 0.084375
0 0.931250 0.767188 0.137500 0.115625
0 0.525000 0.328125 0.210000 0.237500
0 0.726250 0.167187 0.112500 0.184375
0 0.961250 0.681250 0.077500 0.087500
0 0.478750 0.051562 0.097500 0.103125
0 0.642500 0.953125 0.125000 0.093750
0 0.958750 0.856250 0.082500 0.137500
0 0.575000 0.040625 0.095000 0.081250
0 0.886250 0.976562 0.112500 0.046875
0 0.371250 0.029687 0.107500 0.059375
0 0.968750 0.951562 0.062500 0.096875
