0 0.400000 0.326562 0.205000 0.171875
0 0.638750 0.146875 0.147500 0.225000
0 0.533750 0.807813 0.137500 0.184375
0 0.141250 0.929688 0.237500 0.140625
0 0.282500 0.700000 0.290000 0.293750
0 0.077500 0.817187 0.155000 0.215625
0 0.778750 0.965625 0.147500 0.068750
0 0.405000 0.771875 0.185000 0.262500
0 0.211250 0.412500 0.212500 0.343750
0 0.763750 0.603125 0.227500 0.143750
0 0.580000 0.626563 0.195000 0.203125
0 0.712500 0.043750 0.100000 0.087500
0 0.743750 0.939063 0.072500 0.059375
0 0.646250 0.837500 0.122500 0.200000
0 0.766250 0.410938 0.422500 0.259375
0 0.812500 0.693750 0.130000 0.137500
0 0.781250 0.837500 0.152500 0.168750
0 0.762500 0.245312 0.195000 0.140625
0 0.893750 0.156250 0.137500 0.200000
0 0.051250 0.689063 0.102500 0.209375
0 0.361250 0.907813 0.137500 0.115625
0 0.932500 0.042188 0.105000 0.084375
0 0.925000 0.768750 0.150000 0.112500
0 0.502500 0.356250 0.210000 0.237500
0 0.722500 0.164062 0.105000 0.190625
0 0.951250 0.671875 0.097500 0.087500
0 0.471250 0.051562 0.097500 0.103125
0 0.625000 0.950000 0.135000 0.100000
0 0.950000 0.850000 0.095000 0.131250
0 0.573750 0.042188 0.097500 0.084375
0 0.873750 0.976562 0.107500 0.046875
0 0.367500 0.037500 0.115000 0.075000
0 0.958750 0.951562 0.082500 0.096875
0 0.460000 0.962500 0.070000 0.075000
0 0.282500 0.965625 0.115000 0.068750
