0 0.123750 0.920312 0.197500 0.159375
0 0.070000 0.829688 0.140000 0.228125
0 0.753750 0.946875 0.102500 0.106250
0 0.371250 0.707812 0.147500 0.178125
0 0.156250 0.282813 0.267500 0.265625
0 0.703750 0.621875 0.217500 0.187500
0 0.475000 0.582812 0.220000 0.228125
0 0.707500 0.964063 0.050000 0.059375
0 0.622500 0.814063 0.120000 0.203125
0 0.773750 0.365625 0.367500 0.331250
0 0.801250 0.692187 0.127500 0.153125
0 0.756250 0.834375 0.137500 0.156250
0 0.716250 0.239063 0.162500 0.153125
0 0.855000 0.123438 0.195000 0.184375
0 0.055000 0.667188 0.110000 0.184375
0 0.313750 0.853125 0.087500 0.150000
0 0.911250 0.037500 0.102500 0.075000
0 0.917500 0.725000 0.140000 0.143750
0 0.533750 0.398438 0.182500 0.140625
0 0.712500 0.107813 0.080000 0.171875
0 0.946250 0.610938 0.107500 0.115625
0 0.502500 0.046875 0.060000 0.093750
0 0.921250 0.843750 0.112500 0.131250
0 0.843750 0.953125 0.127500 0.093750
0 0.363750 0.067187 0.147500 0.134375
0 0.925000 0.951562 0.055000 0.096875
0 0.386250 0.937500 0.072500 0.125000
0 0.232500 0.935937 0.115000 0.128125
0 0.368750 0.929688 0.117500 0.140625
0 0.510000 0.290625 0.125000 0.181250
0 0.346250 0.340625 0.172500 0.118750
0 0.516250 0.954688 0.112500 0.090625
0 0.621250 0.976562 0.072500 0.046875
0 0.238750 0.771875 0.107500 0.118750
0 0.151250 0.817187 0.087500 0.103125
0 0.656250 0.043750 0.097500 0.081250
0 0.632500 0.237500 0.110000 0.268750
0 0.411250 0.779687 0.087500 0.103125
0 0.511250 0.734375 0.122500 0.112500
