0 0.122500 0.920312 0.195000 0.159375
0 0.068750 0.831250 0.137500 0.231250
0 0.753750 0.946875 0.102500 0.106250
0 0.366250 0.707812 0.147500 0.178125
0 0.156250 0.285938 0.267500 0.265625
0 0.701250 0.621875 0.212500 0.187500
0 0.473750 0.579688 0.222500 0.228125
0 0.705000 0.964063 0.050000 0.059375
0 0.621250 0.812500 0.122500 0.200000
0 0.773750 0.364063 0.367500 0.334375
0 0.801250 0.692187 0.127500 0.153125
0 0.753750 0.834375 0.137500 0.156250
0 0.713750 0.239063 0.162500 0.153125
0 0.853750 0.121875 0.197500 0.181250
0 0.055000 0.667188 0.110000 0.184375
0 0.310000 0.850000 0.085000 0.150000
0 0.911250 0.035937 0.102500 0.071875
0 0.916250 0.721875 0.137500 0.143750
0 0.533750 0.396875 0.187500 0.137500
0 0.710000 0.103125 0.080000 0.168750
0 0.946250 0.610938 0.107500 0.115625
0 0.502500 0.046875 0.060000 0.093750
0 0.921250 0.840625 0.112500 0.131250
0 0.841250 0.953125 0.127500 0.093750
0 0.365000 0.068750 0.150000 0.137500
0 0.922500 0.951562 0.055000 0.096875
0 0.382500 0.937500 0.070000 0.125000
0 0.230000 0.935937 0.115000 0.128125
0 0.370000 0.926562 0.120000 0.146875
0 0.508750 0.290625 0.122500 0.187500
0 0.346250 0.340625 0.172500 0.125000
0 0.513750 0.953125 0.112500 0.093750
0 0.621250 0.975000 0.072500 0.050000
0 0.235000 0.771875 0.110000 0.118750
0 0.146250 0.814063 0.087500 0.109375
0 0.658750 0.043750 0.097500 0.081250
0 0.628750 0.232813 0.112500 0.271875
0 0.407500 0.784375 0.090000 0.106250
0 0.516250 0.731250 0.127500 0.112500
