0 0.635000 0.100000 0.090000 0.165625
0 0.482500 0.746875 0.130000 0.171875
0 0.130000 0.965625 0.210000 0.165625
0 0.273750 0.742188 0.122500 0.153125
0 0.077500 0.812500 0.155000 0.221875
0 0.760000 0.971875 0.115000 0.100000
0 0.391250 0.717187 0.147500 0.184375
0 0.166250 0.314063 0.262500 0.281250
0 0.716250 0.670312 0.227500 0.181250
0 0.491250 0.614062 0.212500 0.225000
0 0.717500 0.956250 0.050000 0.059375
0 0.627500 0.793750 0.120000 0.203125
0 0.772500 0.437500 0.360000 0.325000
0 0.803750 0.698438 0.127500 0.150000
0 0.758750 0.842187 0.142500 0.162500
0 0.728750 0.273438 0.167500 0.150000
0 0.861250 0.148438 0.182500 0.187500
0 0.055000 0.650000 0.110000 0.184375
0 0.332500 0.871875 0.135000 0.143750
0 0.915000 0.065625 0.105000 0.078125
0 0.917500 0.762500 0.145000 0.134375
0 0.517500 0.428125 0.160000 0.168750
0 0.710000 0.093750 0.080000 0.203125
0 0.947500 0.631250 0.105000 0.106250
0 0.501250 0.039062 0.062500 0.081250
0 0.925000 0.856250 0.120000 0.125000
0 0.568750 0.064062 0.102500 0.075000
0 0.847500 0.987500 0.120000 0.087500
0 0.363750 0.089063 0.142500 0.121875
0 0.930000 0.950000 0.075000 0.096875
0 0.420000 0.925000 0.080000 0.125000
0 0.252500 0.943750 0.115000 0.128125
0 0.367500 0.959375 0.100000 0.103125
0 0.520000 0.312500 0.145000 0.162500
0 0.353750 0.410938 0.167500 0.084375
0 0.525000 0.975000 0.100000 0.087500
0 0.637500 0.984375 0.075000 0.062500
