0 0.458750 0.742188 0.132500 0.140625
0 0.126250 0.918750 0.202500 0.162500
0 0.073750 0.828125 0.147500 0.225000
0 0.755000 0.946875 0.105000 0.106250
0 0.378750 0.710938 0.147500 0.178125
0 0.161250 0.281250 0.267500 0.268750
0 0.706250 0.620313 0.222500 0.184375
0 0.476250 0.587500 0.217500 0.231250
0 0.710000 0.960938 0.050000 0.059375
0 0.625000 0.817187 0.120000 0.203125
0 0.772500 0.367188 0.365000 0.328125
0 0.801250 0.693750 0.127500 0.150000
0 0.757500 0.835938 0.140000 0.159375
0 0.721250 0.242188 0.162500 0.153125
0 0.855000 0.123438 0.190000 0.184375
0 0.055000 0.667188 0.110000 0.184375
0 0.321250 0.859375 0.102500 0.150000
0 0.912500 0.037500 0.105000 0.075000
0 0.916250 0.729688 0.142500 0.140625
0 0.527500 0.403125 0.175000 0.150000
0 0.715000 0.110937 0.080000 0.178125
0 0.947500 0.607812 0.105000 0.109375
0 0.505000 0.046875 0.060000 0.093750
0 0.922500 0.842187 0.115000 0.128125
0 0.845000 0.954688 0.125000 0.090625
0 0.363750 0.065625 0.147500 0.131250
0 0.926250 0.951562 0.062500 0.096875
0 0.397500 0.937500 0.075000 0.125000
0 0.240000 0.935937 0.115000 0.128125
0 0.368750 0.935937 0.112500 0.128125
0 0.513750 0.293750 0.132500 0.175000
0 0.350000 0.340625 0.175000 0.106250
0 0.515000 0.956250 0.110000 0.087500
0 0.625000 0.975000 0.070000 0.050000
0 0.245000 0.773438 0.105000 0.115625
0 0.161250 0.825000 0.087500 0.093750
0 0.652500 0.043750 0.095000 0.081250
0 0.638750 0.210938 0.082500 0.228125
