0 0.635000 0.126562 0.090000 0.165625
0 0.470000 0.746875 0.130000 0.156250
0 0.127500 0.918750 0.205000 0.162500
0 0.273750 0.742188 0.122500 0.153125
0 0.077500 0.826562 0.155000 0.221875
0 0.756250 0.946875 0.107500 0.106250
0 0.386250 0.714063 0.147500 0.178125
0 0.163750 0.281250 0.267500 0.275000
0 0.708750 0.618750 0.227500 0.181250
0 0.480000 0.592187 0.215000 0.228125
0 0.712500 0.957812 0.050000 0.059375
0 0.625000 0.817187 0.120000 0.203125
0 0.771250 0.373437 0.362500 0.328125
0 0.801250 0.693750 0.127500 0.150000
0 0.757500 0.832812 0.140000 0.159375
0 0.727500 0.242188 0.165000 0.153125
0 0.858750 0.128125 0.187500 0.187500
0 0.055000 0.670312 0.110000 0.184375
0 0.330000 0.862500 0.120000 0.150000
0 0.915000 0.037500 0.105000 0.075000
0 0.917500 0.734375 0.145000 0.137500
0 0.523750 0.407813 0.167500 0.159375
0 0.712500 0.126562 0.080000 0.190625
0 0.947500 0.614062 0.105000 0.109375
0 0.507500 0.046875 0.060000 0.093750
0 0.923750 0.845313 0.117500 0.128125
0 0.568750 0.037500 0.102500 0.075000
0 0.846250 0.954688 0.122500 0.090625
0 0.365000 0.062500 0.145000 0.125000
0 0.927500 0.951562 0.070000 0.096875
0 0.408750 0.937500 0.077500 0.125000
0 0.245000 0.935937 0.115000 0.128125
0 0.367500 0.942187 0.105000 0.115625
0 0.517500 0.296875 0.140000 0.168750
0 0.351250 0.342187 0.177500 0.090625
0 0.512500 0.959375 0.105000 0.081250
0 0.633750 0.967187 0.067500 0.065625
