0 0.115000 0.956250 0.175000 0.153125
0 0.046250 0.773438 0.092500 0.240625
0 0.747500 0.950000 0.090000 0.106250
0 0.358750 0.670312 0.182500 0.150000
0 0.141250 0.332813 0.267500 0.246875
0 0.688750 0.645312 0.187500 0.200000
0 0.473750 0.589063 0.237500 0.218750
0 0.702500 0.965625 0.050000 0.059375
0 0.606250 0.814063 0.152500 0.184375
0 0.777500 0.412500 0.380000 0.346875
0 0.796250 0.692187 0.127500 0.156250
0 0.747500 0.837500 0.130000 0.150000
0 0.683750 0.254688 0.162500 0.153125
0 0.842500 0.162500 0.215000 0.175000
0 0.055000 0.634375 0.110000 0.184375
0 0.906250 0.064062 0.102500 0.068750
0 0.916250 0.735938 0.132500 0.137500
0 0.506250 0.407813 0.167500 0.162500
0 0.697500 0.068750 0.080000 0.143750
0 0.943750 0.614062 0.112500 0.134375
0 0.501250 0.039062 0.062500 0.059375
0 0.913750 0.832812 0.107500 0.134375
0 0.843750 0.967187 0.112500 0.103125
0 0.368750 0.095312 0.152500 0.178125
0 0.918750 0.951562 0.067500 0.090625
0 0.391250 0.917188 0.057500 0.118750
0 0.200000 0.943750 0.115000 0.128125
0 0.371250 0.895312 0.137500 0.190625
0 0.487500 0.162500 0.100000 0.206250
0 0.346250 0.373437 0.172500 0.125000
0 0.517500 0.953125 0.120000 0.121875
0 0.627500 0.978125 0.080000 0.071875
0 0.195000 0.778125 0.125000 0.150000
0 0.101250 0.785937 0.092500 0.146875
0 0.606250 0.201563 0.112500 0.181250
0 0.416250 0.723437 0.102500 0.125000
0 0.543750 0.685937 0.082500 0.112500
0 0.322500 0.743750 0.080000 0.118750
0 0.298750 0.885938 0.092500 0.103125
0 0.787500 0.971875 0.050000 0.056250
0 0.617500 0.084375 0.055000 0.078125
0 0.663750 0.067187 0.052500 0.087500
