0 0.111250 0.954688 0.167500 0.150000
0 0.032500 0.756250 0.065000 0.240625
0 0.746250 0.948438 0.087500 0.106250
0 0.335000 0.684375 0.225000 0.112500
0 0.138750 0.339062 0.267500 0.240625
0 0.685000 0.640625 0.180000 0.203125
0 0.472500 0.584375 0.240000 0.215625
0 0.702500 0.962500 0.050000 0.059375
0 0.603750 0.823438 0.162500 0.181250
0 0.780000 0.409375 0.385000 0.350000
0 0.796250 0.689063 0.127500 0.159375
0 0.747500 0.831250 0.130000 0.159375
0 0.676250 0.254688 0.162500 0.153125
0 0.837500 0.165625 0.220000 0.171875
0 0.055000 0.631250 0.110000 0.184375
0 0.903750 0.064062 0.102500 0.065625
0 0.915000 0.734375 0.130000 0.137500
0 0.505000 0.396875 0.160000 0.165625
0 0.695000 0.068750 0.080000 0.134375
0 0.943750 0.610938 0.112500 0.140625
0 0.502500 0.040625 0.065000 0.046875
0 0.910000 0.831250 0.110000 0.131250
0 0.848750 0.960938 0.102500 0.103125
0 0.372500 0.096875 0.155000 0.187500
0 0.915000 0.953125 0.070000 0.090625
0 0.392500 0.909375 0.055000 0.125000
0 0.192500 0.943750 0.115000 0.128125
0 0.372500 0.887500 0.140000 0.200000
0 0.486250 0.142187 0.082500 0.206250
0 0.340000 0.378125 0.180000 0.121875
0 0.520000 0.943750 0.120000 0.131250
0 0.628750 0.973437 0.082500 0.078125
0 0.182500 0.775000 0.135000 0.165625
0 0.087500 0.793750 0.095000 0.150000
0 0.601250 0.214062 0.112500 0.156250
0 0.415000 0.706250 0.105000 0.125000
0 0.540000 0.678125 0.090000 0.115625
0 0.320000 0.712500 0.085000 0.090625
0 0.275000 0.881250 0.090000 0.165625
0 0.791250 0.957812 0.052500 0.068750
0 0.677500 0.112500 0.055000 0.093750
0 0.716250 0.104688 0.057500 0.087500
0 0.966250 0.470313 0.067500 0.121875
