0 0.086250 0.920312 0.157500 0.178125
0 0.016250 0.735938 0.032500 0.253125
0 0.735000 0.962500 0.080000 0.087500
0 0.327500 0.612500 0.190000 0.134375
0 0.162500 0.315625 0.310000 0.175000
0 0.670000 0.603125 0.205000 0.203125
0 0.452500 0.531250 0.240000 0.221875
0 0.715000 0.934375 0.050000 0.059375
0 0.581250 0.807813 0.187500 0.178125
0 0.826250 0.310937 0.327500 0.393750
0 0.803750 0.657813 0.127500 0.159375
0 0.740000 0.787500 0.130000 0.209375
0 0.681250 0.251563 0.162500 0.175000
0 0.838750 0.167187 0.207500 0.156250
0 0.057500 0.606250 0.115000 0.212500
0 0.847500 0.056250 0.090000 0.062500
0 0.913750 0.735938 0.122500 0.125000
0 0.495000 0.387500 0.190000 0.175000
0 0.700000 0.062500 0.080000 0.115625
0 0.923750 0.632812 0.102500 0.118750
0 0.531250 0.032813 0.052500 0.075000
0 0.891250 0.817187 0.122500 0.118750
0 0.866250 0.935937 0.062500 0.103125
0 0.378750 0.104688 0.162500 0.240625
0 0.928750 0.935937 0.072500 0.087500
0 0.401250 0.879687 0.052500 0.153125
0 0.202500 0.934375 0.115000 0.137500
0 0.370000 0.862500 0.130000 0.218750
0 0.490000 0.059375 0.075000 0.262500
0 0.287500 0.400000 0.235000 0.118750
0 0.531250 0.895312 0.112500 0.140625
0 0.636250 0.945312 0.092500 0.112500
0 0.200000 0.787500 0.200000 0.196875
0 0.058750 0.826562 0.107500 0.156250
0 0.553750 0.235937 0.122500 0.156250
0 0.423750 0.623437 0.082500 0.178125
0 0.543750 0.670312 0.137500 0.121875
0 0.341250 0.689063 0.102500 0.121875
0 0.282500 0.878125 0.095000 0.181250
0 0.828750 0.892188 0.077500 0.100000
0 0.612500 0.046875 0.055000 0.143750
0 0.697500 0.103125 0.095000 0.106250
0 0.393750 0.064062 0.102500 0.034375
0 0.985000 0.546875 0.030000 0.078125
0 0.897500 0.496875 0.090000 0.115625
