0 0.116250 0.923438 0.177500 0.153125
0 0.051250 0.835938 0.102500 0.240625
0 0.748750 0.946875 0.092500 0.106250
0 0.367500 0.645312 0.165000 0.165625
0 0.143750 0.290625 0.267500 0.250000
0 0.690000 0.626563 0.190000 0.196875
0 0.472500 0.553125 0.235000 0.218750
0 0.702500 0.964063 0.050000 0.059375
0 0.610000 0.812500 0.150000 0.187500
0 0.777500 0.350000 0.380000 0.343750
0 0.796250 0.690625 0.127500 0.156250
0 0.751250 0.832812 0.132500 0.146875
0 0.688750 0.232813 0.162500 0.153125
0 0.843750 0.115625 0.212500 0.175000
0 0.055000 0.657813 0.110000 0.184375
0 0.317500 0.809375 0.085000 0.150000
0 0.906250 0.034375 0.102500 0.068750
0 0.916250 0.723437 0.132500 0.140625
0 0.506250 0.384375 0.172500 0.162500
0 0.700000 0.092188 0.080000 0.146875
0 0.943750 0.610938 0.112500 0.134375
0 0.501250 0.031250 0.062500 0.062500
0 0.912500 0.835938 0.105000 0.134375
0 0.841250 0.950000 0.117500 0.100000
0 0.368750 0.085938 0.152500 0.171875
0 0.917500 0.954688 0.065000 0.090625
0 0.391250 0.942187 0.057500 0.115625
0 0.205000 0.935937 0.115000 0.128125
0 0.371250 0.904687 0.137500 0.190625
0 0.487500 0.209375 0.105000 0.206250
0 0.346250 0.331250 0.172500 0.125000
0 0.517500 0.940625 0.120000 0.118750
0 0.623750 0.965625 0.077500 0.068750
0 0.200000 0.775000 0.120000 0.143750
0 0.107500 0.800000 0.090000 0.143750
0 0.653750 0.068750 0.102500 0.081250
0 0.611250 0.221875 0.112500 0.206250
0 0.410000 0.735938 0.090000 0.121875
0 0.541250 0.700000 0.097500 0.112500
