0 0.091250 0.893750 0.167500 0.212500
0 0.697500 0.967187 0.080000 0.065625
0 0.333750 0.512500 0.187500 0.150000
0 0.166250 0.167187 0.332500 0.171875
0 0.682500 0.526563 0.175000 0.221875
0 0.403750 0.437500 0.207500 0.250000
0 0.718750 0.890625 0.047500 0.056250
0 0.563750 0.748437 0.207500 0.165625
0 0.863750 0.245312 0.272500 0.428125
0 0.798750 0.628125 0.132500 0.156250
0 0.716250 0.754687 0.137500 0.190625
0 0.703750 0.243750 0.162500 0.200000
0 0.848750 0.125000 0.172500 0.137500
0 0.061250 0.620313 0.122500 0.246875
0 0.842500 0.039062 0.095000 0.078125
0 0.915000 0.678125 0.120000 0.106250
0 0.436250 0.315625 0.212500 0.162500
0 0.732500 0.057813 0.080000 0.115625
0 0.546250 0.048438 0.032500 0.084375
0 0.840000 0.751563 0.100000 0.109375
0 0.856250 0.921875 0.067500 0.106250
0 0.382500 0.135937 0.165000 0.215625
0 0.910000 0.915625 0.075000 0.106250
0 0.397500 0.921875 0.065000 0.156250
0 0.215000 0.925000 0.115000 0.150000
0 0.357500 0.898438 0.100000 0.203125
0 0.495000 0.096875 0.060000 0.193750
0 0.105000 0.337500 0.170000 0.243750
0 0.546250 0.850000 0.092500 0.106250
0 0.642500 0.918750 0.100000 0.137500
0 0.240000 0.739062 0.165000 0.203125
0 0.055000 0.835938 0.110000 0.165625
0 0.575000 0.234375 0.140000 0.206250
0 0.405000 0.692187 0.115000 0.196875
0 0.553750 0.585938 0.137500 0.121875
0 0.251250 0.600000 0.182500 0.156250
0 0.285000 0.903125 0.095000 0.175000
0 0.882500 0.793750 0.115000 0.081250
0 0.623750 0.075000 0.062500 0.143750
0 0.751250 0.087500 0.067500 0.100000
0 0.383750 0.017188 0.102500 0.034375
0 0.973750 0.534375 0.052500 0.037500
0 0.855000 0.471875 0.110000 0.087500
0 0.783750 0.889062 0.097500 0.178125
0 0.528750 0.954688 0.117500 0.090625
0 0.978750 0.625000 0.042500 0.087500
0 0.922500 0.581250 0.085000 0.093750
0 0.980000 0.734375 0.040000 0.093750
0 0.973750 0.912500 0.052500 0.125000
