0 0.097500 0.881250 0.175000 0.228125
0 0.681250 0.979688 0.082500 0.071875
0 0.331250 0.532813 0.182500 0.162500
0 0.161250 0.264062 0.322500 0.181250
0 0.677500 0.531250 0.175000 0.187500
0 0.385000 0.453125 0.240000 0.240625
0 0.712500 0.878125 0.045000 0.050000
0 0.556250 0.817187 0.222500 0.143750
0 0.871250 0.160938 0.257500 0.431250
0 0.790000 0.625000 0.140000 0.153125
0 0.702500 0.731250 0.135000 0.171875
0 0.713750 0.242188 0.162500 0.209375
0 0.845000 0.159375 0.165000 0.140625
0 0.061250 0.560937 0.122500 0.256250
0 0.847500 0.059375 0.095000 0.078125
0 0.911250 0.673438 0.117500 0.103125
0 0.421250 0.348438 0.212500 0.162500
0 0.762500 0.050000 0.080000 0.090625
0 0.548750 0.032813 0.032500 0.084375
0 0.818750 0.748437 0.092500 0.109375
0 0.840000 0.887500 0.070000 0.112500
0 0.386250 0.132812 0.157500 0.203125
0 0.892500 0.896875 0.075000 0.118750
0 0.391250 0.885938 0.067500 0.156250
0 0.222500 0.903125 0.120000 0.171875
0 0.347500 0.853125 0.090000 0.203125
0 0.497500 0.037500 0.060000 0.121875
0 0.095000 0.321875 0.160000 0.243750
0 0.547500 0.856250 0.095000 0.115625
0 0.647500 0.903125 0.100000 0.128125
0 0.251250 0.714063 0.137500 0.203125
0 0.055000 0.812500 0.110000 0.175000
0 0.580000 0.221875 0.140000 0.200000
0 0.390000 0.665625 0.130000 0.196875
0 0.581250 0.598437 0.122500 0.137500
0 0.228750 0.620313 0.167500 0.121875
0 0.302500 0.818750 0.095000 0.175000
0 0.890000 0.778125 0.105000 0.093750
0 0.688750 0.101562 0.087500 0.143750
0 0.755000 0.046875 0.060000 0.100000
0 0.365000 0.068750 0.110000 0.040625
0 0.813750 0.473438 0.107500 0.081250
0 0.778750 0.860938 0.092500 0.178125
0 0.917500 0.568750 0.085000 0.103125
0 0.980000 0.687500 0.040000 0.093750
0 0.961250 0.889062 0.077500 0.125000
0 0.573750 0.948438 0.057500 0.081250
0 0.496250 0.932813 0.077500 0.100000
0 0.837500 1.009375 0.080000 0.040625
0 0.620000 0.056250 0.090000 0.043750
