0 0.088750 0.900000 0.162500 0.200000
0 0.722500 0.967187 0.080000 0.065625
0 0.332500 0.531250 0.190000 0.137500
0 0.170000 0.176563 0.340000 0.165625
0 0.677500 0.543750 0.190000 0.218750
0 0.418750 0.457813 0.217500 0.240625
0 0.725000 0.901563 0.050000 0.059375
0 0.567500 0.745313 0.195000 0.184375
0 0.857500 0.271875 0.285000 0.425000
0 0.808750 0.635938 0.127500 0.159375
0 0.730000 0.784375 0.135000 0.218750
0 0.696250 0.243750 0.162500 0.193750
0 0.845000 0.121875 0.185000 0.143750
0 0.060000 0.626563 0.120000 0.234375
0 0.842500 0.035937 0.095000 0.071875
0 0.915000 0.693750 0.120000 0.112500
0 0.448750 0.343750 0.212500 0.162500
0 0.720000 0.060937 0.080000 0.115625
0 0.541250 0.042188 0.032500 0.084375
0 0.861250 0.768750 0.112500 0.112500
0 0.870000 0.939063 0.065000 0.103125
0 0.381250 0.134375 0.167500 0.225000
0 0.923750 0.920312 0.072500 0.096875
0 0.400000 0.921875 0.060000 0.156250
0 0.210000 0.928125 0.115000 0.143750
0 0.362500 0.895312 0.110000 0.209375
0 0.492500 0.123438 0.060000 0.246875
0 0.121250 0.326562 0.177500 0.234375
0 0.545000 0.853125 0.095000 0.106250
0 0.641250 0.931250 0.102500 0.137500
0 0.231250 0.748437 0.192500 0.203125
0 0.055000 0.839063 0.110000 0.159375
0 0.562500 0.239063 0.140000 0.203125
0 0.415000 0.678125 0.100000 0.193750
0 0.543750 0.598437 0.137500 0.121875
0 0.278750 0.621875 0.147500 0.156250
0 0.297500 0.887500 0.095000 0.175000
0 0.872500 0.826562 0.115000 0.078125
0 0.626250 0.081250 0.092500 0.143750
0 0.727500 0.101562 0.090000 0.109375
0 0.388750 0.017188 0.102500 0.034375
0 0.973750 0.562500 0.052500 0.050000
0 0.876250 0.496875 0.112500 0.100000
0 0.791250 0.898438 0.097500 0.159375
0 0.528750 0.959375 0.117500 0.081250
0 0.978750 0.639062 0.042500 0.078125
0 0.920000 0.607812 0.080000 0.096875
0 0.980000 0.753125 0.040000 0.093750
