0 0.096250 0.887500 0.172500 0.225000
0 0.680000 0.965625 0.080000 0.068750
0 0.332500 0.500000 0.185000 0.162500
0 0.162500 0.156250 0.325000 0.181250
0 0.677500 0.518750 0.175000 0.193750
0 0.388750 0.426563 0.232500 0.240625
0 0.715000 0.878125 0.045000 0.050000
0 0.556250 0.748437 0.217500 0.146875
0 0.871250 0.217188 0.257500 0.434375
0 0.791250 0.617188 0.137500 0.153125
0 0.706250 0.732812 0.137500 0.171875
0 0.711250 0.243750 0.162500 0.206250
0 0.848750 0.125000 0.167500 0.137500
0 0.062500 0.615625 0.125000 0.256250
0 0.847500 0.039062 0.095000 0.078125
0 0.911250 0.657813 0.117500 0.103125
0 0.423750 0.296875 0.212500 0.162500
0 0.757500 0.046875 0.080000 0.093750
0 0.546250 0.051562 0.032500 0.084375
0 0.821250 0.745313 0.092500 0.109375
0 0.842500 0.901563 0.070000 0.109375
0 0.385000 0.137500 0.160000 0.206250
0 0.897500 0.909375 0.075000 0.118750
0 0.393750 0.921875 0.067500 0.156250
0 0.218750 0.917188 0.117500 0.165625
0 0.351250 0.898438 0.092500 0.203125
0 0.497500 0.062500 0.060000 0.125000
0 0.097500 0.343750 0.165000 0.243750
0 0.547500 0.854688 0.095000 0.115625
0 0.647500 0.906250 0.100000 0.131250
0 0.252500 0.731250 0.140000 0.206250
0 0.055000 0.832812 0.110000 0.171875
0 0.582500 0.232813 0.140000 0.203125
0 0.393750 0.685937 0.127500 0.196875
0 0.577500 0.587500 0.130000 0.131250
0 0.232500 0.582812 0.170000 0.128125
0 0.300000 0.856250 0.095000 0.175000
0 0.888750 0.768750 0.107500 0.093750
0 0.657500 0.112500 0.095000 0.143750
0 0.753750 0.076563 0.067500 0.115625
0 0.370000 0.018750 0.110000 0.037500
0 0.826250 0.450000 0.107500 0.081250
0 0.778750 0.889062 0.092500 0.178125
0 0.917500 0.568750 0.085000 0.100000
0 0.980000 0.712500 0.040000 0.093750
0 0.963750 0.903125 0.072500 0.125000
0 0.576250 0.953125 0.057500 0.081250
0 0.500000 0.937500 0.075000 0.100000
0 0.837500 0.981250 0.080000 0.037500
0 0.617500 0.020313 0.090000 0.040625
