0 0.101250 0.871875 0.177500 0.256250
0 0.681250 0.943750 0.092500 0.112500
0 0.317500 0.506250 0.155000 0.162500
0 0.151250 0.123438 0.302500 0.209375
0 0.341250 0.387500 0.267500 0.237500
0 0.715000 0.851562 0.045000 0.040625
0 0.630000 0.745313 0.100000 0.121875
0 0.873750 0.206250 0.252500 0.412500
0 0.768750 0.587500 0.132500 0.150000
0 0.653750 0.735938 0.107500 0.153125
0 0.720000 0.262500 0.145000 0.237500
0 0.830000 0.134375 0.165000 0.162500
0 0.056250 0.584375 0.112500 0.275000
0 0.841250 0.035937 0.117500 0.071875
0 0.895000 0.557813 0.095000 0.103125
0 0.443750 0.345313 0.222500 0.215625
0 0.551250 0.070312 0.032500 0.084375
0 0.771250 0.735938 0.082500 0.109375
0 0.807500 0.850000 0.075000 0.118750
0 0.397500 0.142187 0.145000 0.165625
0 0.862500 0.856250 0.075000 0.125000
0 0.373750 0.921875 0.067500 0.156250
0 0.235000 0.893750 0.130000 0.212500
0 0.318750 0.898438 0.067500 0.203125
0 0.497500 0.045312 0.060000 0.090625
0 0.061250 0.334375 0.122500 0.243750
0 0.541250 0.857812 0.097500 0.134375
0 0.645000 0.871875 0.095000 0.118750
0 0.247500 0.671875 0.135000 0.175000
0 0.053750 0.815625 0.107500 0.187500
0 0.572500 0.256250 0.140000 0.162500
0 0.365000 0.679688 0.135000 0.196875
0 0.527500 0.573438 0.200000 0.121875
0 0.182500 0.528125 0.165000 0.118750
0 0.305000 0.768750 0.095000 0.175000
0 0.881250 0.681250 0.157500 0.156250
0 0.637500 0.134375 0.100000 0.143750
0 0.726250 0.090625 0.087500 0.093750
0 0.356250 0.037500 0.122500 0.075000
0 0.677500 0.400000 0.130000 0.081250
0 0.766250 0.893750 0.077500 0.175000
0 0.901250 0.546875 0.087500 0.118750
0 0.973750 0.718750 0.052500 0.100000
0 0.932500 0.898438 0.105000 0.153125
0 0.521250 0.984375 0.052500 0.031250
0 0.447500 0.843750 0.085000 0.143750
0 0.827500 0.964063 0.080000 0.071875
0 0.610000 0.029687 0.075000 0.059375
0 0.448750 0.957812 0.067500 0.084375
0 0.603750 0.960938 0.062500 0.071875
0 0.945000 0.421875 0.060000 0.100000
0 0.608750 0.501563 0.092500 0.109375
0 0.707500 0.485938 0.090000 0.109375
