0 0.102500 0.867188 0.180000 0.265625
0 0.668750 0.932813 0.092500 0.134375
0 0.312500 0.506250 0.145000 0.162500
0 0.145000 0.118750 0.290000 0.212500
0 0.330000 0.378125 0.260000 0.243750
0 0.711250 0.845313 0.047500 0.046875
0 0.875000 0.203125 0.250000 0.406250
0 0.766250 0.584375 0.122500 0.150000
0 0.626250 0.737500 0.102500 0.137500
0 0.720000 0.267188 0.140000 0.246875
0 0.825000 0.132812 0.165000 0.165625
0 0.055000 0.578125 0.110000 0.281250
0 0.837500 0.035937 0.125000 0.071875
0 0.890000 0.535937 0.090000 0.103125
0 0.437500 0.335938 0.200000 0.215625
0 0.551250 0.073438 0.037500 0.084375
0 0.770000 0.729688 0.085000 0.109375
0 0.800000 0.840625 0.075000 0.118750
0 0.402500 0.150000 0.150000 0.150000
0 0.857500 0.843750 0.070000 0.131250
0 0.368750 0.921875 0.067500 0.156250
0 0.238750 0.889062 0.132500 0.221875
0 0.317500 0.898438 0.070000 0.203125
0 0.497500 0.042188 0.060000 0.084375
0 0.046250 0.331250 0.092500 0.243750
0 0.531250 0.857812 0.097500 0.134375
0 0.645000 0.865625 0.095000 0.118750
0 0.245000 0.650000 0.135000 0.175000
0 0.042500 0.823438 0.085000 0.203125
0 0.571250 0.262500 0.142500 0.156250
0 0.372500 0.651563 0.135000 0.196875
0 0.520000 0.570312 0.200000 0.121875
0 0.172500 0.503125 0.165000 0.131250
0 0.300000 0.751563 0.100000 0.171875
0 0.872500 0.670312 0.155000 0.146875
0 0.640000 0.131250 0.100000 0.143750
0 0.726250 0.084375 0.087500 0.093750
0 0.361250 0.045312 0.122500 0.090625
0 0.650000 0.387500 0.145000 0.081250
0 0.763750 0.900000 0.077500 0.162500
0 0.891250 0.548438 0.087500 0.121875
0 0.972500 0.718750 0.055000 0.100000
0 0.925000 0.901563 0.105000 0.165625
0 0.518750 0.979688 0.057500 0.034375
0 0.441250 0.826562 0.092500 0.140625
0 0.827500 0.964063 0.085000 0.071875
0 0.598750 0.025000 0.077500 0.050000
0 0.443750 0.948438 0.082500 0.096875
0 0.601250 0.956250 0.062500 0.075000
0 0.921250 0.426563 0.072500 0.096875
0 0.581250 0.445312 0.132500 0.146875
0 0.697500 0.495312 0.090000 0.153125
0 0.678750 0.721875 0.097500 0.118750
0 0.543750 0.765625 0.082500 0.093750
0 0.981250 0.606250 0.037500 0.081250
