0 0.103750 0.817187 0.172500 0.278125
0 0.663750 0.917188 0.092500 0.140625
0 0.317500 0.496875 0.145000 0.162500
0 0.130000 0.150000 0.240000 0.200000
0 0.297500 0.362500 0.235000 0.262500
0 0.553750 0.773438 0.037500 0.037500
0 0.890000 0.137500 0.220000 0.371875
0 0.753750 0.551562 0.107500 0.150000
0 0.582500 0.728125 0.090000 0.106250
0 0.708750 0.239063 0.147500 0.240625
0 0.805000 0.137500 0.140000 0.193750
0 0.053750 0.457813 0.107500 0.287500
0 0.826250 0.092188 0.147500 0.068750
0 0.878750 0.454688 0.072500 0.103125
0 0.401250 0.323437 0.182500 0.175000
0 0.542500 0.065625 0.045000 0.084375
0 0.766250 0.717187 0.092500 0.100000
0 0.781250 0.801562 0.077500 0.118750
0 0.407500 0.196875 0.130000 0.106250
0 0.842500 0.759375 0.060000 0.150000
0 0.378750 0.885938 0.067500 0.156250
0 0.246250 0.842187 0.142500 0.246875
0 0.313750 0.845313 0.077500 0.203125
0 0.020000 0.234375 0.040000 0.243750
0 0.530000 0.843750 0.110000 0.121875
0 0.640000 0.837500 0.095000 0.118750
0 0.242500 0.584375 0.135000 0.175000
0 0.553750 0.282813 0.157500 0.156250
0 0.380000 0.643750 0.155000 0.168750
0 0.508750 0.617188 0.192500 0.121875
0 0.146250 0.445312 0.157500 0.171875
0 0.292500 0.734375 0.125000 0.156250
0 0.845000 0.662500 0.145000 0.128125
0 0.640000 0.100000 0.090000 0.153125
0 0.718750 0.085938 0.082500 0.109375
0 0.378750 0.076563 0.107500 0.112500
0 0.562500 0.428125 0.155000 0.093750
0 0.756250 0.895312 0.077500 0.125000
0 0.867500 0.540625 0.090000 0.128125
0 0.961250 0.707812 0.077500 0.103125
0 0.905000 0.865625 0.105000 0.171875
0 0.527500 0.937500 0.070000 0.084375
0 0.421250 0.782813 0.107500 0.131250
0 0.822500 0.987500 0.095000 0.071875
0 0.588750 0.045312 0.072500 0.037500
0 0.437500 0.934375 0.085000 0.112500
0 0.598750 0.942187 0.062500 0.084375
0 0.825000 0.443750 0.080000 0.081250
0 0.603750 0.460938 0.097500 0.181250
0 0.676250 0.457813 0.087500 0.125000
0 0.487500 0.737500 0.075000 0.068750
0 0.963750 0.570312 0.072500 0.125000
0 0.980000 0.871875 0.040000 0.121875
0 0.968750 0.414062 0.062500 0.140625
0 0.062500 0.700000 0.080000 0.156250
0 0.677500 0.687500 0.060000 0.103125
0 0.730000 0.643750 0.075000 0.100000
0 0.020000 0.865625 0.040000 0.103125
0 0.022500 0.740625 0.045000 0.112500
0 0.928750 0.998437 0.072500 0.046875
