0 0.102500 0.825000 0.175000 0.278125
0 0.661250 0.910937 0.092500 0.146875
0 0.317500 0.500000 0.145000 0.162500
0 0.127500 0.150000 0.240000 0.206250
0 0.302500 0.375000 0.240000 0.259375
0 0.541250 0.782813 0.037500 0.037500
0 0.886250 0.142187 0.227500 0.378125
0 0.755000 0.556250 0.110000 0.150000
0 0.585000 0.731250 0.090000 0.109375
0 0.712500 0.237500 0.145000 0.243750
0 0.807500 0.140625 0.145000 0.187500
0 0.053750 0.467187 0.107500 0.287500
0 0.827500 0.090625 0.145000 0.068750
0 0.881250 0.470313 0.077500 0.103125
0 0.413750 0.314063 0.167500 0.196875
0 0.543750 0.060937 0.042500 0.084375
0 0.767500 0.718750 0.090000 0.100000
0 0.785000 0.803125 0.075000 0.118750
0 0.408750 0.195312 0.137500 0.112500
0 0.842500 0.768750 0.060000 0.146875
0 0.376250 0.885938 0.067500 0.156250
0 0.245000 0.843750 0.140000 0.243750
0 0.315000 0.843750 0.075000 0.203125
0 0.025000 0.240625 0.050000 0.243750
0 0.527500 0.843750 0.105000 0.125000
0 0.640000 0.846875 0.095000 0.118750
0 0.242500 0.593750 0.135000 0.175000
0 0.025000 0.753125 0.050000 0.225000
0 0.555000 0.281250 0.155000 0.156250
0 0.378750 0.642188 0.152500 0.175000
0 0.512500 0.621875 0.200000 0.121875
0 0.147500 0.484375 0.165000 0.150000
0 0.293750 0.735938 0.122500 0.162500
0 0.848750 0.679688 0.152500 0.125000
0 0.641250 0.104688 0.092500 0.150000
0 0.720000 0.087500 0.085000 0.106250
0 0.376250 0.076563 0.112500 0.109375
0 0.580000 0.431250 0.160000 0.087500
0 0.758750 0.892188 0.077500 0.131250
0 0.872500 0.540625 0.090000 0.128125
0 0.965000 0.712500 0.070000 0.103125
0 0.907500 0.868750 0.105000 0.171875
0 0.526250 0.948438 0.067500 0.075000
0 0.423750 0.789062 0.107500 0.131250
0 0.823750 0.985938 0.092500 0.071875
0 0.591250 0.045312 0.072500 0.037500
0 0.436250 0.939063 0.082500 0.109375
0 0.598750 0.945312 0.062500 0.081250
0 0.845000 0.440625 0.080000 0.084375
0 0.596250 0.470313 0.107500 0.171875
0 0.677500 0.459375 0.085000 0.125000
0 0.488750 0.745313 0.077500 0.071875
0 0.967500 0.571875 0.065000 0.115625
0 0.981250 0.876563 0.037500 0.121875
0 0.971250 0.417187 0.057500 0.134375
0 0.065000 0.709375 0.080000 0.156250
0 0.670000 0.693750 0.065000 0.100000
0 0.723750 0.648438 0.072500 0.096875
