0 0.102500 0.854688 0.175000 0.278125
0 0.661250 0.926562 0.092500 0.146875
0 0.317500 0.490625 0.145000 0.162500
0 0.127500 0.103125 0.240000 0.206250
0 0.302500 0.351562 0.240000 0.259375
0 0.543750 0.778125 0.037500 0.037500
0 0.886250 0.189062 0.227500 0.378125
0 0.755000 0.562500 0.110000 0.150000
0 0.585000 0.728125 0.090000 0.106250
0 0.712500 0.268750 0.145000 0.243750
0 0.807500 0.143750 0.145000 0.187500
0 0.053750 0.543750 0.107500 0.287500
0 0.827500 0.034375 0.145000 0.068750
0 0.880000 0.473438 0.075000 0.103125
0 0.411250 0.306250 0.167500 0.193750
0 0.543750 0.076563 0.042500 0.084375
0 0.765000 0.712500 0.090000 0.100000
0 0.782500 0.815625 0.075000 0.118750
0 0.407500 0.165625 0.135000 0.112500
0 0.842500 0.804688 0.060000 0.146875
0 0.376250 0.921875 0.067500 0.156250
0 0.245000 0.878125 0.140000 0.243750
0 0.316250 0.898438 0.077500 0.203125
0 0.023750 0.331250 0.047500 0.243750
0 0.527500 0.840625 0.105000 0.125000
0 0.640000 0.843750 0.095000 0.118750
0 0.242500 0.596875 0.135000 0.175000
0 0.025000 0.834375 0.050000 0.225000
0 0.555000 0.262500 0.155000 0.156250
0 0.378750 0.632812 0.152500 0.171875
0 0.511250 0.557813 0.197500 0.121875
0 0.146250 0.454688 0.162500 0.153125
0 0.295000 0.740625 0.125000 0.162500
0 0.848750 0.645312 0.152500 0.121875
0 0.641250 0.121875 0.092500 0.150000
0 0.718750 0.087500 0.082500 0.106250
0 0.376250 0.060937 0.112500 0.109375
0 0.580000 0.376563 0.160000 0.090625
0 0.758750 0.907813 0.077500 0.128125
0 0.870000 0.548438 0.090000 0.128125
0 0.963750 0.717187 0.072500 0.103125
0 0.907500 0.889062 0.105000 0.171875
0 0.526250 0.943750 0.067500 0.075000
0 0.423750 0.787500 0.107500 0.131250
0 0.823750 0.964063 0.092500 0.071875
0 0.591250 0.018750 0.072500 0.037500
0 0.436250 0.942187 0.082500 0.109375
0 0.598750 0.946875 0.062500 0.081250
0 0.842500 0.432812 0.080000 0.084375
0 0.595000 0.489063 0.105000 0.171875
0 0.677500 0.467187 0.085000 0.121875
0 0.488750 0.732812 0.077500 0.071875
0 0.967500 0.589063 0.065000 0.115625
0 0.981250 0.914062 0.037500 0.121875
0 0.971250 0.448437 0.057500 0.134375
0 0.065000 0.737500 0.080000 0.156250
0 0.672500 0.703125 0.065000 0.100000
0 0.723750 0.651563 0.072500 0.096875
