0 0.106250 0.796875 0.157500 0.293750
0 0.671250 0.928125 0.092500 0.143750
0 0.322500 0.471875 0.145000 0.162500
0 0.148750 0.051562 0.277500 0.103125
0 0.278750 0.300000 0.202500 0.275000
0 0.581250 0.732812 0.037500 0.040625
0 0.903750 0.164062 0.187500 0.328125
0 0.730000 0.518750 0.100000 0.150000
0 0.568750 0.695312 0.077500 0.090625
0 0.690000 0.260937 0.160000 0.221875
0 0.775000 0.162500 0.095000 0.225000
0 0.056250 0.484375 0.112500 0.287500
0 0.806250 0.031250 0.147500 0.062500
0 0.861250 0.423438 0.067500 0.103125
0 0.373750 0.251563 0.202500 0.153125
0 0.538750 0.104688 0.067500 0.084375
0 0.738750 0.667188 0.092500 0.109375
0 0.770000 0.801562 0.095000 0.128125
0 0.402500 0.171875 0.105000 0.100000
0 0.841250 0.762500 0.067500 0.162500
0 0.386250 0.903125 0.067500 0.150000
0 0.247500 0.812500 0.135000 0.250000
0 0.310000 0.879687 0.080000 0.203125
0 0.521250 0.795312 0.117500 0.115625
0 0.642500 0.793750 0.095000 0.118750
0 0.220000 0.537500 0.150000 0.268750
0 0.532500 0.262500 0.175000 0.156250
0 0.373750 0.626563 0.147500 0.146875
0 0.482500 0.565625 0.150000 0.137500
0 0.142500 0.310937 0.145000 0.215625
0 0.276250 0.701562 0.142500 0.146875
0 0.826250 0.581250 0.092500 0.156250
0 0.633750 0.128125 0.082500 0.156250
0 0.701250 0.109375 0.072500 0.131250
0 0.385000 0.073438 0.100000 0.115625
0 0.475000 0.392188 0.135000 0.134375
0 0.756250 0.903125 0.077500 0.106250
0 0.830000 0.532813 0.085000 0.128125
0 0.938750 0.676562 0.122500 0.121875
0 0.885000 0.854688 0.105000 0.184375
0 0.542500 0.907813 0.065000 0.109375
0 0.411250 0.746875 0.107500 0.131250
0 0.826250 0.964063 0.097500 0.071875
0 0.575000 0.028125 0.090000 0.056250
0 0.446250 0.904687 0.092500 0.134375
0 0.616250 0.903125 0.062500 0.100000
0 0.708750 0.451562 0.072500 0.071875
0 0.567500 0.481250 0.135000 0.187500
0 0.662500 0.431250 0.105000 0.112500
0 0.482500 0.698438 0.095000 0.078125
0 0.936250 0.554688 0.122500 0.121875
0 0.972500 0.881250 0.055000 0.131250
0 0.933750 0.400000 0.102500 0.187500
0 0.047500 0.690625 0.080000 0.156250
0 0.653750 0.687500 0.072500 0.093750
0 0.703750 0.606250 0.067500 0.081250
0 0.013750 0.856250 0.027500 0.081250
0 0.015000 0.692187 0.030000 0.140625
0 0.931250 0.971875 0.057500 0.056250
0 0.593750 0.967187 0.062500 0.065625
0 0.511250 0.971875 0.062500 0.056250
0 0.806250 0.406250 0.072500 0.125000
