0 0.108750 0.720313 0.157500 0.312500
0 0.671250 0.904687 0.092500 0.153125
0 0.325000 0.478125 0.145000 0.162500
0 0.145000 0.168750 0.270000 0.096875
0 0.272500 0.275000 0.195000 0.268750
0 0.573750 0.742188 0.037500 0.040625
0 0.897500 0.121875 0.195000 0.325000
0 0.722500 0.487500 0.100000 0.150000
0 0.565000 0.690625 0.075000 0.087500
0 0.681250 0.254688 0.152500 0.206250
0 0.765000 0.134375 0.095000 0.215625
0 0.060000 0.406250 0.120000 0.287500
0 0.797500 0.090625 0.145000 0.062500
0 0.853750 0.417187 0.067500 0.103125
0 0.358750 0.279687 0.202500 0.156250
0 0.537500 0.118750 0.075000 0.084375
0 0.728750 0.654687 0.092500 0.112500
0 0.763750 0.785937 0.097500 0.128125
0 0.400000 0.184375 0.100000 0.100000
0 0.840000 0.709375 0.070000 0.168750
0 0.383750 0.848437 0.067500 0.137500
0 0.248750 0.748437 0.132500 0.250000
0 0.310000 0.818750 0.080000 0.203125
0 0.511250 0.798438 0.117500 0.115625
0 0.641250 0.782813 0.097500 0.118750
0 0.215000 0.475000 0.145000 0.259375
0 0.512500 0.309375 0.175000 0.156250
0 0.362500 0.609375 0.115000 0.156250
0 0.472500 0.581250 0.135000 0.140625
0 0.142500 0.287500 0.145000 0.215625
0 0.262500 0.684375 0.135000 0.146875
0 0.820000 0.537500 0.080000 0.162500
0 0.631250 0.110937 0.082500 0.150000
0 0.698750 0.095312 0.072500 0.131250
0 0.450000 0.400000 0.130000 0.153125
0 0.758750 0.892188 0.077500 0.106250
0 0.815000 0.509375 0.080000 0.125000
0 0.931250 0.685937 0.137500 0.146875
0 0.880000 0.809375 0.105000 0.193750
0 0.541250 0.879687 0.067500 0.118750
0 0.405000 0.737500 0.110000 0.131250
0 0.828750 0.989062 0.097500 0.071875
0 0.573750 0.064062 0.102500 0.071875
0 0.448750 0.864062 0.087500 0.134375
0 0.618750 0.876563 0.062500 0.103125
0 0.668750 0.470313 0.072500 0.071875
0 0.553750 0.473438 0.142500 0.184375
0 0.656250 0.435937 0.112500 0.103125
0 0.466250 0.692187 0.092500 0.084375
0 0.926250 0.567187 0.132500 0.121875
0 0.966250 0.842187 0.062500 0.140625
0 0.910000 0.353125 0.125000 0.206250
0 0.040000 0.659375 0.080000 0.156250
0 0.641250 0.682813 0.072500 0.093750
0 0.686250 0.592187 0.067500 0.084375
0 0.011250 0.820312 0.022500 0.081250
0 0.012500 0.631250 0.025000 0.143750
0 0.935000 0.975000 0.060000 0.062500
0 0.601250 0.957812 0.062500 0.081250
0 0.512500 0.971875 0.060000 0.065625
0 0.796250 0.379688 0.072500 0.115625
0 0.415000 0.043750 0.060000 0.087500
0 0.356250 0.104688 0.092500 0.075000
0 0.980000 0.465625 0.040000 0.131250
0 0.096250 1.051562 0.132500 0.031250
