0 0.106250 0.784375 0.157500 0.306250
0 0.671250 0.925000 0.092500 0.150000
0 0.322500 0.468750 0.145000 0.162500
0 0.150000 0.043750 0.280000 0.087500
0 0.275000 0.287500 0.195000 0.275000
0 0.576250 0.735938 0.037500 0.040625
0 0.901250 0.162500 0.192500 0.325000
0 0.725000 0.506250 0.100000 0.150000
0 0.565000 0.687500 0.075000 0.087500
0 0.685000 0.262500 0.155000 0.212500
0 0.767500 0.178125 0.095000 0.218750
0 0.058750 0.478125 0.117500 0.287500
0 0.800000 0.031250 0.145000 0.062500
0 0.856250 0.426563 0.067500 0.103125
0 0.368750 0.237500 0.202500 0.156250
0 0.536250 0.110937 0.072500 0.084375
0 0.731250 0.654687 0.092500 0.109375
0 0.766250 0.795312 0.097500 0.128125
0 0.401250 0.171875 0.102500 0.100000
0 0.838750 0.751563 0.067500 0.165625
0 0.386250 0.882812 0.067500 0.140625
0 0.246250 0.796875 0.132500 0.250000
0 0.310000 0.873437 0.080000 0.203125
0 0.513750 0.785937 0.117500 0.115625
0 0.641250 0.784375 0.097500 0.118750
0 0.216250 0.520312 0.147500 0.265625
0 0.517500 0.275000 0.175000 0.156250
0 0.365000 0.617188 0.125000 0.153125
0 0.475000 0.567187 0.140000 0.140625
0 0.142500 0.307812 0.145000 0.215625
0 0.268750 0.684375 0.142500 0.150000
0 0.822500 0.568750 0.080000 0.162500
0 0.631250 0.134375 0.082500 0.156250
0 0.698750 0.112500 0.072500 0.131250
0 0.458750 0.395313 0.132500 0.146875
0 0.758750 0.896875 0.077500 0.106250
0 0.821250 0.526563 0.082500 0.128125
0 0.933750 0.671875 0.132500 0.137500
0 0.880000 0.845313 0.105000 0.190625
0 0.543750 0.901563 0.067500 0.115625
0 0.408750 0.740625 0.107500 0.131250
0 0.828750 0.964063 0.097500 0.071875
0 0.573750 0.035937 0.102500 0.071875
0 0.448750 0.885938 0.087500 0.134375
0 0.618750 0.895312 0.062500 0.103125
0 0.681250 0.457813 0.072500 0.071875
0 0.557500 0.476562 0.140000 0.184375
0 0.660000 0.420312 0.110000 0.103125
0 0.470000 0.681250 0.090000 0.081250
0 0.928750 0.548438 0.132500 0.121875
0 0.967500 0.875000 0.060000 0.137500
0 0.918750 0.384375 0.117500 0.200000
0 0.042500 0.687500 0.080000 0.156250
0 0.646250 0.684375 0.072500 0.093750
0 0.691250 0.596875 0.067500 0.081250
0 0.011250 0.850000 0.022500 0.081250
0 0.012500 0.687500 0.025000 0.143750
0 0.935000 0.970313 0.060000 0.059375
0 0.598750 0.962500 0.062500 0.075000
0 0.512500 0.968750 0.060000 0.062500
0 0.798750 0.396875 0.072500 0.118750
0 0.420000 0.046875 0.060000 0.087500
0 0.367500 0.085938 0.085000 0.065625
0 0.982500 0.509375 0.035000 0.125000
