0 0.108750 0.764062 0.157500 0.321875
0 0.671250 0.920312 0.092500 0.159375
0 0.325000 0.462500 0.145000 0.162500
0 0.133750 0.054688 0.247500 0.109375
0 0.263750 0.285938 0.192500 0.253125
0 0.566250 0.732812 0.037500 0.040625
0 0.892500 0.160938 0.200000 0.321875
0 0.717500 0.490625 0.100000 0.150000
0 0.571250 0.681250 0.072500 0.087500
0 0.676250 0.264062 0.147500 0.196875
0 0.757500 0.196875 0.095000 0.206250
0 0.062500 0.468750 0.125000 0.287500
0 0.792500 0.029687 0.145000 0.059375
0 0.850000 0.426563 0.070000 0.103125
0 0.328750 0.212500 0.202500 0.156250
0 0.535000 0.120313 0.080000 0.084375
0 0.721250 0.642188 0.092500 0.115625
0 0.761250 0.776563 0.097500 0.128125
0 0.397500 0.173437 0.095000 0.103125
0 0.837500 0.735938 0.070000 0.165625
0 0.383750 0.859375 0.067500 0.131250
0 0.247500 0.775000 0.130000 0.250000
0 0.307500 0.864062 0.080000 0.203125
0 0.506250 0.773438 0.117500 0.115625
0 0.637500 0.773438 0.100000 0.115625
0 0.210000 0.495312 0.140000 0.240625
0 0.502500 0.281250 0.175000 0.156250
0 0.356250 0.600000 0.107500 0.143750
0 0.465000 0.568750 0.125000 0.143750
0 0.142500 0.301563 0.145000 0.215625
0 0.248750 0.653125 0.122500 0.137500
0 0.811250 0.562500 0.077500 0.156250
0 0.628750 0.143750 0.082500 0.143750
0 0.696250 0.118750 0.072500 0.131250
0 0.437500 0.385937 0.125000 0.159375
0 0.761250 0.890625 0.077500 0.106250
0 0.806250 0.515625 0.077500 0.125000
0 0.926250 0.668750 0.147500 0.162500
0 0.875000 0.831250 0.105000 0.200000
0 0.542500 0.890625 0.070000 0.125000
0 0.387500 0.714063 0.115000 0.128125
0 0.831250 0.964063 0.097500 0.071875
0 0.451250 0.857812 0.082500 0.134375
0 0.616250 0.882812 0.062500 0.103125
0 0.643750 0.470313 0.072500 0.071875
0 0.545000 0.475000 0.150000 0.181250
0 0.645000 0.410938 0.115000 0.096875
0 0.456250 0.664062 0.102500 0.084375
0 0.916250 0.535937 0.132500 0.121875
0 0.961250 0.868750 0.067500 0.143750
0 0.895000 0.364063 0.140000 0.221875
0 0.038750 0.684375 0.077500 0.162500
0 0.633750 0.681250 0.072500 0.093750
0 0.672500 0.579688 0.070000 0.090625
0 0.011250 0.840625 0.022500 0.081250
0 0.936250 0.968750 0.062500 0.062500
0 0.597500 0.953125 0.060000 0.081250
0 0.512500 0.962500 0.060000 0.068750
0 0.791250 0.382812 0.072500 0.109375
0 0.405000 0.053125 0.060000 0.087500
0 0.332500 0.078125 0.110000 0.093750
0 0.973750 0.500000 0.052500 0.150000
0 0.098750 0.979688 0.137500 0.040625
0 0.541250 0.021875 0.067500 0.043750
0 0.612500 0.065625 0.060000 0.081250
0 0.446250 0.975000 0.082500 0.050000
0 0.370000 0.965625 0.065000 0.056250
