0 0.111250 0.745313 0.157500 0.334375
0 0.671250 0.917188 0.092500 0.165625
0 0.327500 0.459375 0.145000 0.162500
0 0.120000 0.062500 0.220000 0.125000
0 0.258750 0.285938 0.192500 0.234375
0 0.558750 0.710938 0.037500 0.040625
0 0.888750 0.159375 0.207500 0.318750
0 0.712500 0.478125 0.100000 0.150000
0 0.576250 0.676562 0.072500 0.090625
0 0.668750 0.267188 0.142500 0.184375
0 0.747500 0.210938 0.095000 0.196875
0 0.063750 0.459375 0.127500 0.287500
0 0.786250 0.029687 0.142500 0.059375
0 0.842500 0.428125 0.070000 0.100000
0 0.301250 0.193750 0.202500 0.156250
0 0.533750 0.126562 0.087500 0.084375
0 0.711250 0.628125 0.092500 0.118750
0 0.758750 0.764062 0.097500 0.128125
0 0.391250 0.182812 0.087500 0.103125
0 0.831250 0.715625 0.072500 0.156250
0 0.383750 0.835938 0.067500 0.121875
0 0.246250 0.756250 0.127500 0.250000
0 0.307500 0.857812 0.080000 0.203125
0 0.506250 0.765625 0.117500 0.112500
0 0.631250 0.765625 0.102500 0.112500
0 0.203750 0.473438 0.132500 0.221875
0 0.492500 0.281250 0.175000 0.156250
0 0.351250 0.579688 0.107500 0.115625
0 0.462500 0.565625 0.125000 0.143750
0 0.135000 0.292187 0.145000 0.215625
0 0.231250 0.604688 0.117500 0.134375
0 0.801250 0.554688 0.077500 0.153125
0 0.626250 0.151562 0.082500 0.134375
0 0.693750 0.125000 0.072500 0.131250
0 0.425000 0.373437 0.120000 0.165625
0 0.761250 0.884375 0.077500 0.106250
0 0.795000 0.504687 0.075000 0.121875
0 0.921250 0.662500 0.152500 0.175000
0 0.870000 0.823438 0.105000 0.209375
0 0.541250 0.879687 0.072500 0.134375
0 0.371250 0.690625 0.122500 0.125000
0 0.833750 0.964063 0.097500 0.071875
0 0.453750 0.839063 0.077500 0.134375
0 0.613750 0.870313 0.062500 0.103125
0 0.611250 0.476562 0.072500 0.071875
0 0.536250 0.470313 0.157500 0.178125
0 0.636250 0.404687 0.127500 0.096875
0 0.445000 0.651563 0.115000 0.084375
0 0.906250 0.526563 0.132500 0.121875
0 0.957500 0.864062 0.075000 0.153125
0 0.881250 0.351562 0.152500 0.228125
0 0.037500 0.681250 0.075000 0.168750
0 0.622500 0.665625 0.070000 0.087500
0 0.660000 0.568750 0.075000 0.100000
0 0.013750 0.842187 0.027500 0.084375
0 0.938750 0.967187 0.062500 0.065625
0 0.592500 0.945312 0.055000 0.078125
0 0.512500 0.960938 0.060000 0.071875
0 0.783750 0.373437 0.072500 0.103125
0 0.396250 0.057813 0.062500 0.096875
0 0.322500 0.075000 0.115000 0.112500
0 0.966250 0.490625 0.067500 0.168750
0 0.098750 0.973437 0.142500 0.053125
0 0.536250 0.021875 0.067500 0.043750
0 0.611250 0.065625 0.062500 0.081250
0 0.446250 0.968750 0.082500 0.062500
0 0.360000 0.948438 0.075000 0.059375
0 0.586250 0.984375 0.067500 0.031250
0 0.432500 0.037500 0.075000 0.075000
0 0.985000 0.739062 0.030000 0.078125
