0 0.123750 0.589063 0.157500 0.321875
0 0.661250 0.870313 0.092500 0.187500
0 0.310000 0.393750 0.140000 0.140625
0 0.076250 0.082812 0.132500 0.203125
0 0.231250 0.242188 0.137500 0.193750
0 0.533750 0.670312 0.037500 0.040625
0 0.833750 0.132812 0.212500 0.293750
0 0.642500 0.484375 0.090000 0.075000
0 0.607500 0.637500 0.065000 0.093750
0 0.602500 0.290625 0.105000 0.168750
0 0.748750 0.220312 0.087500 0.181250
0 0.055000 0.343750 0.110000 0.287500
0 0.797500 0.431250 0.075000 0.100000
0 0.232500 0.137500 0.175000 0.168750
0 0.508750 0.126562 0.087500 0.146875
0 0.713750 0.582812 0.082500 0.115625
0 0.738750 0.723437 0.097500 0.128125
0 0.376250 0.198437 0.077500 0.118750
0 0.802500 0.628125 0.085000 0.143750
0 0.356250 0.767188 0.072500 0.125000
0 0.233750 0.601562 0.122500 0.250000
0 0.276250 0.792188 0.097500 0.134375
0 0.515000 0.743750 0.110000 0.103125
0 0.615000 0.734375 0.100000 0.106250
0 0.181250 0.398438 0.122500 0.196875
0 0.487500 0.309375 0.130000 0.137500
0 0.307500 0.490625 0.115000 0.131250
0 0.455000 0.562500 0.125000 0.143750
0 0.137500 0.190625 0.110000 0.215625
0 0.225000 0.412500 0.080000 0.140625
0 0.750000 0.490625 0.070000 0.128125
0 0.603750 0.167187 0.082500 0.128125
0 0.682500 0.137500 0.075000 0.140625
0 0.362500 0.275000 0.115000 0.171875
0 0.752500 0.865625 0.085000 0.118750
0 0.713750 0.485938 0.082500 0.103125
0 0.912500 0.603125 0.135000 0.140625
0 0.837500 0.725000 0.105000 0.215625
0 0.537500 0.818750 0.075000 0.150000
0 0.296250 0.601562 0.127500 0.137500
0 0.880000 0.937500 0.100000 0.096875
0 0.436250 0.760938 0.112500 0.178125
0 0.611250 0.829688 0.072500 0.103125
0 0.431250 0.473438 0.092500 0.068750
0 0.481250 0.451562 0.167500 0.115625
0 0.621250 0.454688 0.127500 0.103125
0 0.407500 0.628125 0.110000 0.121875
0 0.870000 0.546875 0.145000 0.106250
0 0.910000 0.746875 0.060000 0.171875
0 0.858750 0.367188 0.132500 0.178125
0 0.035000 0.596875 0.070000 0.178125
0 0.567500 0.596875 0.060000 0.068750
0 0.587500 0.556250 0.125000 0.087500
0 0.026250 0.839063 0.052500 0.106250
0 0.962500 0.959375 0.065000 0.081250
0 0.577500 0.896875 0.040000 0.071875
0 0.512500 0.975000 0.075000 0.071875
0 0.767500 0.343750 0.090000 0.112500
0 0.381250 0.107813 0.087500 0.118750
0 0.317500 0.043750 0.070000 0.093750
0 0.926250 0.320312 0.077500 0.196875
0 0.108750 0.951562 0.152500 0.140625
0 0.516250 0.045312 0.072500 0.053125
0 0.598750 0.076563 0.072500 0.084375
0 0.415000 0.937500 0.115000 0.134375
0 0.252500 0.931250 0.175000 0.081250
0 0.575000 0.950000 0.050000 0.081250
0 0.407500 0.062500 0.080000 0.106250
0 0.276250 0.985938 0.147500 0.106250
0 0.642500 0.050000 0.080000 0.053125
0 0.960000 0.050000 0.080000 0.262500
0 0.973750 0.832812 0.052500 0.071875
0 0.842500 1.018750 0.105000 0.046875
0 0.976250 0.751563 0.047500 0.090625
0 0.928750 0.682813 0.057500 0.075000
0 0.980000 0.496875 0.040000 0.128125
