0 0.113750 0.657813 0.157500 0.337500
0 0.671250 0.885938 0.092500 0.171875
0 0.322500 0.453125 0.145000 0.156250
0 0.108750 0.123438 0.197500 0.134375
0 0.251250 0.295312 0.192500 0.212500
0 0.548750 0.695312 0.037500 0.040625
0 0.881250 0.132812 0.212500 0.315625
0 0.695000 0.465625 0.100000 0.131250
0 0.582500 0.668750 0.070000 0.090625
0 0.663750 0.267188 0.137500 0.171875
0 0.742500 0.190625 0.095000 0.190625
0 0.062500 0.387500 0.125000 0.287500
0 0.785000 0.087500 0.140000 0.059375
0 0.838750 0.423438 0.072500 0.100000
0 0.283750 0.229687 0.202500 0.156250
0 0.528750 0.135937 0.087500 0.096875
0 0.710000 0.615625 0.090000 0.118750
0 0.756250 0.748437 0.097500 0.128125
0 0.385000 0.190625 0.080000 0.103125
0 0.825000 0.668750 0.075000 0.150000
0 0.371250 0.804688 0.067500 0.121875
0 0.247500 0.690625 0.125000 0.250000
0 0.301250 0.798438 0.082500 0.184375
0 0.506250 0.773438 0.117500 0.109375
0 0.627500 0.765625 0.105000 0.112500
0 0.197500 0.431250 0.125000 0.200000
0 0.492500 0.312500 0.170000 0.150000
0 0.336250 0.564063 0.107500 0.115625
0 0.457500 0.568750 0.125000 0.143750
0 0.122500 0.262500 0.145000 0.215625
0 0.226250 0.567187 0.117500 0.134375
0 0.792500 0.521875 0.075000 0.150000
0 0.621250 0.145313 0.082500 0.128125
0 0.691250 0.110937 0.072500 0.131250
0 0.412500 0.343750 0.115000 0.171875
0 0.762500 0.878125 0.080000 0.109375
0 0.780000 0.478125 0.070000 0.121875
0 0.920000 0.656250 0.150000 0.168750
0 0.865000 0.768750 0.105000 0.215625
0 0.540000 0.846875 0.075000 0.143750
0 0.353750 0.692187 0.132500 0.121875
0 0.842500 0.978125 0.100000 0.075000
0 0.450000 0.806250 0.085000 0.143750
0 0.611250 0.848437 0.062500 0.103125
0 0.575000 0.487500 0.075000 0.068750
0 0.518750 0.470313 0.157500 0.150000
0 0.633750 0.435937 0.132500 0.096875
0 0.436250 0.676562 0.122500 0.087500
0 0.896250 0.539062 0.132500 0.121875
0 0.952500 0.828125 0.080000 0.159375
0 0.876250 0.339062 0.147500 0.218750
0 0.035000 0.634375 0.070000 0.175000
0 0.611250 0.648438 0.067500 0.081250
0 0.645000 0.556250 0.080000 0.096875
0 0.016250 0.820312 0.032500 0.090625
0 0.940000 0.971875 0.065000 0.068750
0 0.590000 0.928125 0.050000 0.075000
0 0.511250 0.964063 0.062500 0.071875
0 0.776250 0.360938 0.072500 0.096875
0 0.388750 0.048438 0.067500 0.112500
0 0.325000 0.071875 0.100000 0.131250
0 0.958750 0.439063 0.082500 0.190625
0 0.098750 1.026563 0.147500 0.065625
0 0.531250 0.042188 0.067500 0.046875
0 0.610000 0.068750 0.065000 0.084375
0 0.446250 0.979688 0.082500 0.071875
0 0.347500 0.953125 0.085000 0.062500
0 0.583750 0.995313 0.062500 0.043750
0 0.428750 0.051562 0.077500 0.081250
0 0.980000 0.721875 0.040000 0.090625
0 0.308750 1.017187 0.102500 0.046875
