0 0.116250 0.700000 0.157500 0.331250
0 0.671250 0.909375 0.092500 0.181250
0 0.315000 0.401562 0.145000 0.140625
0 0.093750 0.076563 0.167500 0.153125
0 0.241250 0.279687 0.187500 0.190625
0 0.538750 0.670312 0.037500 0.040625
0 0.863750 0.153125 0.212500 0.306250
0 0.675000 0.459375 0.100000 0.106250
0 0.591250 0.660937 0.067500 0.090625
0 0.646250 0.279687 0.127500 0.165625
0 0.746250 0.237500 0.092500 0.187500
0 0.060000 0.440625 0.120000 0.287500
0 0.785000 0.029687 0.140000 0.059375
0 0.830000 0.431250 0.075000 0.100000
0 0.263750 0.159375 0.197500 0.156250
0 0.521250 0.134375 0.087500 0.112500
0 0.711250 0.607812 0.087500 0.115625
0 0.751250 0.735938 0.097500 0.128125
0 0.377500 0.203125 0.070000 0.106250
0 0.818750 0.670312 0.077500 0.140625
0 0.351250 0.804688 0.067500 0.121875
0 0.241250 0.706250 0.122500 0.250000
0 0.287500 0.812500 0.085000 0.150000
0 0.507500 0.740625 0.115000 0.106250
0 0.621250 0.745313 0.107500 0.109375
0 0.191250 0.439063 0.122500 0.196875
0 0.496250 0.284375 0.157500 0.143750
0 0.331250 0.529687 0.112500 0.128125
0 0.452500 0.559375 0.125000 0.143750
0 0.127500 0.264062 0.145000 0.215625
0 0.228750 0.510938 0.117500 0.134375
0 0.778750 0.540625 0.072500 0.143750
0 0.616250 0.167187 0.082500 0.128125
0 0.688750 0.137500 0.072500 0.131250
0 0.395000 0.337500 0.105000 0.181250
0 0.758750 0.878125 0.082500 0.112500
0 0.761250 0.489063 0.072500 0.115625
0 0.917500 0.625000 0.145000 0.156250
0 0.855000 0.795312 0.105000 0.215625
0 0.541250 0.862500 0.077500 0.150000
0 0.331250 0.640625 0.137500 0.125000
0 0.853750 0.942187 0.102500 0.084375
0 0.446250 0.807813 0.097500 0.159375
0 0.608750 0.848437 0.062500 0.103125
0 0.521250 0.465625 0.082500 0.068750
0 0.496250 0.412500 0.157500 0.112500
0 0.636250 0.404687 0.132500 0.096875
0 0.425000 0.634375 0.115000 0.100000
0 0.885000 0.509375 0.135000 0.118750
0 0.941250 0.839063 0.077500 0.165625
0 0.868750 0.364063 0.142500 0.203125
0 0.035000 0.667188 0.070000 0.178125
0 0.593750 0.617188 0.062500 0.071875
0 0.628750 0.532813 0.097500 0.078125
0 0.018750 0.848437 0.037500 0.096875
0 0.950000 0.964063 0.065000 0.071875
0 0.585000 0.925000 0.045000 0.075000
0 0.512500 0.960938 0.065000 0.071875
0 0.773750 0.356250 0.077500 0.100000
0 0.380000 0.071875 0.075000 0.131250
0 0.328750 0.075000 0.082500 0.150000
0 0.950000 0.448437 0.085000 0.196875
0 0.100000 0.959375 0.155000 0.081250
0 0.527500 0.023438 0.070000 0.046875
0 0.606250 0.070312 0.067500 0.084375
0 0.436250 0.948438 0.092500 0.103125
0 0.332500 0.904687 0.100000 0.065625
0 0.581250 0.968750 0.057500 0.062500
0 0.421250 0.051562 0.077500 0.090625
0 0.973750 0.740625 0.052500 0.106250
0 0.295000 0.964063 0.120000 0.071875
0 0.656250 0.021875 0.082500 0.043750
0 0.972500 0.107813 0.055000 0.215625
