0 0.122500 0.639062 0.140000 0.321875
0 0.648750 0.906250 0.092500 0.187500
0 0.295000 0.370312 0.125000 0.140625
0 0.062500 0.107813 0.105000 0.215625
0 0.203750 0.226562 0.127500 0.171875
0 0.528750 0.664062 0.037500 0.040625
0 0.812500 0.142187 0.205000 0.284375
0 0.622500 0.496875 0.075000 0.056250
0 0.631250 0.600000 0.067500 0.093750
0 0.573750 0.329688 0.092500 0.165625
0 0.748750 0.271875 0.087500 0.175000
0 0.053750 0.396875 0.107500 0.287500
0 0.765000 0.434375 0.075000 0.100000
0 0.218750 0.101562 0.172500 0.203125
0 0.493750 0.145313 0.097500 0.159375
0 0.707500 0.571875 0.075000 0.125000
0 0.726250 0.718750 0.097500 0.131250
0 0.371250 0.218750 0.082500 0.131250
0 0.787500 0.623437 0.090000 0.146875
0 0.362500 0.776563 0.080000 0.134375
0 0.228750 0.625000 0.122500 0.250000
0 0.271250 0.800000 0.107500 0.143750
0 0.526250 0.721875 0.102500 0.100000
0 0.612500 0.712500 0.085000 0.106250
0 0.151250 0.379688 0.122500 0.215625
0 0.465000 0.303125 0.120000 0.137500
0 0.287500 0.459375 0.115000 0.131250
0 0.457500 0.568750 0.125000 0.143750
0 0.140000 0.154688 0.100000 0.171875
0 0.202500 0.373437 0.070000 0.140625
0 0.713750 0.462500 0.067500 0.106250
0 0.578750 0.178125 0.087500 0.131250
0 0.675000 0.203125 0.085000 0.162500
0 0.318750 0.260937 0.127500 0.171875
0 0.743750 0.854688 0.087500 0.121875
0 0.683750 0.467187 0.087500 0.096875
0 0.912500 0.606250 0.135000 0.137500
0 0.830000 0.762500 0.115000 0.200000
0 0.537500 0.832812 0.075000 0.146875
0 0.267500 0.546875 0.125000 0.156250
0 0.905000 0.910937 0.095000 0.103125
0 0.428750 0.762500 0.122500 0.193750
0 0.617500 0.826562 0.085000 0.103125
0 0.392500 0.468750 0.100000 0.087500
0 0.456250 0.425000 0.152500 0.106250
0 0.575000 0.445312 0.115000 0.128125
0 0.396250 0.612500 0.122500 0.137500
0 0.856250 0.512500 0.152500 0.093750
0 0.902500 0.773438 0.090000 0.165625
0 0.850000 0.387500 0.125000 0.156250
0 0.035000 0.620313 0.070000 0.178125
0 0.541250 0.550000 0.052500 0.068750
0 0.578750 0.553125 0.102500 0.112500
0 0.033750 0.870313 0.067500 0.115625
0 0.956250 0.948438 0.067500 0.103125
0 0.575000 0.892188 0.040000 0.071875
0 0.510000 0.964063 0.085000 0.071875
0 0.766250 0.326562 0.092500 0.109375
0 0.381250 0.150000 0.097500 0.106250
0 0.297500 0.057813 0.090000 0.115625
0 0.902500 0.364063 0.095000 0.184375
0 0.501250 0.026562 0.072500 0.053125
0 0.581250 0.071875 0.082500 0.075000
0 0.401250 0.942187 0.132500 0.115625
0 0.183750 0.842187 0.182500 0.084375
0 0.573750 0.960938 0.047500 0.078125
0 0.393750 0.076563 0.082500 0.121875
0 0.265000 0.935937 0.160000 0.128125
0 0.627500 0.032813 0.080000 0.065625
0 0.947500 0.153125 0.105000 0.306250
0 0.960000 0.812500 0.065000 0.056250
0 0.837500 0.965625 0.105000 0.068750
0 0.975000 0.762500 0.050000 0.081250
0 0.907500 0.690625 0.055000 0.068750
0 0.971250 0.545312 0.057500 0.128125
0 0.745000 0.968750 0.100000 0.062500
0 0.153750 0.893750 0.062500 0.137500
0 0.031250 0.973437 0.062500 0.053125
0 0.981250 0.407813 0.037500 0.103125
