0 0.905000 0.675000 0.185000 0.440625
0 0.675000 0.878125 0.180000 0.234375
0 0.673750 0.095312 0.152500 0.550000
0 0.392500 0.515625 0.265000 0.368750
0 0.128750 0.145313 0.232500 0.146875
0 0.047500 0.606250 0.095000 0.215625
0 0.438750 0.151562 0.242500 0.328125
0 0.597500 0.737500 0.195000 0.287500
0 0.562500 0.334375 0.160000 0.343750
0 0.176250 0.970313 0.312500 0.225000
0 0.960000 0.215625 0.080000 0.162500
0 0.278750 0.895312 0.132500 0.125000
0 0.420000 0.915625 0.145000 0.143750
0 0.446250 1.014063 0.137500 0.071875
