0 0.906250 0.673438 0.182500 0.440625
0 0.680000 0.875000 0.180000 0.237500
0 0.668750 0.095312 0.152500 0.550000
0 0.396250 0.495312 0.257500 0.375000
0 0.131250 0.148438 0.237500 0.131250
0 0.041250 0.523438 0.082500 0.268750
0 0.416250 0.107813 0.172500 0.328125
0 0.593750 0.723437 0.167500 0.278125
0 0.560000 0.318750 0.135000 0.350000
0 0.110000 0.887500 0.215000 0.246875
0 0.943750 0.235937 0.112500 0.265625
0 0.151250 0.795312 0.172500 0.171875
0 0.336250 0.864062 0.197500 0.184375
0 0.462500 0.996875 0.170000 0.109375
