0 0.906250 0.673438 0.182500 0.440625
0 0.680000 0.878125 0.180000 0.234375
0 0.668750 0.095312 0.152500 0.550000
0 0.398750 0.498437 0.257500 0.375000
0 0.131250 0.148438 0.237500 0.137500
0 0.047500 0.553125 0.095000 0.262500
0 0.422500 0.118750 0.190000 0.328125
0 0.596250 0.726562 0.172500 0.290625
0 0.561250 0.323437 0.142500 0.350000
0 0.110000 0.900000 0.215000 0.234375
0 0.952500 0.218750 0.095000 0.243750
0 0.177500 0.831250 0.200000 0.190625
0 0.376250 0.889062 0.197500 0.171875
0 0.462500 1.009375 0.170000 0.096875
