0 0.906250 0.779687 0.187500 0.440625
0 0.675000 0.884375 0.180000 0.231250
0 0.673750 0.275000 0.152500 0.550000
0 0.392500 0.532813 0.270000 0.365625
0 0.128750 0.075000 0.232500 0.150000
0 0.047500 0.656250 0.095000 0.218750
0 0.441250 0.164062 0.252500 0.328125
0 0.598750 0.756250 0.197500 0.287500
0 0.563750 0.406250 0.162500 0.343750
0 0.187500 0.889062 0.320000 0.221875
0 0.963750 0.243750 0.072500 0.156250
0 0.310000 0.879687 0.115000 0.121875
0 0.432500 0.909375 0.130000 0.131250
0 0.443750 0.965625 0.132500 0.068750
