0 0.911250 0.779687 0.177500 0.440625
0 0.667500 0.876563 0.180000 0.246875
0 0.666250 0.273438 0.152500 0.546875
0 0.397500 0.453125 0.210000 0.431250
0 0.125000 0.039062 0.225000 0.078125
0 0.025000 0.456250 0.050000 0.150000
0 0.410000 0.156250 0.150000 0.312500
0 0.587500 0.725000 0.140000 0.206250
0 0.547500 0.306250 0.140000 0.512500
0 0.088750 0.834375 0.172500 0.331250
0 0.925000 0.357812 0.150000 0.353125
0 0.015000 0.600000 0.030000 0.106250
0 0.311250 0.682813 0.182500 0.303125
0 0.415000 0.896875 0.265000 0.206250
0 0.792500 0.925000 0.095000 0.150000
