0 0.907500 0.671875 0.180000 0.440625
0 0.680000 0.871875 0.180000 0.240625
0 0.666250 0.095312 0.152500 0.550000
0 0.393750 0.485938 0.257500 0.375000
0 0.132500 0.150000 0.240000 0.118750
0 0.021250 0.439063 0.042500 0.262500
0 0.410000 0.093750 0.150000 0.321875
0 0.590000 0.715625 0.155000 0.246875
0 0.550000 0.171875 0.145000 0.500000
0 0.110000 0.853125 0.215000 0.281250
0 0.960000 0.250000 0.080000 0.206250
0 0.098750 0.660937 0.152500 0.196875
0 0.311250 0.817187 0.237500 0.200000
0 0.445000 0.965625 0.205000 0.162500
