0 0.910000 0.779687 0.175000 0.440625
0 0.662500 0.875000 0.180000 0.250000
0 0.666250 0.273438 0.152500 0.546875
0 0.400000 0.437500 0.205000 0.418750
0 0.122500 0.031250 0.220000 0.062500
0 0.025000 0.442188 0.050000 0.128125
0 0.410000 0.154688 0.150000 0.309375
0 0.585000 0.717187 0.140000 0.190625
0 0.547500 0.306250 0.140000 0.512500
0 0.083750 0.817187 0.162500 0.365625
0 0.922500 0.378125 0.155000 0.368750
0 0.292500 0.620313 0.165000 0.409375
0 0.410000 0.893750 0.275000 0.212500
0 0.790000 0.920312 0.105000 0.159375
