0 0.911250 0.779687 0.177500 0.440625
0 0.667500 0.876563 0.180000 0.246875
0 0.666250 0.273438 0.152500 0.546875
0 0.398750 0.446875 0.207500 0.425000
0 0.123750 0.035937 0.222500 0.071875
0 0.025000 0.451562 0.050000 0.140625
0 0.410000 0.156250 0.150000 0.312500
0 0.586250 0.721875 0.137500 0.200000
0 0.547500 0.306250 0.140000 0.512500
0 0.086250 0.826562 0.167500 0.346875
0 0.922500 0.356250 0.155000 0.368750
0 0.302500 0.668750 0.165000 0.331250
0 0.412500 0.895312 0.270000 0.209375
0 0.791250 0.923438 0.102500 0.153125
