0 0.908750 0.779687 0.182500 0.440625
0 0.682500 0.881250 0.180000 0.237500
0 0.668750 0.275000 0.152500 0.550000
0 0.396250 0.515625 0.257500 0.375000
0 0.132500 0.064062 0.240000 0.128125
0 0.030000 0.573438 0.060000 0.265625
0 0.410000 0.164062 0.150000 0.328125
0 0.592500 0.750000 0.160000 0.262500
0 0.553750 0.362500 0.142500 0.450000
0 0.110000 0.867188 0.215000 0.265625
0 0.960000 0.287500 0.080000 0.231250
0 0.105000 0.704688 0.130000 0.215625
0 0.313750 0.796875 0.252500 0.218750
0 0.456250 0.932813 0.182500 0.134375
