0 0.910000 0.779687 0.175000 0.440625
0 0.662500 0.875000 0.180000 0.250000
0 0.666250 0.271875 0.152500 0.543750
0 0.400000 0.432812 0.205000 0.415625
0 0.121250 0.031250 0.217500 0.062500
0 0.025000 0.439063 0.050000 0.128125
0 0.410000 0.154688 0.150000 0.309375
0 0.582500 0.718750 0.140000 0.187500
0 0.547500 0.306250 0.140000 0.512500
0 0.083750 0.815625 0.162500 0.368750
0 0.922500 0.389062 0.155000 0.365625
0 0.286250 0.596875 0.167500 0.450000
0 0.405000 0.890625 0.280000 0.218750
0 0.790000 0.920312 0.105000 0.159375
