0 0.912500 0.779687 0.175000 0.440625
0 0.660000 0.873437 0.180000 0.253125
0 0.666250 0.271875 0.152500 0.543750
0 0.401250 0.423438 0.202500 0.409375
0 0.121250 0.031250 0.217500 0.062500
0 0.025000 0.429688 0.050000 0.128125
0 0.410000 0.153125 0.150000 0.306250
0 0.581250 0.720313 0.147500 0.178125
0 0.547500 0.303125 0.140000 0.512500
0 0.083750 0.810937 0.162500 0.378125
0 0.922500 0.406250 0.155000 0.368750
0 0.280000 0.570312 0.185000 0.465625
0 0.396250 0.882812 0.302500 0.234375
0 0.786250 0.917188 0.107500 0.165625
