0 0.953750 0.903125 0.092500 0.193750
0 0.552500 0.901563 0.295000 0.190625
0 0.658750 0.200000 0.152500 0.400000
0 0.351250 0.629687 0.307500 0.259375
0 0.806250 0.510938 0.387500 0.240625
0 0.193750 0.817187 0.367500 0.359375
0 0.905000 0.767188 0.190000 0.253125
0 0.291250 0.171875 0.197500 0.212500
0 0.313750 0.385937 0.212500 0.240625
0 0.073750 0.170313 0.147500 0.340625
0 0.078750 0.465625 0.152500 0.218750
0 0.452500 0.067187 0.200000 0.134375
0 0.486250 0.275000 0.182500 0.231250
0 0.856250 0.053125 0.142500 0.106250
