0 0.978750 0.903125 0.042500 0.193750
0 0.552500 0.904687 0.295000 0.190625
0 0.658750 0.190625 0.152500 0.381250
0 0.341250 0.639062 0.327500 0.240625
0 0.800000 0.507812 0.375000 0.234375
0 0.195000 0.817187 0.370000 0.359375
0 0.901250 0.767188 0.197500 0.253125
0 0.291250 0.171875 0.197500 0.212500
0 0.313750 0.385937 0.212500 0.240625
0 0.073750 0.171875 0.147500 0.343750
0 0.068750 0.506250 0.132500 0.300000
0 0.457500 0.068750 0.210000 0.137500
0 0.497500 0.273438 0.190000 0.228125
0 0.857500 0.067187 0.165000 0.134375
