0 0.982500 0.828125 0.035000 0.193750
0 0.552500 0.993750 0.295000 0.190625
0 0.658750 0.095312 0.152500 0.381250
0 0.333750 0.710938 0.322500 0.246875
0 0.796250 0.620313 0.367500 0.234375
0 0.195000 0.868750 0.370000 0.359375
0 0.901250 0.764062 0.197500 0.253125
0 0.291250 0.189062 0.197500 0.212500
0 0.313750 0.398438 0.212500 0.240625
0 0.073750 0.092188 0.147500 0.343750
0 0.066250 0.435937 0.127500 0.321875
0 0.458750 0.132812 0.212500 0.140625
0 0.500000 0.278125 0.190000 0.228125
0 0.853750 0.107813 0.172500 0.150000
