0 0.752500 0.356250 0.120000 0.143750
0 0.236250 0.668750 0.252500 0.187500
0 0.215000 0.421875 0.220000 0.237500
0 0.678750 0.181250 0.192500 0.231250
0 0.456250 0.253125 0.187500 0.212500
0 0.563750 0.087500 0.097500 0.175000
0 0.961250 0.109375 0.077500 0.168750
0 0.960000 0.403125 0.080000 0.175000
0 0.910000 0.943750 0.150000 0.112500
0 0.915000 0.560937 0.145000 0.359375
0 0.071250 0.671875 0.142500 0.243750
0 0.513750 0.575000 0.562500 0.337500
0 0.061250 0.881250 0.122500 0.193750
0 0.070000 0.267188 0.140000 0.178125
