0 0.808750 0.229687 0.152500 0.250000
0 0.282500 0.781250 0.320000 0.237500
0 0.277500 0.412500 0.220000 0.237500
0 0.662500 0.115625 0.175000 0.259375
0 0.456250 0.317188 0.217500 0.196875
0 0.556250 0.070312 0.112500 0.181250
0 0.961250 0.048438 0.077500 0.168750
0 0.960000 0.403125 0.080000 0.181250
0 0.885000 0.934375 0.120000 0.140625
0 0.926250 0.532813 0.122500 0.265625
0 0.092500 0.640625 0.160000 0.246875
0 0.556250 0.729688 0.562500 0.362500
0 0.076250 0.882812 0.147500 0.209375
0 0.075000 0.281250 0.150000 0.209375
