0 0.822500 0.145313 0.105000 0.290625
0 0.380000 0.709375 0.320000 0.156250
0 0.400000 0.365625 0.170000 0.193750
0 0.647500 0.081250 0.090000 0.162500
0 0.520000 0.229687 0.235000 0.203125
0 0.948750 0.523438 0.102500 0.134375
0 0.860000 0.914062 0.090000 0.171875
0 0.951250 0.667188 0.097500 0.140625
0 0.136250 0.700000 0.197500 0.312500
0 0.642500 0.512500 0.550000 0.362500
0 0.136250 0.935937 0.087500 0.128125
0 0.212500 0.351562 0.255000 0.215625
0 0.121250 0.907813 0.082500 0.090625
0 0.053750 0.662500 0.107500 0.175000
0 0.056250 0.951562 0.077500 0.096875
