0 0.813750 0.148438 0.107500 0.290625
0 0.350000 0.717187 0.320000 0.209375
0 0.370000 0.357812 0.170000 0.165625
0 0.657500 0.092188 0.095000 0.184375
0 0.496250 0.264062 0.287500 0.165625
0 0.948750 0.510938 0.102500 0.134375
0 0.860000 0.914062 0.090000 0.171875
0 0.948750 0.656250 0.102500 0.150000
0 0.131250 0.690625 0.172500 0.268750
0 0.618750 0.525000 0.562500 0.362500
0 0.135000 0.935937 0.105000 0.128125
0 0.165000 0.354687 0.255000 0.215625
0 0.073750 0.867188 0.082500 0.090625
0 0.041250 0.645312 0.082500 0.196875
0 0.048750 0.951562 0.072500 0.096875
