0 0.538750 1.067187 0.377500 0.137500
0 0.270000 0.109375 0.175000 0.200000
0 0.958750 0.051562 0.082500 0.081250
0 0.126250 0.867188 0.252500 0.156250
0 0.168750 0.579688 0.262500 0.184375
0 0.531250 0.682813 0.182500 0.246875
0 0.147500 1.025000 0.295000 0.115625
0 0.351250 0.707812 0.172500 0.215625
0 0.061250 0.279687 0.122500 0.203125
0 0.638750 1.051562 0.212500 0.081250
0 0.911250 0.845313 0.157500 0.184375
0 0.886250 0.989062 0.147500 0.103125
0 0.061250 0.076563 0.122500 0.190625
0 0.161250 0.070312 0.112500 0.196875
