0 0.535000 0.903125 0.370000 0.137500
0 0.270000 0.100000 0.180000 0.200000
0 0.958750 0.040625 0.082500 0.081250
0 0.126250 0.771875 0.252500 0.156250
0 0.173750 0.492188 0.262500 0.184375
0 0.531250 0.695312 0.182500 0.246875
0 0.136250 0.896875 0.272500 0.125000
0 0.338750 0.726562 0.172500 0.215625
0 0.058750 0.309375 0.117500 0.200000
0 0.646250 0.959375 0.212500 0.081250
0 0.901250 0.832812 0.157500 0.184375
0 0.903750 0.951562 0.142500 0.096875
0 0.060000 0.098437 0.120000 0.196875
0 0.161250 0.101562 0.117500 0.203125
