0 0.532500 1.062500 0.365000 0.137500
0 0.266250 0.114062 0.182500 0.200000
0 0.958750 0.051562 0.082500 0.081250
0 0.128750 0.754687 0.252500 0.225000
0 0.178750 0.551562 0.262500 0.184375
0 0.531250 0.689063 0.182500 0.246875
0 0.126250 0.985938 0.252500 0.131250
0 0.323750 0.745313 0.172500 0.215625
0 0.057500 0.287500 0.115000 0.196875
0 0.653750 1.051562 0.212500 0.081250
0 0.893750 0.829688 0.157500 0.184375
0 0.918750 0.995313 0.137500 0.090625
0 0.060000 0.075000 0.120000 0.206250
0 0.163750 0.076563 0.122500 0.212500
