0 0.531250 1.060938 0.362500 0.137500
0 0.265000 0.115625 0.185000 0.196875
0 0.958750 0.051562 0.082500 0.081250
0 0.126250 0.714063 0.247500 0.250000
0 0.183750 0.542188 0.262500 0.184375
0 0.533750 0.692187 0.182500 0.246875
0 0.123750 0.982812 0.247500 0.134375
0 0.317500 0.759375 0.185000 0.209375
0 0.053750 0.295312 0.107500 0.212500
0 0.658750 1.051562 0.212500 0.081250
0 0.886250 0.823438 0.157500 0.184375
0 0.932500 0.996875 0.135000 0.087500
0 0.060000 0.075000 0.120000 0.212500
0 0.163750 0.079687 0.127500 0.215625
