0 0.516250 1.048437 0.332500 0.131250
0 0.257500 0.125000 0.200000 0.184375
0 0.102500 0.665625 0.200000 0.256250
0 0.225000 0.481250 0.255000 0.209375
0 0.568750 0.660937 0.182500 0.246875
0 0.102500 1.003125 0.205000 0.118750
0 0.277500 0.837500 0.245000 0.193750
0 0.040000 0.343750 0.080000 0.296875
0 0.681250 1.007812 0.192500 0.112500
0 0.813750 0.745313 0.112500 0.118750
0 0.962500 0.934375 0.075000 0.112500
0 0.052500 0.065625 0.105000 0.237500
0 0.166250 0.098437 0.152500 0.253125
0 0.836250 0.057813 0.092500 0.068750
