0 0.546250 1.073438 0.392500 0.140625
0 0.275000 0.103125 0.165000 0.203125
0 0.937500 0.078125 0.125000 0.131250
0 0.132500 0.903125 0.265000 0.153125
0 0.153750 0.595313 0.262500 0.184375
0 0.528750 0.664062 0.182500 0.246875
0 0.163750 1.045313 0.312500 0.112500
0 0.361250 0.695312 0.172500 0.203125
0 0.066250 0.270313 0.132500 0.212500
0 0.618750 1.054688 0.212500 0.078125
0 0.933750 0.842187 0.132500 0.184375
0 0.868750 1.026563 0.152500 0.068750
0 0.061250 0.076563 0.122500 0.162500
0 0.162500 0.062500 0.100000 0.175000
