0 0.503750 0.907813 0.307500 0.128125
0 0.212500 0.060937 0.170000 0.121875
0 0.102500 0.675000 0.200000 0.256250
0 0.261250 0.420312 0.242500 0.253125
0 0.607500 0.625000 0.100000 0.362500
0 0.077500 0.940625 0.155000 0.112500
0 0.266250 0.803125 0.212500 0.243750
0 0.063750 0.496875 0.127500 0.281250
0 0.701250 0.903125 0.162500 0.193750
0 0.720000 0.739062 0.125000 0.115625
0 0.045000 0.126562 0.090000 0.253125
0 0.175000 0.168750 0.170000 0.275000
0 0.812500 0.082812 0.090000 0.165625
0 0.605000 0.965625 0.130000 0.062500
