0 0.507500 1.037500 0.315000 0.128125
0 0.252500 0.125000 0.200000 0.137500
0 0.102500 0.671875 0.200000 0.256250
0 0.256250 0.451562 0.247500 0.240625
0 0.592500 0.568750 0.135000 0.312500
0 0.085000 0.990625 0.170000 0.112500
0 0.258750 0.814063 0.207500 0.231250
0 0.048750 0.389062 0.097500 0.290625
0 0.690000 0.934375 0.170000 0.171875
0 0.753750 0.757812 0.122500 0.115625
0 0.046250 0.057813 0.092500 0.243750
0 0.171250 0.120313 0.162500 0.268750
0 0.820000 0.056250 0.090000 0.131250
0 0.590000 1.034375 0.130000 0.046875
