0 0.486250 1.032812 0.302500 0.128125
0 0.161250 0.082812 0.132500 0.103125
0 0.100000 0.675000 0.200000 0.256250
0 0.256250 0.451562 0.242500 0.253125
0 0.607500 0.496875 0.100000 0.375000
0 0.077500 0.981250 0.155000 0.112500
0 0.286250 0.823438 0.232500 0.253125
0 0.075000 0.471875 0.150000 0.271875
0 0.716250 0.904687 0.162500 0.193750
0 0.713750 0.751563 0.147500 0.131250
0 0.046250 0.057813 0.092500 0.271875
0 0.178750 0.151562 0.177500 0.284375
0 0.810000 0.056250 0.090000 0.178125
0 0.607500 1.003125 0.130000 0.078125
