0 0.503750 1.035937 0.307500 0.128125
0 0.220000 0.109375 0.175000 0.125000
0 0.102500 0.671875 0.200000 0.256250
0 0.263750 0.442188 0.242500 0.253125
0 0.605000 0.512500 0.105000 0.356250
0 0.077500 0.981250 0.155000 0.112500
0 0.265000 0.812500 0.210000 0.240625
0 0.061250 0.429688 0.122500 0.281250
0 0.698750 0.907813 0.162500 0.193750
0 0.727500 0.759375 0.125000 0.115625
0 0.045000 0.056250 0.090000 0.250000
0 0.173750 0.132812 0.167500 0.275000
0 0.812500 0.056250 0.090000 0.159375
0 0.602500 1.018750 0.130000 0.059375
