0 0.395000 0.953125 0.220000 0.184375
0 0.091250 0.114062 0.182500 0.140625
0 0.100000 0.809375 0.190000 0.268750
0 0.526250 0.323437 0.142500 0.165625
0 0.615000 0.443750 0.125000 0.475000
0 0.456250 0.554688 0.192500 0.206250
0 0.211250 0.626563 0.222500 0.253125
0 0.882500 0.762500 0.170000 0.200000
0 0.752500 0.715625 0.240000 0.153125
0 0.758750 0.332813 0.147500 0.203125
0 0.577500 0.878125 0.150000 0.215625
0 0.381250 0.060937 0.097500 0.106250
0 0.878750 0.476562 0.197500 0.240625
0 0.367500 0.140625 0.210000 0.265625
0 0.190000 0.078125 0.125000 0.153125
0 0.713750 0.960938 0.102500 0.103125
0 0.061250 0.085938 0.122500 0.100000
