0 0.435000 1.028125 0.290000 0.153125
0 0.133750 0.148438 0.192500 0.121875
0 0.096250 0.742188 0.192500 0.259375
0 0.308750 0.473438 0.287500 0.253125
0 0.605000 0.465625 0.100000 0.437500
0 0.347500 0.762500 0.195000 0.228125
0 0.136250 0.517188 0.167500 0.262500
0 0.766250 0.820312 0.162500 0.193750
0 0.715000 0.703125 0.175000 0.153125
0 0.050000 0.175000 0.095000 0.203125
0 0.196250 0.229687 0.177500 0.284375
0 0.800000 0.059375 0.090000 0.250000
0 0.580000 0.987500 0.140000 0.100000
0 0.341250 0.051562 0.082500 0.065625
0 0.972500 0.553125 0.055000 0.228125
