0 0.416250 0.985938 0.242500 0.165625
0 0.123750 0.160938 0.212500 0.140625
0 0.060000 0.646875 0.120000 0.268750
0 0.392500 0.471875 0.265000 0.193750
0 0.602500 0.446875 0.100000 0.475000
0 0.431250 0.660937 0.202500 0.331250
0 0.150000 0.596875 0.215000 0.237500
0 0.826250 0.807813 0.162500 0.193750
0 0.740000 0.715625 0.220000 0.153125
0 0.040000 0.121875 0.080000 0.162500
0 0.786250 0.085938 0.117500 0.318750
0 0.577500 0.962500 0.140000 0.121875
0 0.346250 0.051562 0.082500 0.071875
0 0.951250 0.473438 0.097500 0.281250
0 0.323750 0.110937 0.177500 0.231250
0 0.210000 0.100000 0.160000 0.137500
