0 0.422500 0.956250 0.230000 0.187500
0 0.112500 0.159375 0.220000 0.140625
0 0.073750 0.670312 0.147500 0.312500
0 0.443750 0.435937 0.242500 0.209375
0 0.602500 0.437500 0.100000 0.490625
0 0.478750 0.592187 0.167500 0.334375
0 0.155000 0.600000 0.215000 0.237500
0 0.851250 0.810937 0.162500 0.193750
0 0.762500 0.737500 0.265000 0.153125
0 0.037500 0.115625 0.075000 0.162500
0 0.773750 0.120313 0.122500 0.321875
0 0.577500 0.956250 0.140000 0.131250
0 0.356250 0.051562 0.082500 0.071875
0 0.940000 0.434375 0.120000 0.312500
0 0.332500 0.121875 0.195000 0.246875
0 0.200000 0.087500 0.140000 0.137500
0 0.710000 0.975000 0.065000 0.065625
