0 0.418750 0.960938 0.242500 0.190625
0 0.106250 0.151562 0.212500 0.140625
0 0.076250 0.676562 0.152500 0.318750
0 0.472500 0.396875 0.180000 0.184375
0 0.605000 0.437500 0.105000 0.493750
0 0.473750 0.573438 0.157500 0.343750
0 0.165000 0.603125 0.215000 0.237500
0 0.858750 0.807813 0.162500 0.193750
0 0.763750 0.735938 0.267500 0.153125
0 0.768750 0.142187 0.122500 0.321875
0 0.576250 0.951562 0.137500 0.134375
0 0.361250 0.051562 0.082500 0.078125
0 0.927500 0.437500 0.135000 0.300000
0 0.336250 0.126562 0.202500 0.256250
0 0.195000 0.081250 0.130000 0.137500
0 0.706250 0.967187 0.072500 0.078125
0 0.031250 0.189062 0.062500 0.090625
0 0.053750 0.104688 0.072500 0.081250
