0 0.310000 1.034375 0.365000 0.109375
0 0.066250 0.876563 0.132500 0.200000
0 0.581250 0.260937 0.167500 0.187500
0 0.651250 0.379688 0.142500 0.171875
0 0.392500 0.515625 0.175000 0.246875
0 0.207500 0.628125 0.295000 0.353125
0 0.910000 0.681250 0.180000 0.212500
0 0.723750 0.735938 0.247500 0.159375
0 0.755000 0.287500 0.105000 0.250000
0 0.571250 0.876563 0.197500 0.234375
0 0.428750 0.067187 0.107500 0.087500
0 0.860000 0.275000 0.180000 0.368750
0 0.428750 0.192188 0.177500 0.275000
0 0.207500 0.118750 0.190000 0.278125
0 0.745000 0.893750 0.125000 0.184375
0 0.067500 0.084375 0.135000 0.090625
0 0.256250 0.995313 0.197500 0.128125
0 0.472500 0.759375 0.070000 0.221875
0 0.951250 0.476562 0.097500 0.278125
