0 0.327500 0.860938 0.345000 0.115625
0 0.072500 0.887500 0.145000 0.193750
0 0.566250 0.251563 0.157500 0.178125
0 0.648750 0.396875 0.142500 0.193750
0 0.405000 0.529687 0.170000 0.246875
0 0.201250 0.620313 0.282500 0.353125
0 0.910000 0.684375 0.180000 0.212500
0 0.727500 0.656250 0.245000 0.156250
0 0.753750 0.356250 0.102500 0.250000
0 0.568750 0.873437 0.197500 0.234375
0 0.421250 0.045312 0.107500 0.090625
0 0.853750 0.373437 0.182500 0.359375
0 0.422500 0.207813 0.190000 0.271875
0 0.205000 0.135937 0.180000 0.271875
0 0.742500 0.917188 0.140000 0.165625
0 0.068750 0.046875 0.137500 0.093750
0 0.268750 0.935937 0.197500 0.128125
0 0.467500 0.859375 0.070000 0.187500
0 0.955000 0.562500 0.090000 0.268750
