0 0.291250 0.828125 0.367500 0.156250
0 0.623750 0.204687 0.172500 0.190625
0 0.667500 0.354687 0.135000 0.209375
0 0.345000 0.512500 0.230000 0.162500
0 0.251250 0.621875 0.352500 0.337500
0 0.922500 0.640625 0.155000 0.200000
0 0.647500 0.706250 0.245000 0.143750
0 0.776250 0.332813 0.112500 0.209375
0 0.616250 0.835938 0.192500 0.190625
0 0.933750 0.212500 0.132500 0.212500
0 0.451250 0.271875 0.132500 0.306250
0 0.212500 0.160938 0.215000 0.321875
0 0.756250 0.826562 0.097500 0.253125
0 0.057500 0.032813 0.115000 0.065625
0 0.211250 0.935937 0.217500 0.128125
0 0.542500 0.600000 0.090000 0.306250
0 0.925000 0.509375 0.150000 0.343750
