0 0.296250 0.839063 0.367500 0.121875
0 0.040000 0.926562 0.080000 0.146875
0 0.611250 0.220312 0.172500 0.190625
0 0.661250 0.360938 0.137500 0.190625
0 0.377500 0.507812 0.250000 0.196875
0 0.233750 0.618750 0.347500 0.350000
0 0.913750 0.645312 0.172500 0.209375
0 0.688750 0.682813 0.252500 0.159375
0 0.766250 0.331250 0.112500 0.231250
0 0.621250 0.859375 0.197500 0.225000
0 0.433750 0.042188 0.107500 0.084375
0 0.917500 0.235937 0.165000 0.271875
0 0.458750 0.262500 0.137500 0.287500
0 0.211250 0.151562 0.212500 0.303125
0 0.751250 0.878125 0.097500 0.243750
0 0.061250 0.037500 0.122500 0.075000
0 0.225000 0.925000 0.215000 0.150000
0 0.523750 0.654687 0.127500 0.315625
0 0.935000 0.525000 0.130000 0.318750
