0 0.335000 0.859375 0.340000 0.118750
0 0.075000 0.882812 0.150000 0.203125
0 0.558750 0.253125 0.152500 0.175000
0 0.648750 0.403125 0.142500 0.200000
0 0.411250 0.525000 0.172500 0.243750
0 0.198750 0.620313 0.277500 0.353125
0 0.910000 0.687500 0.180000 0.212500
0 0.728750 0.656250 0.242500 0.156250
0 0.752500 0.359375 0.100000 0.250000
0 0.566250 0.873437 0.197500 0.234375
0 0.421250 0.046875 0.107500 0.093750
0 0.857500 0.378125 0.185000 0.350000
0 0.421250 0.204687 0.192500 0.271875
0 0.206250 0.134375 0.177500 0.268750
0 0.742500 0.920312 0.145000 0.159375
0 0.070000 0.046875 0.140000 0.093750
0 0.273750 0.935937 0.197500 0.128125
0 0.465000 0.868750 0.070000 0.175000
0 0.956250 0.564063 0.087500 0.265625
