0 0.287500 0.842187 0.335000 0.203125
0 0.651250 0.164062 0.172500 0.190625
0 0.692500 0.321875 0.125000 0.268750
0 0.237500 0.487500 0.225000 0.200000
0 0.297500 0.650000 0.280000 0.281250
0 0.967500 0.656250 0.065000 0.168750
0 0.481250 0.757812 0.177500 0.178125
0 0.782500 0.350000 0.115000 0.168750
0 0.616250 0.829688 0.187500 0.209375
0 0.956250 0.134375 0.087500 0.137500
0 0.378750 0.412500 0.102500 0.450000
0 0.202500 0.176563 0.220000 0.353125
0 0.823750 0.626563 0.197500 0.234375
0 0.191250 0.926562 0.227500 0.146875
0 0.561250 0.482812 0.127500 0.265625
0 0.897500 0.481250 0.205000 0.350000
0 0.818750 0.132812 0.107500 0.203125
0 0.936250 0.051562 0.127500 0.096875
0 0.075000 0.243750 0.150000 0.093750
