0 0.342500 0.893750 0.200000 0.225000
0 0.646250 0.148438 0.172500 0.206250
0 0.717500 0.206250 0.130000 0.256250
0 0.200000 0.521875 0.225000 0.218750
0 0.331250 0.692187 0.227500 0.240625
0 0.450000 0.853125 0.175000 0.178125
0 0.611250 0.895312 0.187500 0.209375
0 0.363750 0.301563 0.122500 0.437500
0 0.212500 0.178125 0.240000 0.331250
0 0.818750 0.651563 0.217500 0.206250
0 0.197500 1.009375 0.265000 0.146875
0 0.556250 0.367188 0.177500 0.262500
0 0.861250 0.582812 0.277500 0.309375
0 0.857500 0.215625 0.145000 0.368750
0 0.935000 0.084375 0.130000 0.159375
0 0.091250 0.310937 0.182500 0.106250
0 0.743750 0.407813 0.067500 0.093750
0 0.787500 0.350000 0.075000 0.100000
0 0.093750 0.389062 0.187500 0.084375
0 0.037500 0.128125 0.075000 0.131250
