0 0.283750 0.826562 0.367500 0.178125
0 0.648750 0.189062 0.172500 0.190625
0 0.681250 0.343750 0.132500 0.237500
0 0.287500 0.507812 0.220000 0.146875
0 0.273750 0.637500 0.317500 0.312500
0 0.952500 0.662500 0.095000 0.168750
0 0.557500 0.739062 0.200000 0.159375
0 0.782500 0.343750 0.115000 0.181250
0 0.613750 0.817187 0.187500 0.171875
0 0.933750 0.146875 0.132500 0.137500
0 0.428750 0.271875 0.132500 0.337500
0 0.213750 0.176563 0.217500 0.353125
0 0.787500 0.701562 0.165000 0.240625
0 0.056250 0.032813 0.112500 0.065625
0 0.198750 0.926562 0.227500 0.146875
0 0.557500 0.531250 0.105000 0.218750
0 0.910000 0.481250 0.180000 0.375000
0 0.805000 0.090625 0.095000 0.181250
