0 0.521250 0.826562 0.167500 0.121875
0 0.587500 0.120313 0.170000 0.190625
0 0.812500 0.085938 0.285000 0.171875
0 0.156250 0.565625 0.167500 0.212500
0 0.510000 0.559375 0.135000 0.343750
0 0.438750 0.912500 0.147500 0.175000
0 0.402500 0.651563 0.145000 0.303125
0 0.247500 0.235937 0.300000 0.265625
0 0.626250 0.554688 0.132500 0.334375
0 0.128750 0.904687 0.257500 0.190625
0 0.443750 0.231250 0.197500 0.262500
0 0.816250 0.626563 0.287500 0.340625
0 0.971250 0.692187 0.057500 0.221875
0 0.817500 0.437500 0.255000 0.143750
0 0.622500 0.359375 0.175000 0.200000
0 0.738750 0.515625 0.142500 0.118750
0 0.136250 0.392188 0.272500 0.121875
0 0.225000 0.332813 0.145000 0.153125
0 0.120000 0.234375 0.185000 0.287500
0 0.288750 0.695312 0.187500 0.240625
0 0.066250 0.459375 0.122500 0.193750
0 0.638750 0.889062 0.267500 0.171875
0 0.248750 0.137500 0.252500 0.275000
