0 0.528750 0.879687 0.167500 0.121875
0 0.595000 0.134375 0.170000 0.221875
0 0.761250 0.114062 0.182500 0.206250
0 0.161250 0.545312 0.167500 0.212500
0 0.505000 0.471875 0.135000 0.343750
0 0.438750 0.898438 0.147500 0.190625
0 0.627500 1.012500 0.120000 0.062500
0 0.375000 0.550000 0.145000 0.303125
0 0.242500 0.271875 0.290000 0.275000
0 0.638750 0.514062 0.132500 0.334375
0 0.128750 0.970313 0.257500 0.190625
0 0.466250 0.248438 0.197500 0.262500
0 0.800000 0.584375 0.280000 0.356250
0 0.971250 0.660937 0.057500 0.221875
0 0.796250 0.310937 0.147500 0.268750
0 0.637500 0.375000 0.170000 0.171875
0 0.727500 0.331250 0.085000 0.228125
0 0.141250 0.492188 0.272500 0.121875
0 0.185000 0.312500 0.145000 0.153125
0 0.100000 0.178125 0.185000 0.287500
0 0.290000 0.709375 0.170000 0.200000
0 0.057500 0.456250 0.115000 0.253125
0 0.610000 0.940625 0.205000 0.146875
0 0.232500 0.146875 0.235000 0.262500
