0 0.393750 0.917188 0.177500 0.159375
0 0.623750 0.156250 0.172500 0.243750
0 0.735000 0.165625 0.145000 0.218750
0 0.186250 0.503125 0.207500 0.218750
0 0.363750 0.689063 0.182500 0.203125
0 0.458750 0.829688 0.187500 0.159375
0 0.596250 0.925000 0.132500 0.137500
0 0.361250 0.476562 0.137500 0.365625
0 0.223750 0.204687 0.257500 0.309375
0 0.730000 0.628125 0.180000 0.243750
0 0.160000 0.907813 0.320000 0.153125
0 0.541250 0.370312 0.232500 0.253125
0 0.826250 0.567187 0.332500 0.315625
0 0.887500 0.460938 0.175000 0.309375
0 0.915000 0.168750 0.170000 0.225000
0 0.052500 0.256250 0.105000 0.106250
0 0.748750 0.442188 0.082500 0.103125
0 0.770000 0.356250 0.075000 0.100000
0 0.127500 0.339062 0.255000 0.103125
0 0.082500 0.195312 0.145000 0.153125
0 0.091250 0.150000 0.177500 0.262500
0 0.257500 0.765625 0.150000 0.193750
0 0.046250 0.546875 0.092500 0.193750
