0 0.573750 0.907813 0.167500 0.121875
0 0.560000 0.079687 0.190000 0.159375
0 0.797500 0.118750 0.255000 0.237500
0 0.126250 0.587500 0.167500 0.212500
0 0.520000 0.556250 0.135000 0.343750
0 0.471250 0.943750 0.147500 0.112500
0 0.526250 0.817187 0.167500 0.228125
0 0.302500 0.275000 0.285000 0.293750
0 0.626250 0.489063 0.132500 0.328125
0 0.418750 0.189062 0.197500 0.203125
0 0.841250 0.692187 0.307500 0.278125
0 0.986250 0.593750 0.027500 0.181250
0 0.811250 0.403125 0.297500 0.156250
0 0.593750 0.325000 0.187500 0.250000
0 0.758750 0.531250 0.142500 0.118750
0 0.216250 0.432812 0.272500 0.121875
0 0.313750 0.389062 0.142500 0.128125
0 0.205000 0.304688 0.155000 0.253125
0 0.318750 0.675000 0.212500 0.256250
0 0.067500 0.415625 0.130000 0.193750
0 0.718750 0.948438 0.362500 0.103125
0 0.290000 0.164062 0.265000 0.315625
0 0.127500 0.089063 0.195000 0.146875
