0 0.598750 0.985938 0.167500 0.121875
0 0.520000 0.118750 0.190000 0.140625
0 0.790000 0.150000 0.240000 0.275000
0 0.101250 0.595313 0.167500 0.212500
0 0.527500 0.462500 0.135000 0.343750
0 0.483750 0.989062 0.147500 0.103125
0 0.558750 0.835938 0.167500 0.225000
0 0.301250 0.298438 0.232500 0.271875
0 0.628750 0.376563 0.132500 0.328125
0 0.396250 0.164062 0.197500 0.203125
0 0.842500 0.781250 0.310000 0.243750
0 0.986250 0.520312 0.027500 0.181250
0 0.806250 0.510938 0.307500 0.156250
0 0.580000 0.287500 0.200000 0.262500
0 0.761250 0.545312 0.132500 0.150000
0 0.198750 0.564063 0.272500 0.121875
0 0.338750 0.442188 0.127500 0.131250
0 0.240000 0.359375 0.135000 0.175000
0 0.327500 0.718750 0.260000 0.240625
0 0.066250 0.376563 0.132500 0.200000
0 0.716250 1.098437 0.302500 0.090625
0 0.317500 0.175000 0.250000 0.350000
0 0.157500 0.159375 0.195000 0.146875
