0 0.601250 0.939063 0.167500 0.121875
0 0.495000 0.056250 0.190000 0.112500
0 0.821250 0.143750 0.197500 0.287500
0 0.083750 0.593750 0.167500 0.212500
0 0.502500 0.485938 0.180000 0.409375
0 0.483750 0.948438 0.147500 0.103125
0 0.573750 0.831250 0.167500 0.225000
0 0.318750 0.315625 0.247500 0.293750
0 0.638750 0.445312 0.132500 0.328125
0 0.363750 0.114062 0.197500 0.196875
0 0.847500 0.726562 0.305000 0.215625
0 0.810000 0.403125 0.310000 0.150000
0 0.568750 0.271875 0.257500 0.281250
0 0.771250 0.546875 0.127500 0.168750
0 0.181250 0.470313 0.272500 0.121875
0 0.361250 0.492188 0.122500 0.165625
0 0.260000 0.417187 0.135000 0.159375
0 0.313750 0.678125 0.267500 0.250000
0 0.068750 0.378125 0.137500 0.193750
0 0.727500 0.954688 0.280000 0.090625
0 0.345000 0.256250 0.250000 0.350000
0 0.213750 0.140625 0.172500 0.143750
0 0.956250 0.251563 0.087500 0.303125
