0 0.533750 0.842187 0.167500 0.121875
0 0.583750 0.109375 0.167500 0.168750
0 0.807500 0.098437 0.275000 0.196875
0 0.146250 0.571875 0.167500 0.212500
0 0.512500 0.562500 0.135000 0.343750
0 0.438750 0.929688 0.147500 0.140625
0 0.427500 0.704688 0.145000 0.303125
0 0.263750 0.248438 0.297500 0.271875
0 0.626250 0.531250 0.132500 0.331250
0 0.423750 0.215625 0.197500 0.262500
0 0.836250 0.668750 0.302500 0.318750
0 0.971250 0.660937 0.057500 0.221875
0 0.813750 0.421875 0.267500 0.150000
0 0.620000 0.368750 0.185000 0.250000
0 0.743750 0.553125 0.142500 0.118750
0 0.153750 0.410938 0.272500 0.121875
0 0.267500 0.357812 0.150000 0.153125
0 0.137500 0.259375 0.185000 0.287500
0 0.292500 0.687500 0.195000 0.262500
0 0.067500 0.435937 0.125000 0.178125
0 0.643750 0.895312 0.267500 0.171875
0 0.262500 0.142187 0.265000 0.284375
