0 0.603750 0.939063 0.167500 0.121875
0 0.495000 0.029687 0.190000 0.059375
0 0.900000 0.178125 0.140000 0.250000
0 0.083750 0.581250 0.167500 0.212500
0 0.473750 0.403125 0.222500 0.431250
0 0.483750 0.948438 0.147500 0.103125
0 0.596250 0.835938 0.167500 0.171875
0 0.270000 0.326562 0.150000 0.246875
0 0.657500 0.435937 0.165000 0.215625
0 0.295000 0.048438 0.110000 0.096875
0 0.862500 0.764062 0.275000 0.178125
0 0.841250 0.434375 0.322500 0.125000
0 0.566250 0.251563 0.337500 0.315625
0 0.756250 0.637500 0.127500 0.168750
0 0.155000 0.448437 0.275000 0.140625
0 0.400000 0.578125 0.145000 0.187500
0 0.295000 0.479687 0.135000 0.159375
0 0.318750 0.703125 0.292500 0.268750
0 0.081250 0.359375 0.162500 0.162500
0 0.773750 0.954688 0.252500 0.090625
0 0.361250 0.315625 0.192500 0.293750
0 0.298750 0.182812 0.147500 0.140625
0 0.947500 0.321875 0.105000 0.193750
0 0.113750 0.045312 0.162500 0.090625
