0 0.916250 0.235937 0.167500 0.234375
0 0.076250 0.585938 0.152500 0.215625
0 0.456250 0.329688 0.232500 0.359375
0 0.270000 0.356250 0.160000 0.268750
0 0.606250 0.504687 0.172500 0.271875
0 0.263750 0.062500 0.127500 0.125000
0 0.843750 0.418750 0.302500 0.150000
0 0.602500 0.292187 0.355000 0.334375
0 0.562500 0.968750 0.095000 0.062500
0 0.150000 0.451562 0.280000 0.190625
0 0.455000 0.720313 0.145000 0.221875
0 0.252500 0.715625 0.160000 0.256250
0 0.435000 0.835938 0.210000 0.296875
0 0.043750 0.340625 0.082500 0.131250
0 0.878750 0.954688 0.242500 0.090625
0 0.360000 0.451562 0.090000 0.271875
0 0.360000 0.325000 0.175000 0.281250
0 0.957500 0.362500 0.085000 0.131250
0 0.128750 0.053125 0.147500 0.106250
0 0.557500 0.709375 0.075000 0.193750
0 0.622500 0.909375 0.170000 0.168750
