0 0.897500 0.246875 0.205000 0.234375
0 0.058750 0.539062 0.117500 0.218750
0 0.427500 0.231250 0.245000 0.390625
0 0.266250 0.323437 0.182500 0.331250
0 0.595000 0.440625 0.175000 0.343750
0 0.246250 0.070312 0.112500 0.131250
0 0.885000 0.484375 0.200000 0.165625
0 0.686250 0.454688 0.507500 0.446875
0 0.135000 0.465625 0.265000 0.281250
0 0.490000 0.765625 0.145000 0.221875
0 0.248750 0.764062 0.187500 0.262500
0 0.452500 0.853125 0.240000 0.296875
0 0.042500 0.325000 0.080000 0.128125
0 0.915000 1.000000 0.165000 0.103125
0 0.355000 0.553125 0.110000 0.271875
0 0.403750 0.357812 0.172500 0.290625
0 0.957500 0.350000 0.085000 0.131250
0 0.552500 0.593750 0.085000 0.225000
0 0.685000 1.015625 0.175000 0.093750
0 0.902500 0.775000 0.130000 0.100000
0 0.953750 0.060937 0.092500 0.140625
0 0.138750 0.064062 0.072500 0.075000
0 0.088750 0.045312 0.072500 0.046875
0 0.967500 0.784375 0.060000 0.115625
