0 0.903750 0.235937 0.192500 0.234375
0 0.066250 0.576562 0.132500 0.221875
0 0.432500 0.295312 0.245000 0.390625
0 0.266250 0.367188 0.177500 0.309375
0 0.595000 0.507812 0.175000 0.321875
0 0.241250 0.065625 0.127500 0.131250
0 0.876250 0.435937 0.217500 0.153125
0 0.658750 0.340625 0.457500 0.412500
0 0.140000 0.443750 0.270000 0.250000
0 0.480000 0.770312 0.145000 0.221875
0 0.252500 0.767188 0.185000 0.278125
0 0.447500 0.851562 0.215000 0.296875
0 0.042500 0.339062 0.080000 0.128125
0 0.895000 0.954688 0.205000 0.090625
0 0.350000 0.589063 0.090000 0.271875
0 0.382500 0.373437 0.180000 0.303125
0 0.957500 0.362500 0.085000 0.131250
0 0.133750 0.054688 0.142500 0.109375
0 0.552500 0.667188 0.085000 0.221875
0 0.673750 0.943750 0.177500 0.112500
0 0.918750 0.748437 0.097500 0.109375
0 0.948750 0.064062 0.102500 0.128125
