0 0.902500 0.240625 0.195000 0.234375
0 0.065000 0.546875 0.130000 0.221875
0 0.430000 0.250000 0.245000 0.390625
0 0.263750 0.323437 0.177500 0.312500
0 0.595000 0.453125 0.175000 0.325000
0 0.238750 0.079687 0.127500 0.131250
0 0.877500 0.493750 0.215000 0.156250
0 0.663750 0.426563 0.467500 0.418750
0 0.140000 0.484375 0.270000 0.253125
0 0.480000 0.753125 0.145000 0.221875
0 0.253750 0.748437 0.187500 0.275000
0 0.450000 0.840625 0.220000 0.296875
0 0.042500 0.325000 0.080000 0.128125
0 0.900000 1.031250 0.200000 0.093750
0 0.350000 0.515625 0.090000 0.271875
0 0.385000 0.337500 0.180000 0.303125
0 0.957500 0.350000 0.085000 0.131250
0 0.133750 0.089063 0.142500 0.109375
0 0.552500 0.606250 0.085000 0.225000
0 0.676250 1.001562 0.177500 0.109375
0 0.917500 0.750000 0.100000 0.109375
0 0.948750 0.064062 0.102500 0.131250
