0 0.798750 0.176563 0.222500 0.234375
0 0.402500 0.210938 0.245000 0.390625
0 0.273750 0.418750 0.182500 0.362500
0 0.635000 0.625000 0.175000 0.343750
0 0.277500 0.065625 0.075000 0.131250
0 0.695000 0.370312 0.455000 0.403125
0 0.130000 0.379688 0.260000 0.315625
0 0.551250 0.823438 0.192500 0.253125
0 0.221250 0.845313 0.242500 0.196875
0 0.488750 0.910937 0.237500 0.178125
0 0.956250 0.945312 0.087500 0.109375
0 0.365000 0.721875 0.140000 0.231250
0 0.436250 0.507812 0.162500 0.271875
0 0.552500 0.606250 0.080000 0.175000
0 0.705000 0.967187 0.170000 0.065625
0 0.836250 0.751563 0.172500 0.153125
0 0.975000 0.085938 0.050000 0.140625
0 0.156250 0.078125 0.112500 0.137500
0 0.086250 0.017188 0.072500 0.034375
0 0.973750 0.854688 0.052500 0.115625
0 0.551250 0.075000 0.157500 0.143750
0 0.821250 0.898438 0.177500 0.196875
0 0.968750 0.693750 0.062500 0.193750
0 0.930000 0.484375 0.090000 0.125000
0 0.867500 0.382812 0.085000 0.103125
