0 0.897500 0.235937 0.205000 0.234375
0 0.058750 0.575000 0.117500 0.218750
0 0.427500 0.276562 0.245000 0.390625
0 0.266250 0.373437 0.182500 0.328125
0 0.595000 0.503125 0.175000 0.343750
0 0.246250 0.065625 0.112500 0.131250
0 0.883750 0.440625 0.202500 0.162500
0 0.683750 0.360938 0.507500 0.446875
0 0.135000 0.443750 0.265000 0.281250
0 0.490000 0.785937 0.145000 0.221875
0 0.248750 0.776563 0.187500 0.265625
0 0.451250 0.851562 0.237500 0.296875
0 0.042500 0.339062 0.080000 0.128125
0 0.913750 0.948438 0.167500 0.103125
0 0.355000 0.617188 0.110000 0.271875
0 0.402500 0.396875 0.175000 0.293750
0 0.957500 0.362500 0.085000 0.131250
0 0.552500 0.653125 0.085000 0.225000
0 0.685000 0.951562 0.175000 0.096875
0 0.903750 0.743750 0.127500 0.100000
0 0.952500 0.073438 0.095000 0.140625
0 0.138750 0.056250 0.072500 0.075000
0 0.088750 0.023438 0.072500 0.046875
0 0.970000 0.804688 0.060000 0.115625
