0 0.907500 0.234375 0.185000 0.234375
0 0.068750 0.554688 0.137500 0.221875
0 0.438750 0.267188 0.242500 0.381250
0 0.266250 0.323437 0.172500 0.296875
0 0.596250 0.476562 0.177500 0.303125
0 0.248750 0.079687 0.127500 0.131250
0 0.872500 0.500000 0.230000 0.146875
0 0.641250 0.398438 0.422500 0.384375
0 0.145000 0.503125 0.275000 0.231250
0 0.475000 0.737500 0.145000 0.221875
0 0.251250 0.726562 0.177500 0.278125
0 0.445000 0.831250 0.210000 0.296875
0 0.042500 0.325000 0.080000 0.128125
0 0.890000 1.043750 0.215000 0.090625
0 0.350000 0.475000 0.090000 0.271875
0 0.377500 0.321875 0.180000 0.303125
0 0.957500 0.350000 0.085000 0.131250
0 0.133750 0.089063 0.142500 0.109375
0 0.552500 0.621875 0.080000 0.215625
0 0.657500 0.978125 0.175000 0.128125
0 0.935000 0.765625 0.090000 0.112500
0 0.948750 0.064062 0.102500 0.115625
