0 0.736250 0.167187 0.217500 0.287500
0 0.387500 0.150000 0.215000 0.309375
0 0.321250 0.457813 0.202500 0.334375
0 0.665000 0.696875 0.175000 0.271875
0 0.720000 0.450000 0.390000 0.343750
0 0.130000 0.353125 0.260000 0.290625
0 0.620000 0.881250 0.145000 0.203125
0 0.150000 1.015625 0.300000 0.165625
0 0.543750 1.004687 0.212500 0.128125
0 0.432500 0.765625 0.140000 0.271875
0 0.486250 0.573438 0.187500 0.315625
0 0.627500 0.421875 0.105000 0.184375
0 0.818750 0.685937 0.157500 0.262500
0 0.192500 0.146875 0.145000 0.234375
0 0.962500 0.912500 0.075000 0.134375
0 0.556250 0.129688 0.157500 0.221875
0 0.803750 0.892188 0.202500 0.225000
0 0.968750 0.698438 0.062500 0.203125
0 0.950000 0.587500 0.100000 0.181250
0 0.861250 0.376563 0.127500 0.190625
0 0.258750 0.101562 0.142500 0.168750
0 0.085000 0.653125 0.170000 0.087500
