0 0.737500 0.159375 0.220000 0.256250
0 0.385000 0.164062 0.215000 0.309375
0 0.307500 0.468750 0.210000 0.375000
0 0.650000 0.673438 0.175000 0.296875
0 0.712500 0.375000 0.410000 0.362500
0 0.130000 0.339062 0.260000 0.303125
0 0.593750 0.871875 0.187500 0.243750
0 0.170000 0.898438 0.300000 0.184375
0 0.531250 0.934375 0.217500 0.131250
0 0.422500 0.796875 0.140000 0.256250
0 0.478750 0.592187 0.187500 0.315625
0 0.620000 0.465625 0.090000 0.218750
0 0.827500 0.731250 0.185000 0.200000
0 0.187500 0.148438 0.145000 0.234375
0 0.962500 0.920312 0.075000 0.159375
0 0.553750 0.129688 0.157500 0.221875
0 0.811250 0.881250 0.202500 0.225000
0 0.968750 0.737500 0.062500 0.193750
0 0.950000 0.575000 0.100000 0.150000
0 0.856250 0.387500 0.127500 0.156250
0 0.245000 0.081250 0.120000 0.143750
0 0.066250 0.584375 0.132500 0.112500
