0 0.756250 0.223438 0.217500 0.271875
0 0.392500 0.176563 0.215000 0.309375
0 0.341250 0.539062 0.192500 0.271875
0 0.652500 0.739062 0.175000 0.271875
0 0.761250 0.423438 0.322500 0.290625
0 0.130000 0.331250 0.260000 0.268750
0 0.662500 0.920312 0.145000 0.159375
0 0.150000 0.932813 0.300000 0.121875
0 0.551250 0.935937 0.212500 0.128125
0 0.427500 0.842187 0.140000 0.271875
0 0.496250 0.651563 0.177500 0.328125
0 0.660000 0.434375 0.135000 0.168750
0 0.806250 0.667188 0.152500 0.234375
0 0.200000 0.198437 0.145000 0.234375
0 0.962500 0.932813 0.075000 0.134375
0 0.568750 0.160938 0.157500 0.221875
0 0.792500 0.860938 0.155000 0.271875
0 0.963750 0.737500 0.072500 0.231250
0 0.901250 0.720313 0.117500 0.234375
0 0.861250 0.437500 0.127500 0.200000
0 0.292500 0.112500 0.155000 0.193750
0 0.122500 0.550000 0.245000 0.100000
0 0.967500 0.426563 0.065000 0.115625
