0 0.735000 0.181250 0.215000 0.300000
0 0.390000 0.173437 0.215000 0.309375
0 0.327500 0.509375 0.200000 0.312500
0 0.660000 0.729688 0.175000 0.271875
0 0.722500 0.379688 0.380000 0.334375
0 0.130000 0.334375 0.260000 0.281250
0 0.635000 0.900000 0.145000 0.187500
0 0.150000 0.918750 0.300000 0.150000
0 0.546250 0.935937 0.212500 0.128125
0 0.430000 0.823438 0.140000 0.271875
0 0.491250 0.623437 0.187500 0.315625
0 0.635000 0.440625 0.115000 0.168750
0 0.811250 0.704688 0.152500 0.271875
0 0.195000 0.185938 0.145000 0.234375
0 0.962500 0.932813 0.075000 0.134375
0 0.561250 0.148438 0.157500 0.221875
0 0.801250 0.873437 0.197500 0.228125
0 0.968750 0.756250 0.062500 0.212500
0 0.932500 0.650000 0.110000 0.175000
0 0.861250 0.412500 0.127500 0.200000
0 0.270000 0.101562 0.145000 0.178125
0 0.096250 0.579688 0.192500 0.084375
