0 0.736250 0.167187 0.217500 0.281250
0 0.387500 0.150000 0.215000 0.309375
0 0.317500 0.446875 0.205000 0.343750
0 0.660000 0.681250 0.175000 0.278125
0 0.716250 0.448437 0.392500 0.350000
0 0.130000 0.353125 0.260000 0.293750
0 0.613750 0.876563 0.147500 0.209375
0 0.150000 1.009375 0.300000 0.171875
0 0.541250 1.004687 0.212500 0.128125
0 0.432500 0.759375 0.140000 0.271875
0 0.486250 0.570312 0.187500 0.315625
0 0.626250 0.420312 0.102500 0.190625
0 0.818750 0.698438 0.162500 0.250000
0 0.192500 0.140625 0.145000 0.234375
0 0.962500 0.912500 0.075000 0.134375
0 0.556250 0.126562 0.157500 0.221875
0 0.806250 0.892188 0.202500 0.225000
0 0.968750 0.701562 0.062500 0.200000
0 0.950000 0.575000 0.100000 0.181250
0 0.861250 0.376563 0.127500 0.171875
0 0.256250 0.098437 0.137500 0.165625
0 0.081250 0.642188 0.162500 0.090625
