0 0.801250 0.292187 0.222500 0.231250
0 0.397500 0.165625 0.215000 0.309375
0 0.361250 0.592187 0.182500 0.225000
0 0.642500 0.734375 0.175000 0.271875
0 0.822500 0.537500 0.265000 0.209375
0 0.170000 0.396875 0.235000 0.221875
0 0.705000 0.971875 0.145000 0.118750
0 0.125000 1.046875 0.250000 0.103125
0 0.562500 0.984375 0.180000 0.128125
0 0.425000 0.812500 0.135000 0.271875
0 0.496250 0.576562 0.132500 0.400000
0 0.662500 0.400000 0.135000 0.168750
0 0.786250 0.620313 0.152500 0.206250
0 0.205000 0.181250 0.145000 0.234375
0 0.576250 0.201563 0.157500 0.221875
0 0.758750 0.757812 0.147500 0.278125
0 0.972500 0.643750 0.055000 0.171875
0 0.896250 0.723437 0.117500 0.234375
0 0.851250 0.476562 0.117500 0.240625
0 0.288750 0.157812 0.137500 0.175000
0 0.173750 0.651563 0.277500 0.146875
0 0.950000 0.431250 0.100000 0.115625
0 0.503750 0.901563 0.082500 0.143750
0 0.783750 0.120313 0.192500 0.150000
0 0.050000 0.234375 0.100000 0.153125
0 0.030000 0.762500 0.060000 0.121875
0 0.151250 0.951562 0.087500 0.103125
