0 0.751250 0.210938 0.217500 0.281250
0 0.392500 0.156250 0.215000 0.309375
0 0.338750 0.517188 0.192500 0.278125
0 0.655000 0.709375 0.175000 0.271875
0 0.752500 0.471875 0.335000 0.300000
0 0.130000 0.359375 0.260000 0.271875
0 0.660000 0.925000 0.145000 0.165625
0 0.150000 1.056250 0.300000 0.125000
0 0.548750 1.004687 0.212500 0.128125
0 0.427500 0.790625 0.140000 0.271875
0 0.496250 0.601562 0.187500 0.315625
0 0.660000 0.440625 0.135000 0.168750
0 0.806250 0.645312 0.152500 0.250000
0 0.197500 0.168750 0.145000 0.234375
0 0.962500 0.912500 0.075000 0.134375
0 0.568750 0.145313 0.157500 0.221875
0 0.792500 0.831250 0.160000 0.262500
0 0.965000 0.671875 0.070000 0.228125
0 0.903750 0.673438 0.117500 0.225000
0 0.861250 0.414062 0.127500 0.200000
0 0.288750 0.110937 0.152500 0.193750
0 0.118750 0.654687 0.237500 0.096875
