0 0.836250 0.240625 0.222500 0.231250
0 0.403750 0.181250 0.192500 0.306250
0 0.351250 0.693750 0.167500 0.200000
0 0.718750 0.807813 0.287500 0.315625
0 0.892500 0.510938 0.215000 0.128125
0 0.227500 0.442188 0.225000 0.140625
0 0.772500 0.975000 0.145000 0.050000
0 0.032500 0.940625 0.065000 0.106250
0 0.591250 0.932813 0.117500 0.128125
0 0.438750 0.923438 0.087500 0.153125
0 0.541250 0.754687 0.132500 0.409375
0 0.695000 0.387500 0.155000 0.168750
0 0.687500 0.529687 0.200000 0.190625
0 0.231250 0.190625 0.127500 0.256250
0 0.531250 0.370312 0.182500 0.246875
0 0.697500 0.682813 0.140000 0.234375
0 0.946250 0.915625 0.107500 0.162500
0 0.871250 0.692187 0.107500 0.278125
0 0.287500 0.545312 0.155000 0.146875
0 0.886250 0.429688 0.187500 0.115625
0 0.457500 0.770312 0.130000 0.221875
0 0.835000 0.048438 0.330000 0.096875
0 0.187500 0.320312 0.190000 0.178125
0 0.070000 0.765625 0.140000 0.162500
0 0.208750 0.867188 0.192500 0.221875
0 0.332500 0.278125 0.105000 0.162500
0 0.265000 0.129688 0.105000 0.121875
0 0.960000 0.778125 0.080000 0.131250
0 0.116250 0.060937 0.097500 0.121875
