0 0.881250 0.223438 0.222500 0.231250
0 0.405000 0.112500 0.160000 0.296875
0 0.343750 0.717187 0.152500 0.175000
0 0.747500 0.868750 0.285000 0.306250
0 0.913750 0.535937 0.172500 0.128125
0 0.225000 0.537500 0.225000 0.140625
0 0.057500 0.934375 0.115000 0.128125
0 0.580000 0.925000 0.100000 0.121875
0 0.438750 0.939063 0.087500 0.115625
0 0.556250 0.676562 0.117500 0.340625
0 0.742500 0.381250 0.160000 0.168750
0 0.688750 0.529687 0.202500 0.193750
0 0.227500 0.146875 0.130000 0.253125
0 0.531250 0.404687 0.182500 0.278125
0 0.675000 0.640625 0.135000 0.206250
0 0.967500 0.878125 0.065000 0.162500
0 0.878750 0.639062 0.107500 0.278125
0 0.315000 0.546875 0.135000 0.146875
0 0.868750 0.495312 0.177500 0.131250
0 0.440000 0.718750 0.130000 0.221875
0 0.928750 0.089063 0.142500 0.096875
0 0.202500 0.334375 0.190000 0.178125
0 0.092500 0.759375 0.170000 0.184375
0 0.215000 0.918750 0.215000 0.125000
0 0.342500 0.303125 0.105000 0.162500
0 0.282500 0.187500 0.105000 0.121875
0 0.913750 0.829688 0.167500 0.118750
0 0.101250 0.079687 0.122500 0.225000
0 0.052500 0.371875 0.105000 0.184375
