0 0.818750 0.271875 0.222500 0.231250
0 0.400000 0.189062 0.215000 0.309375
0 0.376250 0.628125 0.182500 0.225000
0 0.642500 0.773438 0.175000 0.271875
0 0.845000 0.484375 0.265000 0.175000
0 0.187500 0.378125 0.230000 0.200000
0 0.725000 0.946875 0.145000 0.106250
0 0.103750 0.942187 0.207500 0.103125
0 0.572500 0.935937 0.140000 0.128125
0 0.445000 0.864062 0.100000 0.271875
0 0.511250 0.698438 0.157500 0.409375
0 0.670000 0.396875 0.140000 0.168750
0 0.776250 0.614062 0.152500 0.196875
0 0.210000 0.209375 0.140000 0.237500
0 0.576250 0.271875 0.167500 0.231250
0 0.746250 0.773438 0.147500 0.278125
0 0.980000 0.676562 0.040000 0.134375
0 0.901250 0.817187 0.122500 0.221875
0 0.845000 0.568750 0.110000 0.262500
0 0.205000 0.551562 0.230000 0.146875
0 0.937500 0.426563 0.125000 0.115625
0 0.501250 0.904687 0.092500 0.165625
0 0.785000 0.079687 0.270000 0.159375
0 0.071250 0.254688 0.142500 0.165625
0 0.036250 0.779687 0.072500 0.134375
0 0.172500 0.934375 0.130000 0.131250
0 0.327500 0.220312 0.090000 0.140625
0 0.257500 0.098437 0.085000 0.090625
