0 0.833750 0.246875 0.222500 0.231250
0 0.403750 0.187500 0.202500 0.306250
0 0.353750 0.685937 0.172500 0.209375
0 0.700000 0.798438 0.255000 0.303125
0 0.892500 0.507812 0.215000 0.128125
0 0.217500 0.428125 0.225000 0.156250
0 0.765000 0.967187 0.145000 0.065625
0 0.036250 0.942187 0.072500 0.103125
0 0.588750 0.935937 0.107500 0.128125
0 0.438750 0.909375 0.087500 0.181250
0 0.540000 0.754687 0.145000 0.409375
0 0.688750 0.390625 0.152500 0.168750
0 0.701250 0.540625 0.192500 0.181250
0 0.230000 0.190625 0.120000 0.250000
0 0.541250 0.357812 0.182500 0.240625
0 0.708750 0.692187 0.142500 0.253125
0 0.931250 0.898438 0.137500 0.178125
0 0.863750 0.670312 0.107500 0.278125
0 0.277500 0.548438 0.160000 0.146875
0 0.896250 0.426563 0.187500 0.115625
0 0.465000 0.801562 0.120000 0.203125
0 0.808750 0.054688 0.372500 0.109375
0 0.157500 0.301563 0.190000 0.178125
0 0.060000 0.767188 0.120000 0.159375
0 0.165000 0.890625 0.180000 0.212500
0 0.332500 0.265625 0.100000 0.156250
0 0.262500 0.114062 0.105000 0.121875
0 0.968750 0.756250 0.062500 0.125000
