0 0.823750 0.265625 0.222500 0.231250
0 0.402500 0.192188 0.215000 0.309375
0 0.363750 0.659375 0.182500 0.225000
0 0.650000 0.776563 0.175000 0.271875
0 0.862500 0.487500 0.265000 0.150000
0 0.196250 0.392188 0.227500 0.190625
0 0.745000 0.948438 0.145000 0.103125
0 0.082500 0.942187 0.165000 0.103125
0 0.580000 0.935937 0.110000 0.128125
0 0.442500 0.876563 0.095000 0.246875
0 0.521250 0.720313 0.157500 0.409375
0 0.676250 0.393750 0.142500 0.168750
0 0.751250 0.595313 0.152500 0.196875
0 0.215000 0.204687 0.135000 0.240625
0 0.566250 0.310937 0.182500 0.240625
0 0.736250 0.745313 0.147500 0.278125
0 0.982500 0.673438 0.035000 0.128125
0 0.900000 0.853125 0.140000 0.187500
0 0.843750 0.598437 0.107500 0.278125
0 0.231250 0.551562 0.197500 0.146875
0 0.926250 0.426563 0.147500 0.115625
0 0.490000 0.882812 0.100000 0.171875
0 0.783750 0.079687 0.357500 0.159375
0 0.086250 0.259375 0.172500 0.175000
0 0.040000 0.778125 0.080000 0.143750
0 0.177500 0.923438 0.150000 0.153125
0 0.332500 0.232813 0.090000 0.140625
0 0.258750 0.095312 0.097500 0.109375
