0 0.886250 0.178125 0.222500 0.231250
0 0.406250 0.151562 0.147500 0.296875
0 0.330000 0.715625 0.135000 0.162500
0 0.750000 0.845313 0.285000 0.284375
0 0.932500 0.470313 0.135000 0.128125
0 0.237500 0.475000 0.200000 0.143750
0 0.068750 0.921875 0.137500 0.137500
0 0.568750 0.917188 0.082500 0.115625
0 0.566250 0.785937 0.122500 0.290625
0 0.772500 0.353125 0.160000 0.168750
0 0.687500 0.485938 0.215000 0.253125
0 0.223750 0.193750 0.122500 0.237500
0 0.526250 0.460938 0.182500 0.278125
0 0.667500 0.650000 0.135000 0.206250
0 0.967500 0.918750 0.065000 0.162500
0 0.883750 0.718750 0.112500 0.256250
0 0.326250 0.529687 0.127500 0.146875
0 0.855000 0.475000 0.165000 0.150000
0 0.432500 0.740625 0.130000 0.218750
0 0.946250 0.048438 0.107500 0.096875
0 0.192500 0.296875 0.175000 0.175000
0 0.107500 0.734375 0.190000 0.200000
0 0.215000 0.846875 0.215000 0.106250
0 0.347500 0.337500 0.105000 0.162500
0 0.293750 0.206250 0.107500 0.125000
0 0.887500 0.778125 0.190000 0.118750
0 0.095000 0.139063 0.125000 0.259375
0 0.067500 0.403125 0.135000 0.193750
