0 0.886250 0.189062 0.222500 0.231250
0 0.406250 0.089063 0.142500 0.293750
0 0.322500 0.718750 0.125000 0.153125
0 0.752500 0.887500 0.285000 0.275000
0 0.942500 0.465625 0.115000 0.131250
0 0.250000 0.525000 0.185000 0.143750
0 0.073750 0.939063 0.147500 0.143750
0 0.566250 0.904687 0.082500 0.115625
0 0.575000 0.753125 0.140000 0.268750
0 0.785000 0.362500 0.160000 0.168750
0 0.687500 0.475000 0.220000 0.278125
0 0.221250 0.154688 0.117500 0.231250
0 0.523750 0.445312 0.182500 0.278125
0 0.662500 0.628125 0.135000 0.206250
0 0.967500 0.878125 0.065000 0.162500
0 0.885000 0.668750 0.115000 0.246875
0 0.332500 0.531250 0.125000 0.146875
0 0.846250 0.504687 0.157500 0.159375
0 0.432500 0.715625 0.130000 0.212500
0 0.946250 0.067187 0.107500 0.096875
0 0.182500 0.309375 0.165000 0.171875
0 0.108750 0.751563 0.192500 0.203125
0 0.225000 0.925000 0.215000 0.103125
0 0.342500 0.337500 0.105000 0.162500
0 0.298750 0.217188 0.112500 0.131250
0 0.877500 0.840625 0.200000 0.118750
0 0.085000 0.093750 0.130000 0.275000
0 0.072500 0.396875 0.145000 0.193750
