0 0.930000 0.125000 0.140000 0.231250
0 0.405000 0.087500 0.140000 0.293750
0 0.311250 0.717187 0.107500 0.140625
0 0.747500 0.893750 0.235000 0.209375
0 0.955000 0.437500 0.090000 0.137500
0 0.283750 0.573438 0.167500 0.143750
0 0.083750 0.907813 0.137500 0.165625
0 0.551250 0.879687 0.082500 0.115625
0 0.588750 0.814063 0.167500 0.228125
0 0.847500 0.334375 0.160000 0.168750
0 0.651250 0.420312 0.152500 0.203125
0 0.220000 0.181250 0.115000 0.206250
0 0.501250 0.501563 0.152500 0.278125
0 0.635000 0.637500 0.165000 0.206250
0 0.933750 0.789062 0.117500 0.228125
0 0.365000 0.440625 0.125000 0.146875
0 0.795000 0.543750 0.185000 0.206250
0 0.430000 0.746875 0.130000 0.171875
0 0.946250 0.067187 0.107500 0.096875
0 0.152500 0.246875 0.135000 0.165625
0 0.117500 0.737500 0.210000 0.228125
0 0.287500 0.928125 0.215000 0.103125
0 0.337500 0.362500 0.105000 0.181250
0 0.320000 0.278125 0.120000 0.146875
0 0.810000 0.812500 0.225000 0.162500
0 0.051250 0.157812 0.102500 0.250000
0 0.106250 0.470313 0.212500 0.162500
