0 0.977500 0.656250 0.045000 0.081250
0 0.850000 0.943750 0.245000 0.112500
0 0.723750 0.421875 0.332500 0.206250
0 0.431250 0.090625 0.077500 0.175000
0 0.101250 0.067187 0.182500 0.134375
0 0.447500 0.435937 0.200000 0.128125
0 0.746250 0.726562 0.107500 0.128125
0 0.528750 0.060937 0.082500 0.121875
0 0.847500 0.565625 0.225000 0.162500
0 0.658750 0.871875 0.197500 0.250000
0 0.450000 0.329688 0.225000 0.115625
0 0.912500 0.834375 0.175000 0.162500
0 0.062500 0.295312 0.125000 0.271875
0 0.952500 0.512500 0.095000 0.137500
0 0.707500 0.609375 0.110000 0.143750
0 0.500000 0.203125 0.085000 0.175000
0 0.332500 0.090625 0.125000 0.181250
0 0.481250 0.607812 0.182500 0.159375
0 0.213750 0.557813 0.157500 0.240625
0 0.282500 0.250000 0.120000 0.181250
0 0.215000 0.854688 0.155000 0.290625
0 0.077500 0.796875 0.155000 0.187500
0 0.333750 0.621875 0.102500 0.256250
0 0.083750 0.640625 0.127500 0.137500
0 0.167500 0.228125 0.145000 0.218750
