0 0.986250 0.632812 0.027500 0.078125
0 0.851250 1.054688 0.247500 0.100000
0 0.725000 0.525000 0.330000 0.209375
0 0.433750 0.051562 0.082500 0.175000
0 0.096250 0.110937 0.177500 0.134375
0 0.460000 0.500000 0.200000 0.128125
0 0.761250 0.745313 0.107500 0.128125
0 0.528750 0.045312 0.072500 0.121875
0 0.841250 0.635938 0.232500 0.168750
0 0.646250 0.851562 0.162500 0.250000
0 0.443750 0.401562 0.232500 0.125000
0 0.906250 0.892188 0.187500 0.156250
0 0.062500 0.237500 0.125000 0.268750
0 0.942500 0.509375 0.115000 0.131250
0 0.688750 0.642188 0.112500 0.131250
0 0.502500 0.171875 0.090000 0.175000
0 0.338750 0.085938 0.137500 0.203125
0 0.476250 0.642188 0.182500 0.159375
0 0.211250 0.535937 0.157500 0.240625
0 0.275000 0.231250 0.120000 0.196875
0 0.206250 0.826562 0.167500 0.275000
0 0.081250 0.795312 0.162500 0.184375
0 0.328750 0.567187 0.102500 0.256250
0 0.081250 0.648438 0.117500 0.128125
0 0.163750 0.214062 0.152500 0.234375
