0 0.977500 0.640625 0.045000 0.081250
0 0.850000 1.037500 0.245000 0.115625
0 0.723750 0.529687 0.332500 0.206250
0 0.431250 0.051562 0.077500 0.175000
0 0.101250 0.114062 0.182500 0.134375
0 0.447500 0.496875 0.200000 0.128125
0 0.743750 0.726562 0.107500 0.128125
0 0.530000 0.053125 0.085000 0.121875
0 0.850000 0.625000 0.225000 0.159375
0 0.662500 0.868750 0.200000 0.246875
0 0.451250 0.414062 0.222500 0.112500
0 0.912500 0.859375 0.175000 0.162500
0 0.061250 0.235937 0.122500 0.271875
0 0.953750 0.501563 0.092500 0.137500
0 0.710000 0.600000 0.110000 0.143750
0 0.500000 0.168750 0.085000 0.175000
0 0.335000 0.078125 0.125000 0.181250
0 0.481250 0.642188 0.182500 0.159375
0 0.213750 0.532813 0.157500 0.240625
0 0.282500 0.234375 0.120000 0.181250
0 0.218750 0.804688 0.152500 0.290625
0 0.077500 0.800000 0.155000 0.187500
0 0.333750 0.557813 0.102500 0.256250
0 0.085000 0.653125 0.130000 0.137500
0 0.170000 0.209375 0.145000 0.212500
