0 0.965000 0.639062 0.070000 0.096875
0 0.847500 0.932813 0.250000 0.134375
0 0.728750 0.423438 0.307500 0.184375
0 0.422500 0.090625 0.075000 0.175000
0 0.110000 0.068750 0.190000 0.137500
0 0.450000 0.423438 0.200000 0.128125
0 0.716250 0.660937 0.097500 0.121875
0 0.531250 0.054688 0.132500 0.109375
0 0.863750 0.548438 0.212500 0.146875
0 0.702500 0.834375 0.205000 0.218750
0 0.475000 0.328125 0.210000 0.106250
0 0.923750 0.792188 0.152500 0.171875
0 0.058750 0.298438 0.117500 0.278125
0 0.975000 0.531250 0.050000 0.150000
0 0.757500 0.575000 0.105000 0.143750
0 0.495000 0.201563 0.075000 0.171875
0 0.350000 0.090625 0.125000 0.181250
0 0.488750 0.579688 0.182500 0.159375
