0 0.985000 0.634375 0.030000 0.078125
0 0.850000 1.046875 0.245000 0.106250
0 0.725000 0.525000 0.330000 0.209375
0 0.432500 0.050000 0.080000 0.175000
0 0.100000 0.112500 0.180000 0.134375
0 0.455000 0.500000 0.200000 0.128125
0 0.756250 0.739062 0.107500 0.128125
0 0.527500 0.046875 0.075000 0.121875
0 0.845000 0.631250 0.230000 0.165625
0 0.650000 0.859375 0.175000 0.250000
0 0.446250 0.404687 0.232500 0.121875
0 0.908750 0.882812 0.182500 0.159375
0 0.062500 0.237500 0.125000 0.271875
0 0.946250 0.507812 0.107500 0.134375
0 0.695000 0.631250 0.110000 0.134375
0 0.501250 0.170313 0.087500 0.175000
0 0.336250 0.082812 0.132500 0.193750
0 0.476250 0.642188 0.182500 0.159375
0 0.213750 0.542188 0.157500 0.240625
0 0.277500 0.234375 0.120000 0.187500
0 0.208750 0.820312 0.162500 0.281250
0 0.080000 0.796875 0.160000 0.187500
0 0.328750 0.564063 0.102500 0.256250
0 0.081250 0.645312 0.117500 0.131250
0 0.165000 0.212500 0.150000 0.228125
