0 0.977500 0.653125 0.045000 0.087500
0 0.850000 0.939063 0.245000 0.121875
0 0.723750 0.423438 0.332500 0.203125
0 0.427500 0.090625 0.075000 0.175000
0 0.105000 0.067187 0.185000 0.134375
0 0.450000 0.429688 0.200000 0.128125
0 0.741250 0.710938 0.107500 0.128125
0 0.528750 0.059375 0.097500 0.118750
0 0.852500 0.559375 0.220000 0.156250
0 0.675000 0.856250 0.200000 0.237500
0 0.456250 0.332813 0.217500 0.109375
0 0.916250 0.820312 0.167500 0.165625
0 0.061250 0.296875 0.122500 0.275000
0 0.960000 0.520312 0.080000 0.140625
0 0.728750 0.585938 0.117500 0.134375
0 0.498750 0.203125 0.082500 0.175000
0 0.340000 0.090625 0.125000 0.181250
0 0.483750 0.601562 0.182500 0.159375
0 0.211250 0.542188 0.157500 0.240625
0 0.287500 0.251563 0.125000 0.184375
0 0.221250 0.848437 0.152500 0.290625
0 0.075000 0.804688 0.150000 0.190625
0 0.350000 0.610938 0.120000 0.246875
0 0.087500 0.640625 0.140000 0.143750
0 0.172500 0.220312 0.140000 0.203125
