0 0.986250 0.654687 0.027500 0.078125
0 0.850000 0.950000 0.245000 0.100000
0 0.725000 0.423438 0.330000 0.209375
0 0.433750 0.087500 0.082500 0.175000
0 0.096250 0.067187 0.177500 0.134375
0 0.460000 0.439063 0.200000 0.128125
0 0.763750 0.742188 0.107500 0.128125
0 0.527500 0.060937 0.070000 0.121875
0 0.841250 0.575000 0.232500 0.168750
0 0.643750 0.875000 0.157500 0.250000
0 0.443750 0.320312 0.232500 0.128125
0 0.905000 0.856250 0.190000 0.156250
0 0.063750 0.293750 0.127500 0.268750
0 0.942500 0.503125 0.115000 0.131250
0 0.688750 0.640625 0.112500 0.131250
0 0.502500 0.203125 0.090000 0.175000
0 0.338750 0.103125 0.137500 0.206250
0 0.476250 0.607812 0.182500 0.159375
0 0.211250 0.559375 0.157500 0.243750
0 0.272500 0.256250 0.120000 0.200000
0 0.203750 0.859375 0.167500 0.275000
0 0.081250 0.785937 0.162500 0.184375
0 0.326250 0.631250 0.102500 0.256250
0 0.082500 0.639062 0.120000 0.128125
0 0.163750 0.235937 0.152500 0.234375
