0 0.986250 0.654687 0.027500 0.078125
0 0.785000 0.962500 0.165000 0.075000
0 0.726250 0.426563 0.327500 0.215625
0 0.440000 0.087500 0.090000 0.175000
0 0.090000 0.065625 0.170000 0.131250
0 0.480000 0.439063 0.200000 0.128125
0 0.792500 0.773438 0.155000 0.134375
0 0.533750 0.050000 0.057500 0.100000
0 0.838750 0.595313 0.267500 0.184375
0 0.628750 0.875000 0.147500 0.250000
0 0.437500 0.334375 0.220000 0.156250
0 0.883750 0.898438 0.227500 0.128125
0 0.065000 0.292187 0.130000 0.265625
0 0.936250 0.496875 0.127500 0.150000
0 0.670000 0.692187 0.115000 0.128125
0 0.508750 0.214062 0.092500 0.178125
0 0.351250 0.123438 0.162500 0.246875
0 0.466250 0.607812 0.182500 0.159375
0 0.201250 0.534375 0.157500 0.250000
0 0.260000 0.268750 0.125000 0.237500
0 0.187500 0.864062 0.180000 0.259375
0 0.086250 0.775000 0.172500 0.181250
0 0.321250 0.659375 0.102500 0.256250
0 0.102500 0.645312 0.145000 0.121875
0 0.156250 0.239063 0.157500 0.253125
