0 0.733750 0.429688 0.322500 0.228125
0 0.490000 0.095312 0.125000 0.190625
0 0.075000 0.059375 0.150000 0.118750
0 0.490000 0.460938 0.200000 0.128125
0 0.856250 0.823438 0.207500 0.134375
0 0.792500 0.634375 0.270000 0.231250
0 0.611250 0.920312 0.127500 0.159375
0 0.411250 0.360938 0.212500 0.178125
0 0.775000 0.928125 0.160000 0.143750
0 0.068750 0.267188 0.137500 0.259375
0 0.933750 0.487500 0.132500 0.225000
0 0.656250 0.770312 0.152500 0.140625
0 0.503750 0.270313 0.117500 0.140625
0 0.347500 0.131250 0.160000 0.262500
0 0.455000 0.634375 0.210000 0.193750
0 0.206250 0.507812 0.142500 0.221875
0 0.228750 0.237500 0.127500 0.281250
0 0.176250 0.862500 0.147500 0.225000
0 0.306250 0.848437 0.112500 0.290625
0 0.267500 0.607812 0.115000 0.128125
0 0.133750 0.220312 0.137500 0.259375
0 0.078750 0.587500 0.137500 0.131250
0 0.206250 0.721875 0.162500 0.112500
0 0.040000 0.820312 0.080000 0.140625
