0 0.732500 0.512500 0.320000 0.228125
0 0.495000 0.078125 0.125000 0.193750
0 0.072500 0.090625 0.145000 0.115625
0 0.490000 0.525000 0.200000 0.128125
0 0.858750 0.889062 0.207500 0.134375
0 0.788750 0.689063 0.272500 0.237500
0 0.603750 0.935937 0.132500 0.146875
0 0.413750 0.404687 0.212500 0.178125
0 0.765000 0.956250 0.160000 0.143750
0 0.067500 0.215625 0.135000 0.259375
0 0.931250 0.454688 0.137500 0.228125
0 0.655000 0.800000 0.155000 0.143750
0 0.502500 0.278125 0.120000 0.143750
0 0.347500 0.100000 0.160000 0.268750
0 0.455000 0.675000 0.215000 0.200000
0 0.210000 0.481250 0.135000 0.221875
0 0.227500 0.171875 0.125000 0.275000
0 0.176250 0.854688 0.142500 0.209375
0 0.305000 0.790625 0.110000 0.278125
0 0.278750 0.623437 0.107500 0.128125
0 0.132500 0.171875 0.130000 0.256250
0 0.080000 0.615625 0.145000 0.125000
0 0.205000 0.762500 0.150000 0.115625
0 0.046250 0.814063 0.092500 0.140625
0 0.041250 0.651563 0.077500 0.106250
