0 0.736250 0.432812 0.322500 0.228125
0 0.507500 0.098437 0.125000 0.196875
0 0.061250 0.057813 0.112500 0.115625
0 0.531250 0.454688 0.217500 0.165625
0 0.860000 0.862500 0.225000 0.168750
0 0.771250 0.651563 0.277500 0.246875
0 0.563750 0.940625 0.127500 0.118750
0 0.392500 0.392188 0.175000 0.190625
0 0.698750 0.935937 0.152500 0.128125
0 0.048750 0.245312 0.097500 0.259375
0 0.921250 0.476562 0.157500 0.234375
0 0.645000 0.803125 0.170000 0.156250
0 0.508750 0.273438 0.122500 0.146875
0 0.352500 0.142187 0.170000 0.284375
0 0.458750 0.645312 0.222500 0.209375
0 0.212500 0.206250 0.115000 0.256250
0 0.130000 0.934375 0.175000 0.125000
0 0.281250 0.900000 0.087500 0.200000
0 0.288750 0.635938 0.107500 0.128125
0 0.117500 0.214062 0.100000 0.240625
0 0.115000 0.576562 0.140000 0.109375
0 0.230000 0.742188 0.120000 0.115625
0 0.085000 0.843750 0.170000 0.131250
0 0.066250 0.689063 0.117500 0.134375
0 0.185000 0.617188 0.130000 0.146875
0 0.191250 0.410938 0.192500 0.146875
0 0.956250 0.742188 0.087500 0.103125
