0 0.737500 0.431250 0.325000 0.225000
0 0.510000 0.098437 0.125000 0.196875
0 0.061250 0.057813 0.107500 0.115625
0 0.535000 0.454688 0.220000 0.165625
0 0.847500 0.873437 0.225000 0.184375
0 0.768750 0.654687 0.277500 0.246875
0 0.561250 0.940625 0.127500 0.118750
0 0.387500 0.392188 0.175000 0.190625
0 0.686250 0.940625 0.147500 0.118750
0 0.046250 0.242188 0.092500 0.259375
0 0.918750 0.479687 0.162500 0.234375
0 0.643750 0.807813 0.177500 0.153125
0 0.508750 0.270313 0.122500 0.146875
0 0.352500 0.143750 0.170000 0.287500
0 0.458750 0.645312 0.222500 0.209375
0 0.210000 0.206250 0.115000 0.256250
0 0.118750 0.940625 0.177500 0.118750
0 0.275000 0.910937 0.085000 0.178125
0 0.292500 0.635938 0.115000 0.128125
0 0.113750 0.217188 0.097500 0.240625
0 0.122500 0.578125 0.135000 0.112500
0 0.237500 0.742188 0.120000 0.115625
0 0.090000 0.845313 0.180000 0.128125
0 0.068750 0.692187 0.122500 0.134375
0 0.183750 0.659375 0.107500 0.162500
0 0.191250 0.407813 0.192500 0.146875
0 0.953750 0.740625 0.092500 0.106250
