0 0.737500 0.431250 0.325000 0.225000
0 0.510000 0.098437 0.125000 0.196875
0 0.061250 0.057813 0.107500 0.115625
0 0.535000 0.451562 0.220000 0.165625
0 0.843750 0.875000 0.222500 0.187500
0 0.766250 0.654687 0.277500 0.246875
0 0.558750 0.940625 0.127500 0.118750
0 0.387500 0.395313 0.175000 0.190625
0 0.682500 0.943750 0.145000 0.112500
0 0.045000 0.242188 0.090000 0.259375
0 0.918750 0.479687 0.162500 0.234375
0 0.642500 0.807813 0.180000 0.153125
0 0.508750 0.270313 0.122500 0.146875
0 0.353750 0.143750 0.172500 0.287500
0 0.458750 0.645312 0.222500 0.209375
0 0.210000 0.206250 0.115000 0.256250
0 0.112500 0.942187 0.175000 0.115625
0 0.273750 0.915625 0.082500 0.168750
0 0.295000 0.635938 0.120000 0.128125
0 0.110000 0.218750 0.095000 0.237500
0 0.126250 0.575000 0.132500 0.112500
0 0.240000 0.745313 0.120000 0.115625
0 0.093750 0.848437 0.182500 0.128125
0 0.068750 0.695312 0.122500 0.134375
0 0.183750 0.681250 0.097500 0.168750
0 0.191250 0.407813 0.192500 0.146875
0 0.953750 0.740625 0.092500 0.106250
