0 0.736250 0.429688 0.322500 0.228125
0 0.507500 0.098437 0.125000 0.196875
0 0.062500 0.057813 0.115000 0.115625
0 0.527500 0.456250 0.215000 0.162500
0 0.877500 0.851562 0.225000 0.146875
0 0.771250 0.651563 0.277500 0.246875
0 0.566250 0.940625 0.127500 0.118750
0 0.395000 0.389062 0.175000 0.190625
0 0.702500 0.934375 0.155000 0.131250
0 0.050000 0.245312 0.100000 0.259375
0 0.921250 0.476562 0.157500 0.234375
0 0.645000 0.801562 0.165000 0.159375
0 0.508750 0.273438 0.122500 0.146875
0 0.352500 0.142187 0.170000 0.284375
0 0.456250 0.645312 0.222500 0.209375
0 0.215000 0.206250 0.115000 0.256250
0 0.133750 0.929688 0.172500 0.128125
0 0.282500 0.898438 0.090000 0.203125
0 0.286250 0.639062 0.107500 0.128125
0 0.117500 0.215625 0.100000 0.243750
0 0.111250 0.576562 0.142500 0.109375
0 0.227500 0.742188 0.120000 0.115625
0 0.082500 0.843750 0.165000 0.131250
0 0.066250 0.684375 0.117500 0.131250
0 0.187500 0.617188 0.130000 0.146875
0 0.191250 0.410938 0.192500 0.146875
0 0.957500 0.742188 0.085000 0.103125
