0 0.761250 0.443750 0.342500 0.187500
0 0.521250 0.100000 0.122500 0.200000
0 0.067500 0.053125 0.100000 0.106250
0 0.570000 0.435937 0.245000 0.184375
0 0.783750 0.907813 0.217500 0.184375
0 0.716250 0.671875 0.242500 0.243750
0 0.496250 0.925000 0.117500 0.150000
0 0.343750 0.418750 0.172500 0.212500
0 0.026250 0.232813 0.052500 0.259375
0 0.892500 0.481250 0.210000 0.206250
0 0.632500 0.832812 0.265000 0.153125
0 0.502500 0.298438 0.115000 0.196875
0 0.325000 0.167187 0.215000 0.303125
0 0.508750 0.612500 0.187500 0.162500
0 0.181250 0.187500 0.147500 0.231250
0 0.053750 0.940625 0.107500 0.118750
0 0.337500 0.620313 0.155000 0.128125
0 0.103750 0.259375 0.097500 0.237500
0 0.208750 0.609375 0.152500 0.118750
0 0.298750 0.715625 0.157500 0.106250
0 0.211250 0.931250 0.177500 0.137500
0 0.076250 0.732812 0.152500 0.134375
0 0.187500 0.800000 0.110000 0.150000
0 0.186250 0.373437 0.197500 0.146875
0 0.932500 0.729688 0.135000 0.128125
0 0.948750 0.864062 0.102500 0.140625
