0 0.746250 0.551562 0.342500 0.209375
0 0.517500 0.078125 0.125000 0.196875
0 0.063750 0.060937 0.097500 0.106250
0 0.566250 0.498437 0.242500 0.184375
0 0.783750 0.951562 0.217500 0.184375
0 0.718750 0.701562 0.242500 0.243750
0 0.503750 0.942187 0.122500 0.134375
0 0.345000 0.418750 0.175000 0.212500
0 0.027500 0.140625 0.055000 0.259375
0 0.900000 0.493750 0.200000 0.209375
0 0.628750 0.907813 0.257500 0.156250
0 0.505000 0.268750 0.115000 0.193750
0 0.326250 0.132812 0.212500 0.306250
0 0.506250 0.648438 0.192500 0.168750
0 0.182500 0.162500 0.145000 0.234375
0 0.053750 0.948438 0.107500 0.118750
0 0.332500 0.650000 0.155000 0.128125
0 0.102500 0.200000 0.095000 0.237500
0 0.196250 0.648438 0.162500 0.115625
0 0.286250 0.757812 0.152500 0.106250
0 0.211250 0.964063 0.177500 0.146875
0 0.073750 0.754687 0.142500 0.134375
0 0.183750 0.785937 0.107500 0.153125
0 0.180000 0.415625 0.195000 0.146875
0 0.935000 0.750000 0.130000 0.125000
0 0.948750 0.854688 0.102500 0.140625
