0 0.753750 0.442188 0.342500 0.196875
0 0.518750 0.098437 0.122500 0.196875
0 0.063750 0.053125 0.097500 0.106250
0 0.566250 0.435937 0.242500 0.184375
0 0.783750 0.907813 0.217500 0.184375
0 0.716250 0.671875 0.242500 0.243750
0 0.500000 0.928125 0.120000 0.143750
0 0.343750 0.418750 0.172500 0.212500
0 0.027500 0.232813 0.055000 0.259375
0 0.895000 0.478125 0.205000 0.206250
0 0.630000 0.831250 0.260000 0.156250
0 0.502500 0.298438 0.115000 0.196875
0 0.322500 0.156250 0.215000 0.306250
0 0.507500 0.614062 0.190000 0.165625
0 0.181250 0.187500 0.147500 0.231250
0 0.053750 0.940625 0.107500 0.118750
0 0.335000 0.620313 0.155000 0.128125
0 0.103750 0.259375 0.097500 0.237500
0 0.203750 0.609375 0.157500 0.118750
0 0.296250 0.715625 0.157500 0.106250
0 0.211250 0.929688 0.177500 0.140625
0 0.073750 0.732812 0.147500 0.134375
0 0.185000 0.800000 0.110000 0.150000
0 0.183750 0.370312 0.197500 0.146875
0 0.933750 0.729688 0.132500 0.128125
0 0.948750 0.864062 0.102500 0.140625
