0 0.771250 0.573438 0.342500 0.171875
0 0.523750 0.076563 0.122500 0.200000
0 0.067500 0.062500 0.100000 0.103125
0 0.573750 0.495312 0.247500 0.187500
0 0.783750 0.951562 0.217500 0.184375
0 0.713750 0.701562 0.242500 0.243750
0 0.493750 0.920312 0.117500 0.153125
0 0.340000 0.418750 0.170000 0.215625
0 0.025000 0.131250 0.050000 0.259375
0 0.890000 0.518750 0.220000 0.200000
0 0.635000 0.928125 0.270000 0.153125
0 0.501250 0.276562 0.117500 0.190625
0 0.330000 0.168750 0.215000 0.296875
0 0.508750 0.648438 0.182500 0.162500
0 0.181250 0.164062 0.147500 0.231250
0 0.053750 0.948438 0.107500 0.118750
0 0.342500 0.653125 0.155000 0.128125
0 0.102500 0.203125 0.100000 0.237500
0 0.217500 0.640625 0.145000 0.121875
0 0.303750 0.757812 0.157500 0.106250
0 0.211250 0.979688 0.177500 0.131250
0 0.078750 0.767188 0.157500 0.137500
0 0.190000 0.800000 0.110000 0.150000
0 0.191250 0.429688 0.202500 0.146875
0 0.930000 0.750000 0.140000 0.131250
0 0.948750 0.860938 0.102500 0.140625
