0 0.732500 0.528125 0.170000 0.106250
0 0.540000 0.075000 0.120000 0.231250
0 0.085000 0.071875 0.115000 0.090625
0 0.608750 0.507812 0.272500 0.187500
0 0.773750 0.998437 0.212500 0.134375
0 0.645000 0.715625 0.190000 0.243750
0 0.460000 0.950000 0.090000 0.106250
0 0.233750 0.570312 0.222500 0.168750
0 0.021250 0.154688 0.042500 0.221875
0 0.755000 0.631250 0.240000 0.125000
0 0.615000 0.950000 0.230000 0.175000
0 0.493750 0.320312 0.127500 0.168750
0 0.355000 0.296875 0.215000 0.256250
0 0.487500 0.662500 0.125000 0.150000
0 0.178750 0.164062 0.152500 0.231250
0 0.386250 0.660937 0.172500 0.140625
0 0.103750 0.304688 0.137500 0.196875
0 0.280000 0.640625 0.145000 0.121875
0 0.326250 0.751563 0.157500 0.106250
0 0.236250 0.992188 0.132500 0.090625
0 0.097500 0.812500 0.190000 0.156250
0 0.195000 0.828125 0.110000 0.150000
0 0.248750 0.479687 0.237500 0.143750
0 0.896250 0.807813 0.207500 0.162500
0 0.941250 0.898438 0.117500 0.153125
0 0.951250 0.410938 0.097500 0.096875
