0 0.783750 0.451562 0.287500 0.115625
0 0.532500 0.106250 0.120000 0.212500
0 0.076250 0.048438 0.107500 0.096875
0 0.588750 0.426563 0.257500 0.196875
0 0.776250 0.910937 0.217500 0.178125
0 0.701250 0.678125 0.242500 0.243750
0 0.486250 0.943750 0.117500 0.112500
0 0.291250 0.479687 0.202500 0.196875
0 0.021250 0.225000 0.042500 0.250000
0 0.861250 0.492188 0.277500 0.196875
0 0.641250 0.853125 0.242500 0.162500
0 0.495000 0.306250 0.125000 0.175000
0 0.347500 0.265625 0.215000 0.268750
0 0.512500 0.625000 0.155000 0.150000
0 0.181250 0.187500 0.147500 0.231250
0 0.053750 0.940625 0.107500 0.118750
0 0.365000 0.626563 0.155000 0.128125
0 0.102500 0.262500 0.110000 0.243750
0 0.262500 0.610938 0.145000 0.121875
0 0.321250 0.712500 0.157500 0.106250
0 0.218750 0.946875 0.157500 0.106250
0 0.091250 0.751563 0.182500 0.146875
0 0.197500 0.821875 0.110000 0.150000
0 0.220000 0.387500 0.220000 0.143750
0 0.915000 0.740625 0.170000 0.150000
0 0.947500 0.884375 0.105000 0.143750
