0 0.793750 0.450000 0.312500 0.118750
0 0.532500 0.106250 0.120000 0.212500
0 0.075000 0.050000 0.105000 0.100000
0 0.586250 0.428125 0.257500 0.193750
0 0.778750 0.907813 0.217500 0.184375
0 0.708750 0.675000 0.242500 0.243750
0 0.486250 0.940625 0.117500 0.118750
0 0.308750 0.471875 0.182500 0.200000
0 0.021250 0.225000 0.042500 0.256250
0 0.866250 0.492188 0.267500 0.196875
0 0.638750 0.851562 0.247500 0.159375
0 0.493750 0.304688 0.122500 0.178125
0 0.345000 0.259375 0.215000 0.268750
0 0.513750 0.623437 0.162500 0.153125
0 0.181250 0.187500 0.147500 0.231250
0 0.053750 0.940625 0.107500 0.118750
0 0.360000 0.626563 0.155000 0.128125
0 0.101250 0.262500 0.107500 0.243750
0 0.257500 0.610938 0.145000 0.121875
0 0.321250 0.712500 0.157500 0.106250
0 0.215000 0.945312 0.165000 0.109375
0 0.090000 0.746875 0.180000 0.143750
0 0.197500 0.818750 0.110000 0.150000
0 0.212500 0.384375 0.215000 0.143750
0 0.917500 0.737500 0.165000 0.143750
0 0.948750 0.879687 0.102500 0.140625
