0 0.562500 0.131250 0.120000 0.262500
0 0.103750 0.037500 0.127500 0.075000
0 0.653750 0.439063 0.297500 0.165625
0 0.752500 0.951562 0.135000 0.096875
0 0.588750 0.765625 0.182500 0.231250
0 0.173750 0.550000 0.197500 0.187500
0 0.023750 0.256250 0.047500 0.187500
0 0.658750 0.589063 0.252500 0.121875
0 0.547500 0.932813 0.155000 0.134375
0 0.522500 0.339062 0.180000 0.165625
0 0.345000 0.312500 0.175000 0.237500
0 0.436250 0.717187 0.142500 0.153125
0 0.143750 0.198437 0.192500 0.234375
0 0.401250 0.621875 0.197500 0.156250
0 0.141250 0.378125 0.157500 0.181250
0 0.326250 0.595313 0.117500 0.153125
0 0.366250 0.795312 0.127500 0.140625
0 0.237500 0.973437 0.150000 0.053125
0 0.106250 0.814063 0.202500 0.171875
0 0.178750 0.893750 0.147500 0.187500
0 0.283750 0.420312 0.152500 0.153125
0 0.851250 0.793750 0.267500 0.168750
0 0.903750 0.931250 0.182500 0.137500
0 0.933750 0.428125 0.132500 0.081250
0 0.056250 0.675000 0.092500 0.162500
0 0.881250 0.398438 0.212500 0.140625
0 0.607500 0.534375 0.165000 0.106250
0 0.931250 0.590625 0.137500 0.168750
