0 0.552500 0.071875 0.115000 0.259375
0 0.100000 0.078125 0.125000 0.081250
0 0.638750 0.535937 0.297500 0.171875
0 0.752500 0.987500 0.135000 0.096875
0 0.598750 0.757812 0.182500 0.231250
0 0.441250 0.979688 0.047500 0.050000
0 0.193750 0.585938 0.207500 0.178125
0 0.022500 0.190625 0.045000 0.187500
0 0.677500 0.675000 0.270000 0.140625
0 0.587500 0.996875 0.215000 0.137500
0 0.513750 0.354687 0.162500 0.168750
0 0.345000 0.296875 0.175000 0.237500
0 0.442500 0.715625 0.130000 0.150000
0 0.158750 0.204687 0.192500 0.234375
0 0.408750 0.657813 0.197500 0.156250
0 0.127500 0.375000 0.150000 0.171875
0 0.313750 0.601562 0.122500 0.146875
0 0.360000 0.800000 0.150000 0.131250
0 0.242500 1.034375 0.150000 0.059375
0 0.106250 0.845313 0.202500 0.171875
0 0.176250 0.867188 0.142500 0.190625
0 0.280000 0.440625 0.160000 0.153125
0 0.865000 0.868750 0.255000 0.156250
0 0.911250 0.957812 0.172500 0.150000
0 0.943750 0.439063 0.112500 0.090625
0 0.037500 0.637500 0.075000 0.171875
0 0.866250 0.467187 0.212500 0.140625
0 0.608750 0.579688 0.162500 0.106250
0 0.940000 0.581250 0.120000 0.165625
