0 0.558750 0.131250 0.117500 0.262500
0 0.101250 0.039062 0.127500 0.078125
0 0.646250 0.437500 0.297500 0.168750
0 0.752500 0.951562 0.135000 0.096875
0 0.593750 0.762500 0.182500 0.231250
0 0.183750 0.550000 0.197500 0.187500
0 0.023750 0.256250 0.047500 0.187500
0 0.667500 0.581250 0.260000 0.131250
0 0.562500 0.932813 0.180000 0.134375
0 0.518750 0.339062 0.172500 0.165625
0 0.345000 0.312500 0.175000 0.237500
0 0.441250 0.714063 0.137500 0.153125
0 0.151250 0.198437 0.192500 0.234375
0 0.406250 0.615625 0.197500 0.156250
0 0.135000 0.373437 0.155000 0.178125
0 0.320000 0.595313 0.115000 0.153125
0 0.363750 0.784375 0.137500 0.137500
0 0.237500 0.973437 0.150000 0.053125
0 0.106250 0.807813 0.202500 0.171875
0 0.181250 0.885938 0.142500 0.190625
0 0.283750 0.417187 0.152500 0.153125
0 0.858750 0.790625 0.262500 0.162500
0 0.906250 0.928125 0.177500 0.143750
0 0.938750 0.420312 0.122500 0.084375
0 0.047500 0.678125 0.085000 0.168750
0 0.873750 0.401562 0.212500 0.140625
0 0.598750 0.543750 0.172500 0.112500
0 0.935000 0.590625 0.130000 0.168750
