0 0.546250 0.073438 0.117500 0.246875
0 0.092500 0.075000 0.120000 0.084375
0 0.622500 0.521875 0.285000 0.181250
0 0.761250 0.982812 0.142500 0.106250
0 0.616250 0.739062 0.182500 0.234375
0 0.457500 0.943750 0.080000 0.106250
0 0.221250 0.576562 0.222500 0.165625
0 0.021250 0.176563 0.042500 0.200000
0 0.710000 0.653125 0.260000 0.137500
0 0.600000 0.975000 0.225000 0.165625
0 0.502500 0.337500 0.140000 0.168750
0 0.358750 0.320312 0.207500 0.237500
0 0.457500 0.700000 0.125000 0.150000
0 0.168750 0.185938 0.172500 0.231250
0 0.401250 0.667188 0.197500 0.156250
0 0.110000 0.359375 0.150000 0.171875
0 0.295000 0.631250 0.140000 0.128125
0 0.345000 0.781250 0.165000 0.118750
0 0.252500 1.009375 0.145000 0.081250
0 0.103750 0.829688 0.197500 0.168750
0 0.188750 0.842187 0.112500 0.156250
0 0.266250 0.476562 0.217500 0.146875
0 0.883750 0.851562 0.232500 0.146875
0 0.926250 0.929688 0.147500 0.156250
0 0.951250 0.410938 0.097500 0.096875
0 0.033750 0.654687 0.067500 0.150000
0 0.798750 0.470313 0.142500 0.103125
0 0.657500 0.521875 0.105000 0.071875
0 0.953750 0.564063 0.092500 0.162500
