0 0.543750 0.073438 0.117500 0.240625
0 0.088750 0.073438 0.117500 0.087500
0 0.618750 0.517188 0.282500 0.181250
0 0.763750 0.976562 0.152500 0.118750
0 0.625000 0.731250 0.185000 0.237500
0 0.456250 0.945312 0.082500 0.106250
0 0.223750 0.576562 0.222500 0.165625
0 0.021250 0.170313 0.042500 0.209375
0 0.723750 0.645312 0.242500 0.121875
0 0.605000 0.965625 0.225000 0.175000
0 0.497500 0.331250 0.130000 0.168750
0 0.360000 0.318750 0.215000 0.240625
0 0.462500 0.696875 0.125000 0.150000
0 0.172500 0.178125 0.165000 0.231250
0 0.396250 0.667188 0.192500 0.153125
0 0.105000 0.353125 0.150000 0.171875
0 0.287500 0.643750 0.145000 0.121875
0 0.335000 0.765625 0.160000 0.112500
0 0.246250 1.001562 0.137500 0.084375
0 0.102500 0.825000 0.195000 0.165625
0 0.192500 0.837500 0.110000 0.150000
0 0.263750 0.489063 0.237500 0.143750
0 0.888750 0.835938 0.222500 0.150000
0 0.932500 0.915625 0.135000 0.156250
0 0.951250 0.410938 0.097500 0.096875
0 0.032500 0.659375 0.065000 0.140625
0 0.777500 0.459375 0.105000 0.090625
0 0.671250 0.504687 0.087500 0.081250
0 0.958750 0.557813 0.082500 0.162500
