0 0.586250 0.135937 0.127500 0.271875
0 0.698750 0.442188 0.297500 0.153125
0 0.562500 0.790625 0.170000 0.231250
0 0.156250 0.515625 0.172500 0.243750
0 0.031250 0.257812 0.062500 0.184375
0 0.578750 0.612500 0.247500 0.118750
0 0.558750 0.953125 0.107500 0.093750
0 0.565000 0.356250 0.185000 0.125000
0 0.412500 0.748437 0.155000 0.153125
0 0.121250 0.187500 0.217500 0.243750
0 0.176250 0.403125 0.172500 0.181250
0 0.373750 0.564063 0.177500 0.128125
0 0.398750 0.867188 0.107500 0.171875
0 0.103750 0.832812 0.202500 0.171875
0 0.162500 0.943750 0.155000 0.112500
0 0.318750 0.439063 0.152500 0.153125
0 0.812500 0.826562 0.290000 0.184375
0 0.877500 0.946875 0.210000 0.106250
0 0.932500 0.437500 0.135000 0.087500
0 0.133750 0.682813 0.177500 0.146875
0 0.952500 0.373437 0.095000 0.084375
0 0.637500 0.512500 0.135000 0.087500
0 0.912500 0.592187 0.175000 0.171875
0 0.303750 0.248438 0.152500 0.159375
0 0.415000 0.392188 0.155000 0.096875
0 0.025000 0.628125 0.050000 0.206250
0 0.335000 0.712500 0.095000 0.131250
0 0.436250 0.609375 0.097500 0.087500
