0 0.583750 0.135937 0.127500 0.271875
0 0.108750 0.026562 0.127500 0.053125
0 0.693750 0.442188 0.297500 0.153125
0 0.566250 0.787500 0.172500 0.231250
0 0.153750 0.518750 0.172500 0.243750
0 0.030000 0.257812 0.060000 0.184375
0 0.583750 0.609375 0.247500 0.118750
0 0.560000 0.953125 0.110000 0.093750
0 0.555000 0.356250 0.185000 0.125000
0 0.417500 0.742188 0.155000 0.153125
0 0.121250 0.190625 0.212500 0.243750
0 0.172500 0.401562 0.170000 0.184375
0 0.366250 0.571875 0.167500 0.131250
0 0.395000 0.856250 0.110000 0.162500
0 0.103750 0.832812 0.202500 0.171875
0 0.161250 0.939063 0.157500 0.121875
0 0.311250 0.435937 0.152500 0.153125
0 0.817500 0.820312 0.290000 0.184375
0 0.878750 0.945312 0.207500 0.109375
0 0.932500 0.435937 0.135000 0.084375
0 0.121250 0.681250 0.162500 0.150000
0 0.953750 0.373437 0.092500 0.090625
0 0.635000 0.512500 0.135000 0.087500
0 0.912500 0.592187 0.175000 0.171875
0 0.298750 0.243750 0.142500 0.162500
0 0.408750 0.392188 0.147500 0.096875
0 0.023750 0.628125 0.047500 0.206250
0 0.342500 0.695312 0.100000 0.109375
0 0.421250 0.621875 0.097500 0.081250
