0 0.583750 0.135937 0.127500 0.271875
0 0.696250 0.442188 0.297500 0.153125
0 0.563750 0.790625 0.172500 0.231250
0 0.153750 0.518750 0.172500 0.243750
0 0.030000 0.257812 0.060000 0.184375
0 0.581250 0.612500 0.247500 0.118750
0 0.558750 0.953125 0.107500 0.093750
0 0.560000 0.356250 0.185000 0.125000
0 0.415000 0.745313 0.155000 0.153125
0 0.120000 0.190625 0.215000 0.243750
0 0.172500 0.404687 0.170000 0.184375
0 0.368750 0.568750 0.172500 0.131250
0 0.396250 0.857812 0.107500 0.165625
0 0.103750 0.832812 0.202500 0.171875
0 0.161250 0.940625 0.157500 0.118750
0 0.313750 0.439063 0.152500 0.153125
0 0.815000 0.823438 0.290000 0.184375
0 0.876250 0.945312 0.207500 0.109375
0 0.932500 0.435937 0.135000 0.084375
0 0.126250 0.681250 0.167500 0.150000
0 0.952500 0.371875 0.095000 0.087500
0 0.635000 0.512500 0.135000 0.087500
0 0.912500 0.592187 0.175000 0.171875
0 0.300000 0.245312 0.145000 0.159375
0 0.410000 0.392188 0.150000 0.096875
0 0.023750 0.628125 0.047500 0.206250
0 0.338750 0.703125 0.097500 0.118750
0 0.426250 0.617188 0.097500 0.084375
