0 0.578750 0.134375 0.127500 0.268750
0 0.108750 0.029687 0.127500 0.059375
0 0.686250 0.440625 0.297500 0.156250
0 0.572500 0.781250 0.175000 0.231250
0 0.156250 0.529687 0.182500 0.221875
0 0.027500 0.257812 0.055000 0.184375
0 0.598750 0.606250 0.247500 0.118750
0 0.552500 0.953125 0.125000 0.093750
0 0.540000 0.351562 0.185000 0.134375
0 0.422500 0.729688 0.155000 0.153125
0 0.126250 0.193750 0.202500 0.237500
0 0.378750 0.650000 0.197500 0.156250
0 0.163750 0.396875 0.167500 0.193750
0 0.352500 0.589063 0.145000 0.140625
0 0.386250 0.832812 0.117500 0.146875
0 0.103750 0.826562 0.202500 0.171875
0 0.156250 0.926562 0.167500 0.146875
0 0.298750 0.429688 0.152500 0.153125
0 0.830000 0.807813 0.290000 0.184375
0 0.887500 0.940625 0.200000 0.118750
0 0.930000 0.437500 0.140000 0.081250
0 0.093750 0.675000 0.132500 0.150000
0 0.957500 0.365625 0.085000 0.100000
0 0.630000 0.506250 0.135000 0.087500
0 0.915000 0.592187 0.170000 0.171875
0 0.295000 0.242188 0.115000 0.153125
0 0.386250 0.385937 0.127500 0.103125
