0 0.585000 0.135937 0.130000 0.271875
0 0.108750 0.026562 0.127500 0.053125
0 0.693750 0.442188 0.297500 0.153125
0 0.566250 0.787500 0.172500 0.231250
0 0.151250 0.518750 0.172500 0.243750
0 0.028750 0.257812 0.057500 0.184375
0 0.586250 0.609375 0.247500 0.118750
0 0.558750 0.953125 0.112500 0.093750
0 0.552500 0.356250 0.185000 0.125000
0 0.417500 0.742188 0.155000 0.153125
0 0.123750 0.189062 0.212500 0.240625
0 0.368750 0.659375 0.197500 0.156250
0 0.170000 0.403125 0.170000 0.187500
0 0.365000 0.573438 0.165000 0.134375
0 0.393750 0.851562 0.112500 0.159375
0 0.103750 0.832812 0.202500 0.171875
0 0.160000 0.935937 0.160000 0.128125
0 0.308750 0.435937 0.152500 0.153125
0 0.820000 0.817187 0.290000 0.184375
0 0.880000 0.943750 0.205000 0.112500
0 0.931250 0.435937 0.137500 0.084375
0 0.116250 0.678125 0.157500 0.150000
0 0.953750 0.370312 0.092500 0.090625
0 0.635000 0.509375 0.135000 0.087500
0 0.912500 0.592187 0.175000 0.171875
0 0.296250 0.242188 0.137500 0.165625
0 0.403750 0.392188 0.142500 0.096875
0 0.023750 0.631250 0.047500 0.206250
