0 0.586250 0.135937 0.122500 0.271875
0 0.708750 0.442188 0.297500 0.153125
0 0.557500 0.809375 0.165000 0.250000
0 0.163750 0.515625 0.172500 0.243750
0 0.042500 0.259375 0.085000 0.181250
0 0.543750 0.625000 0.247500 0.118750
0 0.558750 0.953125 0.107500 0.093750
0 0.608750 0.353125 0.222500 0.118750
0 0.405000 0.757812 0.155000 0.153125
0 0.120000 0.187500 0.225000 0.250000
0 0.185000 0.407813 0.175000 0.171875
0 0.387500 0.554688 0.185000 0.128125
0 0.400000 0.884375 0.105000 0.175000
0 0.098750 0.837500 0.197500 0.175000
0 0.160000 0.948438 0.150000 0.103125
0 0.333750 0.445312 0.162500 0.153125
0 0.787500 0.845313 0.280000 0.203125
0 0.870000 0.951562 0.200000 0.096875
0 0.935000 0.435937 0.130000 0.090625
0 0.138750 0.679688 0.177500 0.146875
0 0.962500 0.370312 0.075000 0.084375
0 0.642500 0.518750 0.135000 0.087500
0 0.912500 0.595313 0.175000 0.171875
0 0.320000 0.260937 0.180000 0.146875
0 0.440000 0.390625 0.165000 0.100000
0 0.028750 0.623437 0.057500 0.209375
0 0.313750 0.750000 0.082500 0.175000
0 0.468750 0.589063 0.102500 0.103125
