0 0.590000 0.135937 0.115000 0.271875
0 0.723750 0.445312 0.297500 0.153125
0 0.536250 0.850000 0.142500 0.300000
0 0.168750 0.507812 0.167500 0.215625
0 0.068750 0.259375 0.132500 0.175000
0 0.483750 0.632812 0.252500 0.134375
0 0.681250 0.342187 0.292500 0.115625
0 0.390000 0.773438 0.155000 0.153125
0 0.127500 0.187500 0.235000 0.256250
0 0.198750 0.409375 0.172500 0.156250
0 0.420000 0.545312 0.185000 0.128125
0 0.397500 0.920312 0.105000 0.159375
0 0.076250 0.832812 0.152500 0.178125
0 0.145000 0.948438 0.150000 0.103125
0 0.366250 0.442188 0.192500 0.146875
0 0.752500 0.875000 0.270000 0.225000
0 0.857500 0.959375 0.185000 0.081250
0 0.936250 0.429688 0.127500 0.096875
0 0.148750 0.670312 0.177500 0.146875
0 0.660000 0.523438 0.140000 0.096875
0 0.918750 0.600000 0.157500 0.168750
0 0.372500 0.281250 0.250000 0.131250
0 0.490000 0.392188 0.165000 0.109375
0 0.033750 0.615625 0.067500 0.212500
0 0.242500 0.789062 0.115000 0.159375
0 0.517500 0.557813 0.160000 0.090625
