0 0.591250 0.135937 0.117500 0.271875
0 0.723750 0.445312 0.297500 0.153125
0 0.540000 0.850000 0.145000 0.300000
0 0.168750 0.509375 0.167500 0.218750
0 0.066250 0.259375 0.127500 0.175000
0 0.490000 0.628125 0.250000 0.125000
0 0.678750 0.343750 0.292500 0.112500
0 0.390000 0.770312 0.155000 0.153125
0 0.127500 0.187500 0.235000 0.256250
0 0.196250 0.409375 0.172500 0.156250
0 0.415000 0.548438 0.185000 0.128125
0 0.397500 0.917188 0.105000 0.165625
0 0.078750 0.832812 0.157500 0.178125
0 0.145000 0.948438 0.150000 0.103125
0 0.362500 0.442188 0.190000 0.146875
0 0.752500 0.871875 0.270000 0.225000
0 0.860000 0.957812 0.185000 0.084375
0 0.937500 0.432812 0.125000 0.096875
0 0.148750 0.673438 0.177500 0.146875
0 0.975000 0.364063 0.050000 0.090625
0 0.656250 0.525000 0.137500 0.093750
0 0.913750 0.598437 0.167500 0.171875
0 0.365000 0.279687 0.240000 0.134375
0 0.487500 0.390625 0.165000 0.106250
0 0.033750 0.615625 0.067500 0.212500
0 0.252500 0.784375 0.110000 0.162500
0 0.512500 0.562500 0.155000 0.093750
