0 0.597500 0.125000 0.110000 0.250000
0 0.728750 0.460938 0.297500 0.153125
0 0.517500 0.854688 0.145000 0.284375
0 0.166250 0.492188 0.182500 0.228125
0 0.100000 0.281250 0.165000 0.162500
0 0.431250 0.662500 0.262500 0.175000
0 0.708750 0.332813 0.292500 0.134375
0 0.380000 0.789062 0.155000 0.153125
0 0.138750 0.185938 0.247500 0.265625
0 0.216250 0.410938 0.167500 0.140625
0 0.435000 0.545312 0.185000 0.128125
0 0.400000 0.946875 0.100000 0.106250
0 0.057500 0.826562 0.115000 0.190625
0 0.147500 0.956250 0.135000 0.087500
0 0.385000 0.442188 0.200000 0.146875
0 0.730000 0.900000 0.260000 0.193750
0 0.853750 0.960938 0.177500 0.078125
0 0.933750 0.421875 0.132500 0.106250
0 0.156250 0.664062 0.177500 0.146875
0 0.685000 0.528125 0.145000 0.112500
0 0.435000 0.285938 0.265000 0.128125
0 0.543750 0.429688 0.152500 0.121875
0 0.035000 0.600000 0.070000 0.212500
0 0.186250 0.809375 0.147500 0.137500
0 0.543750 0.542188 0.147500 0.090625
0 0.961250 0.581250 0.077500 0.137500
0 0.883750 0.612500 0.112500 0.150000
0 0.266250 0.070312 0.177500 0.140625
