0 0.611250 0.067187 0.107500 0.190625
0 0.746250 0.567187 0.262500 0.137500
0 0.468750 0.807813 0.112500 0.262500
0 0.156250 0.482812 0.182500 0.228125
0 0.141250 0.351562 0.177500 0.181250
0 0.340000 0.784375 0.275000 0.196875
0 0.735000 0.443750 0.285000 0.137500
0 0.370000 0.834375 0.155000 0.168750
0 0.200000 0.275000 0.285000 0.253125
0 0.288750 0.482812 0.167500 0.137500
0 0.417500 0.621875 0.185000 0.128125
0 0.390000 0.990625 0.085000 0.062500
0 0.042500 0.718750 0.085000 0.212500
0 0.156250 0.998437 0.122500 0.078125
0 0.447500 0.503125 0.200000 0.146875
0 0.723750 0.967187 0.122500 0.109375
0 0.927500 0.440625 0.135000 0.112500
0 0.171250 0.698438 0.177500 0.146875
0 0.722500 0.565625 0.145000 0.093750
0 0.492500 0.393750 0.265000 0.128125
0 0.591250 0.498437 0.117500 0.134375
0 0.027500 0.478125 0.055000 0.228125
0 0.143750 0.826562 0.147500 0.137500
0 0.658750 0.492188 0.102500 0.090625
0 0.951250 0.542188 0.097500 0.121875
0 0.898750 0.635938 0.122500 0.181250
0 0.288750 0.110937 0.177500 0.140625
0 0.955000 0.828125 0.090000 0.159375
