0 0.603750 0.110937 0.107500 0.221875
0 0.732500 0.470313 0.295000 0.153125
0 0.507500 0.857812 0.145000 0.284375
0 0.171250 0.485938 0.182500 0.228125
0 0.120000 0.314063 0.165000 0.146875
0 0.400000 0.676562 0.270000 0.184375
0 0.718750 0.332813 0.292500 0.140625
0 0.380000 0.804688 0.155000 0.159375
0 0.147500 0.190625 0.255000 0.268750
0 0.236250 0.418750 0.167500 0.137500
0 0.427500 0.551562 0.185000 0.128125
0 0.392500 0.940625 0.085000 0.118750
0 0.051250 0.817187 0.102500 0.196875
0 0.150000 0.957812 0.130000 0.084375
0 0.395000 0.442188 0.200000 0.146875
0 0.710000 0.929688 0.235000 0.128125
0 0.932500 0.418750 0.135000 0.112500
0 0.156250 0.660937 0.177500 0.146875
0 0.700000 0.526563 0.145000 0.109375
0 0.467500 0.289062 0.265000 0.128125
0 0.568750 0.446875 0.137500 0.106250
0 0.035000 0.596875 0.070000 0.212500
0 0.176250 0.809375 0.147500 0.137500
0 0.581250 0.526563 0.102500 0.090625
0 0.958750 0.562500 0.082500 0.150000
0 0.896250 0.623437 0.117500 0.165625
0 0.273750 0.070312 0.177500 0.140625
