0 0.606250 0.067187 0.107500 0.206250
0 0.736250 0.576562 0.287500 0.150000
0 0.505000 0.806250 0.145000 0.284375
0 0.168750 0.482812 0.182500 0.228125
0 0.123750 0.345313 0.167500 0.156250
0 0.381250 0.760938 0.277500 0.193750
0 0.723750 0.442188 0.292500 0.140625
0 0.382500 0.828125 0.155000 0.165625
0 0.161250 0.229687 0.262500 0.265625
0 0.248750 0.464062 0.167500 0.137500
0 0.425000 0.609375 0.185000 0.128125
0 0.391250 0.939063 0.082500 0.112500
0 0.047500 0.768750 0.095000 0.200000
0 0.151250 0.998437 0.127500 0.081250
0 0.407500 0.496875 0.200000 0.146875
0 0.713750 1.001562 0.197500 0.118750
0 0.932500 0.443750 0.135000 0.112500
0 0.156250 0.695312 0.177500 0.146875
0 0.705000 0.565625 0.145000 0.103125
0 0.477500 0.393750 0.265000 0.128125
0 0.578750 0.479687 0.127500 0.109375
0 0.035000 0.531250 0.070000 0.212500
0 0.171250 0.832812 0.147500 0.137500
0 0.611250 0.526563 0.102500 0.090625
0 0.958750 0.535937 0.082500 0.150000
0 0.902500 0.615625 0.120000 0.171875
0 0.278750 0.110937 0.177500 0.140625
