0 0.611250 0.095312 0.107500 0.190625
0 0.738750 0.468750 0.277500 0.143750
0 0.491250 0.857812 0.132500 0.284375
0 0.163750 0.482812 0.182500 0.228125
0 0.126250 0.321875 0.172500 0.168750
0 0.362500 0.692187 0.280000 0.196875
0 0.728750 0.329688 0.292500 0.140625
0 0.382500 0.818750 0.155000 0.168750
0 0.175000 0.207813 0.270000 0.259375
0 0.263750 0.434375 0.167500 0.137500
0 0.422500 0.560937 0.185000 0.128125
0 0.390000 0.957812 0.085000 0.084375
0 0.043750 0.800000 0.087500 0.200000
0 0.152500 0.959375 0.125000 0.081250
0 0.425000 0.448437 0.200000 0.146875
0 0.718750 0.943750 0.152500 0.112500
0 0.930000 0.415625 0.135000 0.112500
0 0.158750 0.657813 0.177500 0.146875
0 0.712500 0.523438 0.145000 0.096875
0 0.482500 0.292187 0.265000 0.128125
0 0.581250 0.465625 0.122500 0.118750
0 0.032500 0.582812 0.065000 0.215625
0 0.161250 0.806250 0.147500 0.137500
0 0.643750 0.489063 0.102500 0.090625
0 0.957500 0.554688 0.085000 0.146875
0 0.911250 0.634375 0.122500 0.181250
0 0.281250 0.070312 0.177500 0.140625
