0 0.603750 0.067187 0.107500 0.218750
0 0.732500 0.578125 0.295000 0.153125
0 0.505000 0.806250 0.145000 0.284375
0 0.171250 0.485938 0.182500 0.228125
0 0.122500 0.346875 0.165000 0.146875
0 0.396250 0.754687 0.272500 0.187500
0 0.718750 0.445312 0.292500 0.140625
0 0.380000 0.821875 0.155000 0.162500
0 0.151250 0.220312 0.257500 0.268750
0 0.238750 0.457813 0.167500 0.137500
0 0.427500 0.606250 0.185000 0.128125
0 0.392500 0.931250 0.085000 0.121875
0 0.050000 0.781250 0.100000 0.200000
0 0.150000 0.996875 0.130000 0.084375
0 0.397500 0.493750 0.200000 0.146875
0 0.711250 1.014063 0.227500 0.121875
0 0.932500 0.446875 0.135000 0.112500
0 0.156250 0.698438 0.177500 0.146875
0 0.700000 0.565625 0.145000 0.109375
0 0.472500 0.393750 0.265000 0.128125
0 0.576250 0.479687 0.132500 0.103125
0 0.035000 0.531250 0.070000 0.212500
0 0.173750 0.832812 0.147500 0.137500
0 0.588750 0.539062 0.102500 0.090625
0 0.958750 0.535937 0.082500 0.150000
0 0.898750 0.614062 0.117500 0.165625
0 0.276250 0.110937 0.177500 0.140625
