0 0.756250 0.470313 0.237500 0.128125
0 0.460000 0.901563 0.105000 0.196875
0 0.142500 0.479687 0.155000 0.240625
0 0.188750 0.359375 0.172500 0.181250
0 0.301250 0.734375 0.267500 0.193750
0 0.746250 0.348438 0.267500 0.128125
0 0.353750 0.825000 0.157500 0.150000
0 0.225000 0.245312 0.295000 0.246875
0 0.313750 0.465625 0.167500 0.137500
0 0.412500 0.582812 0.185000 0.128125
0 0.041250 0.714063 0.082500 0.221875
0 0.160000 0.964063 0.115000 0.071875
0 0.472500 0.451562 0.220000 0.165625
0 0.925000 0.406250 0.135000 0.112500
0 0.182500 0.654687 0.175000 0.153125
0 0.726250 0.521875 0.147500 0.093750
0 0.505000 0.295312 0.270000 0.134375
0 0.631250 0.557813 0.107500 0.153125
0 0.026250 0.526563 0.052500 0.228125
0 0.113750 0.803125 0.102500 0.175000
0 0.658750 0.473438 0.102500 0.090625
0 0.940000 0.553125 0.120000 0.150000
0 0.886250 0.653125 0.122500 0.181250
0 0.298750 0.070312 0.177500 0.140625
0 0.932500 0.868750 0.135000 0.162500
0 0.061250 0.050000 0.122500 0.093750
