0 0.611250 0.067187 0.107500 0.190625
0 0.747500 0.562500 0.255000 0.134375
0 0.465000 0.818750 0.110000 0.250000
0 0.153750 0.482812 0.182500 0.228125
0 0.151250 0.357812 0.177500 0.181250
0 0.331250 0.789062 0.272500 0.196875
0 0.737500 0.443750 0.280000 0.134375
0 0.365000 0.837500 0.155000 0.165625
0 0.210000 0.284375 0.290000 0.250000
0 0.296250 0.489063 0.167500 0.137500
0 0.415000 0.625000 0.185000 0.128125
0 0.390000 0.990625 0.085000 0.062500
0 0.041250 0.704688 0.082500 0.218750
0 0.157500 0.996875 0.120000 0.078125
0 0.455000 0.503125 0.205000 0.153125
0 0.723750 0.967187 0.122500 0.109375
0 0.927500 0.437500 0.135000 0.112500
0 0.173750 0.698438 0.177500 0.146875
0 0.725000 0.565625 0.145000 0.093750
0 0.495000 0.393750 0.265000 0.128125
0 0.596250 0.517188 0.117500 0.134375
0 0.026250 0.467187 0.052500 0.228125
0 0.138750 0.826562 0.147500 0.137500
0 0.663750 0.489063 0.102500 0.090625
0 0.948750 0.545312 0.102500 0.109375
0 0.896250 0.642188 0.122500 0.181250
0 0.291250 0.110937 0.177500 0.140625
0 0.948750 0.842187 0.102500 0.159375
