0 0.763750 0.470313 0.212500 0.115625
0 0.456250 0.934375 0.102500 0.131250
0 0.117500 0.451562 0.125000 0.259375
0 0.212500 0.376563 0.150000 0.171875
0 0.258750 0.750000 0.267500 0.193750
0 0.756250 0.357812 0.252500 0.109375
0 0.341250 0.834375 0.147500 0.150000
0 0.225000 0.260937 0.265000 0.234375
0 0.328750 0.481250 0.167500 0.137500
0 0.405000 0.595313 0.185000 0.128125
0 0.047500 0.662500 0.085000 0.200000
0 0.160000 0.964063 0.110000 0.071875
0 0.485000 0.456250 0.220000 0.168750
0 0.917500 0.407813 0.140000 0.109375
0 0.192500 0.639062 0.170000 0.165625
0 0.703750 0.534375 0.162500 0.093750
0 0.518750 0.295312 0.277500 0.140625
0 0.687500 0.632812 0.150000 0.128125
0 0.026250 0.493750 0.052500 0.193750
0 0.091250 0.746875 0.102500 0.175000
0 0.646250 0.479687 0.102500 0.090625
0 0.907500 0.575000 0.130000 0.175000
0 0.876250 0.634375 0.122500 0.181250
0 0.312500 0.071875 0.180000 0.143750
0 0.920000 0.876563 0.160000 0.171875
0 0.078750 0.064062 0.152500 0.115625
0 0.047500 0.909375 0.095000 0.181250
