0 0.465000 0.959375 0.085000 0.081250
0 0.113750 0.415625 0.112500 0.293750
0 0.237500 0.400000 0.155000 0.162500
0 0.228750 0.768750 0.267500 0.193750
0 0.756250 0.370312 0.252500 0.084375
0 0.326250 0.885938 0.132500 0.184375
0 0.203750 0.256250 0.177500 0.193750
0 0.347500 0.496875 0.165000 0.137500
0 0.410000 0.607812 0.185000 0.128125
0 0.073750 0.598437 0.087500 0.146875
0 0.500000 0.471875 0.210000 0.175000
0 0.902500 0.418750 0.155000 0.100000
0 0.192500 0.621875 0.170000 0.162500
0 0.688750 0.553125 0.162500 0.093750
0 0.533750 0.293750 0.287500 0.150000
0 0.715000 0.676562 0.160000 0.128125
0 0.027500 0.467187 0.055000 0.190625
0 0.046250 0.696875 0.092500 0.187500
0 0.656250 0.464062 0.102500 0.090625
0 0.812500 0.582812 0.110000 0.115625
0 0.871250 0.600000 0.122500 0.181250
0 0.332500 0.087500 0.195000 0.175000
0 0.885000 0.910937 0.200000 0.165625
0 0.102500 0.079687 0.195000 0.140625
0 0.043750 0.909375 0.087500 0.181250
0 0.673750 0.479687 0.157500 0.090625
0 0.901250 0.448437 0.132500 0.084375
0 0.953750 0.729688 0.092500 0.171875
