0 0.465000 0.971875 0.085000 0.081250
0 0.105000 0.350000 0.120000 0.271875
0 0.247500 0.434375 0.165000 0.159375
0 0.216250 0.848437 0.267500 0.193750
0 0.756250 0.492188 0.252500 0.081250
0 0.318750 0.885938 0.132500 0.190625
0 0.192500 0.250000 0.140000 0.175000
0 0.351250 0.539062 0.162500 0.131250
0 0.410000 0.665625 0.185000 0.128125
0 0.083750 0.560937 0.092500 0.153125
0 0.507500 0.518750 0.185000 0.187500
0 0.897500 0.475000 0.160000 0.096875
0 0.190000 0.650000 0.165000 0.146875
0 0.686250 0.617188 0.162500 0.093750
0 0.545000 0.403125 0.290000 0.153125
0 0.722500 0.734375 0.160000 0.128125
0 0.030000 0.409375 0.060000 0.175000
0 0.041250 0.626563 0.082500 0.190625
0 0.673750 0.470313 0.102500 0.090625
0 0.797500 0.618750 0.110000 0.109375
0 0.861250 0.573438 0.122500 0.181250
0 0.343750 0.126562 0.202500 0.187500
0 0.872500 0.956250 0.195000 0.162500
0 0.116250 0.145313 0.217500 0.153125
0 0.042500 0.871875 0.085000 0.181250
0 0.635000 0.531250 0.140000 0.090625
0 0.921250 0.498437 0.132500 0.078125
0 0.947500 0.721875 0.105000 0.171875
