0 0.465000 0.959375 0.085000 0.081250
0 0.111250 0.412500 0.117500 0.281250
0 0.242500 0.406250 0.160000 0.162500
0 0.223750 0.771875 0.267500 0.193750
0 0.756250 0.373437 0.252500 0.084375
0 0.321250 0.898438 0.132500 0.190625
0 0.197500 0.251563 0.160000 0.184375
0 0.350000 0.498437 0.165000 0.134375
0 0.410000 0.610938 0.185000 0.128125
0 0.080000 0.590625 0.090000 0.150000
0 0.503750 0.481250 0.197500 0.181250
0 0.901250 0.421875 0.157500 0.100000
0 0.191250 0.621875 0.167500 0.156250
0 0.686250 0.556250 0.162500 0.093750
0 0.536250 0.293750 0.287500 0.150000
0 0.717500 0.685937 0.160000 0.128125
0 0.028750 0.464062 0.057500 0.184375
0 0.041250 0.685937 0.082500 0.196875
0 0.663750 0.457813 0.102500 0.090625
0 0.802500 0.589063 0.110000 0.109375
0 0.866250 0.593750 0.122500 0.181250
0 0.337500 0.090625 0.200000 0.181250
0 0.878750 0.914062 0.197500 0.165625
0 0.108750 0.082812 0.207500 0.146875
0 0.042500 0.909375 0.085000 0.181250
0 0.655000 0.482812 0.150000 0.090625
0 0.911250 0.451562 0.132500 0.084375
0 0.951250 0.735938 0.097500 0.171875
