0 0.465000 0.971875 0.085000 0.081250
0 0.112500 0.343750 0.115000 0.284375
0 0.241250 0.420312 0.157500 0.162500
0 0.223750 0.842187 0.267500 0.193750
0 0.756250 0.485938 0.252500 0.084375
0 0.321250 0.882812 0.132500 0.190625
0 0.198750 0.260937 0.162500 0.187500
0 0.350000 0.534375 0.165000 0.134375
0 0.410000 0.662500 0.185000 0.128125
0 0.076250 0.570312 0.087500 0.146875
0 0.502500 0.515625 0.200000 0.178125
0 0.901250 0.470313 0.157500 0.100000
0 0.191250 0.648438 0.167500 0.159375
0 0.686250 0.610938 0.162500 0.093750
0 0.536250 0.398438 0.287500 0.150000
0 0.715000 0.718750 0.160000 0.128125
0 0.027500 0.406250 0.055000 0.187500
0 0.042500 0.643750 0.085000 0.193750
0 0.663750 0.476562 0.102500 0.090625
0 0.805000 0.600000 0.110000 0.109375
0 0.866250 0.579688 0.122500 0.181250
0 0.336250 0.123438 0.197500 0.178125
0 0.881250 0.951562 0.197500 0.165625
0 0.107500 0.137500 0.205000 0.143750
0 0.043750 0.873437 0.087500 0.181250
0 0.661250 0.532813 0.152500 0.090625
0 0.908750 0.489063 0.132500 0.084375
0 0.951250 0.707812 0.097500 0.171875
