0 0.763750 0.545312 0.212500 0.115625
0 0.457500 0.943750 0.100000 0.118750
0 0.118750 0.385937 0.122500 0.268750
0 0.217500 0.384375 0.145000 0.171875
0 0.251250 0.823438 0.267500 0.193750
0 0.758750 0.467187 0.252500 0.100000
0 0.340000 0.846875 0.140000 0.156250
0 0.221250 0.301563 0.247500 0.225000
0 0.333750 0.520312 0.167500 0.137500
0 0.405000 0.646875 0.185000 0.128125
0 0.052500 0.609375 0.085000 0.187500
0 0.160000 0.996875 0.110000 0.071875
0 0.487500 0.509375 0.220000 0.168750
0 0.916250 0.445312 0.142500 0.109375
0 0.192500 0.659375 0.170000 0.165625
0 0.701250 0.592187 0.162500 0.093750
0 0.520000 0.396875 0.280000 0.143750
0 0.697500 0.678125 0.160000 0.128125
0 0.026250 0.423438 0.052500 0.193750
0 0.078750 0.707812 0.102500 0.175000
0 0.643750 0.498437 0.102500 0.090625
0 0.890000 0.571875 0.125000 0.162500
0 0.876250 0.614062 0.122500 0.181250
0 0.316250 0.114062 0.182500 0.150000
0 0.913750 0.907813 0.172500 0.171875
0 0.081250 0.104688 0.157500 0.118750
0 0.046250 0.876563 0.092500 0.181250
