0 0.463750 0.956250 0.087500 0.087500
0 0.118750 0.417187 0.112500 0.296875
0 0.232500 0.395313 0.150000 0.165625
0 0.233750 0.765625 0.267500 0.193750
0 0.756250 0.368750 0.252500 0.087500
0 0.328750 0.875000 0.132500 0.181250
0 0.205000 0.256250 0.190000 0.200000
0 0.348750 0.493750 0.167500 0.137500
0 0.407500 0.607812 0.185000 0.128125
0 0.070000 0.604688 0.085000 0.146875
0 0.497500 0.459375 0.220000 0.168750
0 0.906250 0.417187 0.152500 0.103125
0 0.192500 0.623437 0.170000 0.165625
0 0.688750 0.550000 0.162500 0.093750
0 0.530000 0.295312 0.285000 0.146875
0 0.712500 0.670312 0.160000 0.128125
0 0.026250 0.471875 0.052500 0.193750
0 0.050000 0.706250 0.100000 0.181250
0 0.651250 0.467187 0.102500 0.090625
0 0.828750 0.581250 0.112500 0.125000
0 0.873750 0.603125 0.122500 0.181250
0 0.328750 0.084375 0.192500 0.168750
0 0.891250 0.909375 0.202500 0.168750
0 0.098750 0.078125 0.187500 0.137500
0 0.043750 0.909375 0.087500 0.181250
0 0.686250 0.478125 0.162500 0.093750
0 0.891250 0.448437 0.132500 0.084375
0 0.956250 0.726562 0.087500 0.171875
