0 0.110000 0.403125 0.155000 0.206250
0 0.301250 0.426563 0.212500 0.121875
0 0.127500 0.792188 0.195000 0.253125
0 0.781250 0.381250 0.252500 0.081250
0 0.315000 0.909375 0.135000 0.181250
0 0.358750 0.515625 0.157500 0.118750
0 0.407500 0.626563 0.185000 0.128125
0 0.102500 0.567187 0.105000 0.171875
0 0.517500 0.542188 0.145000 0.203125
0 0.882500 0.439063 0.175000 0.090625
0 0.207500 0.600000 0.130000 0.137500
0 0.683750 0.587500 0.172500 0.100000
0 0.605000 0.339062 0.290000 0.153125
0 0.745000 0.745313 0.160000 0.128125
0 0.032500 0.443750 0.065000 0.162500
0 0.028750 0.615625 0.057500 0.162500
0 0.678750 0.448437 0.102500 0.090625
0 0.776250 0.659375 0.127500 0.125000
0 0.843750 0.553125 0.122500 0.143750
0 0.373750 0.093750 0.202500 0.187500
0 0.842500 0.928125 0.180000 0.143750
0 0.128750 0.082812 0.237500 0.159375
0 0.038750 0.907813 0.077500 0.184375
0 0.656250 0.526563 0.152500 0.096875
0 0.977500 0.457813 0.045000 0.071875
0 0.942500 0.776563 0.115000 0.184375
0 0.161250 0.957812 0.127500 0.084375
0 0.307500 0.323437 0.210000 0.084375
0 0.085000 0.200000 0.145000 0.131250
