0 0.113750 0.379688 0.137500 0.212500
0 0.290000 0.487500 0.205000 0.128125
0 0.145000 0.800000 0.210000 0.240625
0 0.776250 0.498437 0.252500 0.081250
0 0.315000 0.896875 0.135000 0.187500
0 0.356250 0.551562 0.157500 0.121875
0 0.407500 0.678125 0.185000 0.128125
0 0.098750 0.548438 0.102500 0.168750
0 0.517500 0.525000 0.145000 0.203125
0 0.886250 0.498437 0.172500 0.090625
0 0.202500 0.625000 0.140000 0.137500
0 0.685000 0.637500 0.170000 0.096875
0 0.595000 0.437500 0.290000 0.153125
0 0.740000 0.771875 0.160000 0.128125
0 0.032500 0.406250 0.065000 0.162500
0 0.033750 0.579688 0.067500 0.162500
0 0.681250 0.464062 0.102500 0.090625
0 0.781250 0.670312 0.117500 0.115625
0 0.848750 0.557813 0.122500 0.156250
0 0.366250 0.126562 0.202500 0.187500
0 0.848750 0.964063 0.182500 0.150000
0 0.128750 0.151562 0.237500 0.159375
0 0.040000 0.868750 0.080000 0.181250
0 0.642500 0.571875 0.145000 0.090625
0 0.968750 0.464062 0.062500 0.071875
0 0.942500 0.750000 0.115000 0.181250
0 0.161250 0.998437 0.127500 0.081250
0 0.276250 0.373437 0.162500 0.084375
0 0.107500 0.231250 0.130000 0.118750
