0 0.087500 0.462500 0.175000 0.093750
0 0.361250 0.542188 0.237500 0.103125
0 0.111250 0.748437 0.182500 0.262500
0 0.881250 0.467187 0.222500 0.093750
0 0.325000 0.987500 0.155000 0.109375
0 0.345000 0.621875 0.230000 0.090625
0 0.365000 0.690625 0.185000 0.128125
0 0.105000 0.493750 0.120000 0.171875
0 0.512500 0.634375 0.155000 0.212500
0 0.891250 0.526563 0.182500 0.084375
0 0.193750 0.604688 0.127500 0.137500
0 0.731250 0.654687 0.177500 0.100000
0 0.700000 0.456250 0.315000 0.165625
0 0.750000 0.834375 0.190000 0.209375
0 0.020000 0.384375 0.040000 0.121875
0 0.703750 0.479687 0.157500 0.115625
0 0.693750 0.782813 0.197500 0.184375
0 0.861250 0.573438 0.122500 0.112500
0 0.382500 0.121875 0.195000 0.221875
0 0.797500 0.962500 0.100000 0.100000
0 0.162500 0.153125 0.245000 0.209375
0 0.033750 0.876563 0.067500 0.165625
0 0.718750 0.585938 0.202500 0.106250
0 0.932500 0.812500 0.120000 0.209375
0 0.163750 0.970313 0.132500 0.112500
0 0.452500 0.421875 0.170000 0.118750
0 0.066250 0.185938 0.132500 0.165625
0 0.107500 0.403125 0.215000 0.115625
