0 0.103750 0.448437 0.167500 0.121875
0 0.358750 0.539062 0.237500 0.103125
0 0.128750 0.748437 0.182500 0.262500
0 0.838750 0.498437 0.252500 0.081250
0 0.323750 0.979688 0.152500 0.115625
0 0.347500 0.609375 0.215000 0.096875
0 0.377500 0.687500 0.185000 0.128125
0 0.102500 0.503125 0.105000 0.171875
0 0.517500 0.596875 0.145000 0.203125
0 0.886250 0.523438 0.182500 0.084375
0 0.196250 0.595313 0.127500 0.137500
0 0.733750 0.648438 0.177500 0.100000
0 0.663750 0.439063 0.292500 0.178125
0 0.751250 0.839063 0.192500 0.196875
0 0.023750 0.389062 0.047500 0.128125
0 0.695000 0.475000 0.140000 0.109375
0 0.721250 0.760938 0.202500 0.178125
0 0.848750 0.576562 0.122500 0.112500
0 0.381250 0.123438 0.197500 0.215625
0 0.805000 0.965625 0.115000 0.106250
0 0.167500 0.153125 0.245000 0.209375
0 0.035000 0.871875 0.070000 0.171875
0 0.711250 0.589063 0.202500 0.106250
0 0.937500 0.806250 0.120000 0.209375
0 0.163750 0.976562 0.132500 0.106250
0 0.437500 0.418750 0.170000 0.118750
0 0.056250 0.170313 0.112500 0.134375
0 0.101250 0.395313 0.202500 0.109375
