0 0.113750 0.395313 0.147500 0.171875
0 0.351250 0.439063 0.237500 0.103125
0 0.146250 0.771875 0.182500 0.262500
0 0.811250 0.387500 0.252500 0.081250
0 0.320000 0.928125 0.145000 0.143750
0 0.352500 0.518750 0.190000 0.106250
0 0.395000 0.639062 0.185000 0.128125
0 0.105000 0.545312 0.105000 0.171875
0 0.515000 0.573438 0.145000 0.203125
0 0.881250 0.445312 0.182500 0.084375
0 0.201250 0.590625 0.127500 0.137500
0 0.698750 0.590625 0.177500 0.100000
0 0.647500 0.345313 0.290000 0.178125
0 0.748750 0.809375 0.192500 0.175000
0 0.028750 0.432812 0.057500 0.146875
0 0.683750 0.445312 0.117500 0.096875
0 0.751250 0.696875 0.187500 0.168750
0 0.841250 0.546875 0.122500 0.112500
0 0.380000 0.101562 0.200000 0.203125
0 0.815000 0.942187 0.145000 0.115625
0 0.167500 0.101562 0.245000 0.203125
0 0.036250 0.910937 0.072500 0.178125
0 0.702500 0.518750 0.195000 0.106250
0 0.940000 0.821875 0.120000 0.206250
0 0.162500 0.951562 0.130000 0.096875
0 0.401250 0.348438 0.197500 0.109375
0 0.056250 0.176563 0.112500 0.134375
0 0.092500 0.320312 0.185000 0.103125
