0 0.071250 0.368750 0.142500 0.125000
0 0.382500 0.451562 0.245000 0.109375
0 0.093750 0.746875 0.182500 0.262500
0 0.915000 0.373437 0.170000 0.109375
0 0.335000 0.532813 0.235000 0.103125
0 0.350000 0.648438 0.185000 0.128125
0 0.111250 0.482812 0.147500 0.171875
0 0.487500 0.692187 0.220000 0.259375
0 0.885000 0.450000 0.160000 0.106250
0 0.191250 0.593750 0.127500 0.131250
0 0.723750 0.603125 0.177500 0.100000
0 0.733750 0.343750 0.337500 0.162500
0 0.757500 0.829688 0.180000 0.234375
0 0.020000 0.420312 0.040000 0.121875
0 0.733750 0.423438 0.177500 0.134375
0 0.666250 0.807813 0.167500 0.215625
0 0.857500 0.560937 0.140000 0.121875
0 0.395000 0.112500 0.195000 0.225000
0 0.796250 0.951562 0.097500 0.096875
0 0.163750 0.106250 0.252500 0.206250
0 0.728750 0.503125 0.202500 0.106250
0 0.930000 0.854688 0.120000 0.209375
0 0.165000 0.939063 0.135000 0.121875
0 0.475000 0.381250 0.170000 0.118750
0 0.078750 0.210938 0.157500 0.165625
0 0.138750 0.339062 0.237500 0.134375
