0 0.067500 0.362500 0.135000 0.131250
0 0.385000 0.454688 0.245000 0.109375
0 0.091250 0.743750 0.182500 0.262500
0 0.917500 0.373437 0.165000 0.109375
0 0.335000 0.534375 0.235000 0.106250
0 0.350000 0.651563 0.185000 0.128125
0 0.111250 0.482812 0.147500 0.171875
0 0.485000 0.695312 0.220000 0.259375
0 0.882500 0.446875 0.155000 0.106250
0 0.191250 0.593750 0.127500 0.131250
0 0.723750 0.606250 0.177500 0.100000
0 0.735000 0.343750 0.340000 0.162500
0 0.760000 0.831250 0.180000 0.237500
0 0.737500 0.421875 0.180000 0.137500
0 0.662500 0.815625 0.165000 0.218750
0 0.853750 0.564063 0.142500 0.121875
0 0.397500 0.112500 0.195000 0.225000
0 0.167500 0.104688 0.255000 0.203125
0 0.728750 0.503125 0.202500 0.106250
0 0.930000 0.854688 0.120000 0.209375
0 0.165000 0.939063 0.135000 0.121875
0 0.477500 0.381250 0.170000 0.118750
0 0.080000 0.212500 0.160000 0.162500
0 0.142500 0.343750 0.240000 0.137500
