0 0.062500 0.334375 0.125000 0.106250
0 0.431250 0.485938 0.212500 0.153125
0 0.050000 0.745313 0.100000 0.321875
0 0.970000 0.376563 0.060000 0.121875
0 0.298750 0.542188 0.212500 0.121875
0 0.300000 0.700000 0.205000 0.150000
0 0.116250 0.454688 0.147500 0.171875
0 0.458750 0.775000 0.217500 0.268750
0 0.881250 0.420312 0.127500 0.134375
0 0.178750 0.598437 0.127500 0.115625
0 0.716250 0.698438 0.162500 0.190625
0 0.765000 0.320312 0.345000 0.165625
0 0.786250 0.837500 0.162500 0.275000
0 0.861250 0.353125 0.187500 0.150000
0 0.613750 0.879687 0.172500 0.215625
0 0.803750 0.585938 0.157500 0.128125
0 0.427500 0.112500 0.195000 0.225000
0 0.187500 0.104688 0.285000 0.184375
0 0.800000 0.490625 0.215000 0.106250
0 0.897500 0.887500 0.105000 0.225000
0 0.191250 0.929688 0.162500 0.140625
0 0.532500 0.400000 0.170000 0.118750
0 0.061250 0.232813 0.122500 0.115625
0 0.263750 0.385937 0.247500 0.140625
0 0.976250 0.876563 0.047500 0.159375
