0 0.060000 0.318750 0.120000 0.112500
0 0.450000 0.506250 0.165000 0.181250
0 0.036250 0.728125 0.072500 0.406250
0 0.978750 0.376563 0.042500 0.121875
0 0.275000 0.543750 0.190000 0.118750
0 0.257500 0.712500 0.210000 0.156250
0 0.128750 0.420312 0.147500 0.171875
0 0.432500 0.828125 0.210000 0.325000
0 0.866250 0.403125 0.162500 0.112500
0 0.166250 0.614062 0.127500 0.121875
0 0.698750 0.717187 0.157500 0.196875
0 0.792500 0.304688 0.345000 0.165625
0 0.801250 0.831250 0.137500 0.300000
0 0.896250 0.337500 0.187500 0.112500
0 0.576250 0.895312 0.162500 0.209375
0 0.715000 0.557813 0.220000 0.128125
0 0.455000 0.112500 0.195000 0.225000
0 0.215000 0.115625 0.275000 0.187500
0 0.863750 0.479687 0.257500 0.103125
0 0.877500 0.937500 0.095000 0.125000
0 0.227500 0.926562 0.175000 0.146875
0 0.551250 0.390625 0.172500 0.118750
0 0.052500 0.232813 0.105000 0.115625
0 0.308750 0.393750 0.247500 0.112500
0 0.957500 0.910937 0.060000 0.109375
0 0.933750 0.848437 0.082500 0.128125
