0 0.037500 0.303125 0.075000 0.162500
0 0.442500 0.529687 0.150000 0.190625
0 0.035000 0.731250 0.070000 0.418750
0 0.265000 0.550000 0.190000 0.118750
0 0.251250 0.706250 0.212500 0.156250
0 0.130000 0.407813 0.155000 0.165625
0 0.432500 0.845313 0.200000 0.296875
0 0.848750 0.400000 0.197500 0.093750
0 0.166250 0.620313 0.127500 0.134375
0 0.683750 0.732812 0.157500 0.196875
0 0.856250 0.296875 0.287500 0.150000
0 0.813750 0.773438 0.147500 0.265625
0 0.930000 0.332813 0.140000 0.071875
0 0.573750 0.910937 0.127500 0.178125
0 0.677500 0.554688 0.220000 0.128125
0 0.465000 0.112500 0.195000 0.225000
0 0.253750 0.137500 0.232500 0.206250
0 0.887500 0.470313 0.225000 0.115625
0 0.858750 0.956250 0.097500 0.087500
0 0.237500 0.918750 0.180000 0.162500
0 0.580000 0.381250 0.185000 0.131250
0 0.046250 0.232813 0.092500 0.115625
0 0.336250 0.398438 0.247500 0.103125
0 0.967500 0.843750 0.065000 0.131250
0 0.931250 0.792188 0.102500 0.171875
0 0.061250 0.060937 0.122500 0.121875
