0 0.038750 0.273438 0.077500 0.162500
0 0.442500 0.528125 0.150000 0.190625
0 0.035000 0.565625 0.070000 0.418750
0 0.265000 0.609375 0.190000 0.118750
0 0.251250 0.760938 0.212500 0.156250
0 0.130000 0.421875 0.155000 0.165625
0 0.432500 0.821875 0.200000 0.296875
0 0.848750 0.476562 0.197500 0.093750
0 0.166250 0.632812 0.127500 0.134375
0 0.683750 0.732812 0.157500 0.196875
0 0.856250 0.401562 0.287500 0.150000
0 0.813750 0.732812 0.147500 0.265625
0 0.930000 0.384375 0.140000 0.071875
0 0.575000 0.903125 0.130000 0.178125
0 0.677500 0.628125 0.220000 0.128125
0 0.465000 0.121875 0.195000 0.225000
0 0.251250 0.179688 0.232500 0.206250
0 0.887500 0.553125 0.225000 0.115625
0 0.858750 0.973437 0.097500 0.087500
0 0.237500 0.950000 0.180000 0.162500
0 0.580000 0.431250 0.185000 0.131250
0 0.046250 0.232813 0.092500 0.115625
0 0.336250 0.501563 0.247500 0.103125
0 0.967500 0.818750 0.065000 0.131250
0 0.931250 0.770312 0.102500 0.171875
0 0.061250 0.076563 0.122500 0.121875
