0 0.068750 0.357812 0.137500 0.100000
0 0.441250 0.526563 0.182500 0.171875
0 0.040000 0.596875 0.080000 0.378125
0 0.978750 0.342187 0.042500 0.121875
0 0.283750 0.607812 0.197500 0.118750
0 0.255000 0.768750 0.205000 0.150000
0 0.126250 0.432812 0.147500 0.171875
0 0.436250 0.789062 0.212500 0.321875
0 0.875000 0.437500 0.145000 0.121875
0 0.166250 0.632812 0.127500 0.115625
0 0.703750 0.714063 0.157500 0.196875
0 0.780000 0.443750 0.345000 0.165625
0 0.788750 0.776563 0.157500 0.281250
0 0.886250 0.382812 0.187500 0.146875
0 0.586250 0.889062 0.172500 0.215625
0 0.743750 0.629687 0.202500 0.128125
0 0.445000 0.121875 0.195000 0.225000
0 0.196250 0.198437 0.292500 0.178125
0 0.845000 0.600000 0.260000 0.100000
0 0.882500 0.853125 0.090000 0.203125
0 0.210000 0.962500 0.175000 0.146875
0 0.542500 0.440625 0.170000 0.118750
0 0.056250 0.245312 0.112500 0.115625
0 0.291250 0.482812 0.247500 0.125000
0 0.958750 0.923438 0.057500 0.100000
0 0.936250 0.870313 0.082500 0.109375
