0 0.037500 0.265625 0.075000 0.165625
0 0.442500 0.531250 0.150000 0.190625
0 0.035000 0.565625 0.070000 0.418750
0 0.265000 0.609375 0.190000 0.118750
0 0.251250 0.760938 0.212500 0.153125
0 0.130000 0.421875 0.155000 0.165625
0 0.431250 0.823438 0.197500 0.293750
0 0.846250 0.476562 0.197500 0.093750
0 0.166250 0.632812 0.127500 0.134375
0 0.683750 0.732812 0.157500 0.196875
0 0.855000 0.400000 0.285000 0.150000
0 0.813750 0.732812 0.147500 0.265625
0 0.932500 0.381250 0.135000 0.068750
0 0.576250 0.904687 0.127500 0.175000
0 0.675000 0.628125 0.220000 0.128125
0 0.465000 0.121875 0.195000 0.225000
0 0.255000 0.181250 0.230000 0.206250
0 0.887500 0.550000 0.225000 0.115625
0 0.858750 0.973437 0.097500 0.087500
0 0.237500 0.946875 0.180000 0.165625
0 0.582500 0.431250 0.185000 0.131250
0 0.046250 0.232813 0.092500 0.115625
0 0.336250 0.501563 0.247500 0.103125
0 0.967500 0.815625 0.065000 0.131250
0 0.932500 0.765625 0.105000 0.175000
0 0.062500 0.078125 0.125000 0.121875
