0 0.022500 0.240625 0.045000 0.178125
0 0.427500 0.578125 0.180000 0.184375
0 0.032500 0.553125 0.065000 0.437500
0 0.248750 0.595313 0.162500 0.137500
0 0.238750 0.773438 0.212500 0.137500
0 0.127500 0.428125 0.180000 0.153125
0 0.416250 0.854688 0.182500 0.250000
0 0.816250 0.510938 0.227500 0.090625
0 0.156250 0.642188 0.127500 0.159375
0 0.663750 0.760938 0.162500 0.209375
0 0.893750 0.332813 0.212500 0.153125
0 0.813750 0.692187 0.157500 0.243750
0 0.951250 0.373437 0.097500 0.046875
0 0.562500 0.928125 0.120000 0.146875
0 0.637500 0.618750 0.220000 0.128125
0 0.480000 0.121875 0.195000 0.225000
0 0.280000 0.228125 0.225000 0.209375
0 0.893750 0.532813 0.212500 0.118750
0 0.836250 0.929688 0.087500 0.125000
0 0.240000 0.921875 0.185000 0.193750
0 0.621250 0.432812 0.187500 0.134375
0 0.356250 0.498437 0.247500 0.103125
0 0.968750 0.707812 0.062500 0.150000
0 0.935000 0.671875 0.085000 0.187500
0 0.071250 0.089063 0.142500 0.128125
0 0.501250 0.085938 0.117500 0.115625
