0 0.022500 0.301563 0.045000 0.178125
0 0.427500 0.560937 0.180000 0.184375
0 0.032500 0.732812 0.065000 0.440625
0 0.247500 0.564063 0.160000 0.140625
0 0.238750 0.707812 0.212500 0.134375
0 0.128750 0.392188 0.187500 0.153125
0 0.416250 0.867188 0.182500 0.246875
0 0.812500 0.415625 0.230000 0.093750
0 0.156250 0.643750 0.127500 0.162500
0 0.661250 0.767188 0.162500 0.209375
0 0.893750 0.275000 0.212500 0.150000
0 0.816250 0.710938 0.162500 0.234375
0 0.562500 0.926562 0.120000 0.146875
0 0.635000 0.545312 0.220000 0.128125
0 0.480000 0.112500 0.195000 0.225000
0 0.282500 0.192188 0.225000 0.209375
0 0.895000 0.459375 0.210000 0.118750
0 0.833750 0.935937 0.087500 0.128125
0 0.240000 0.901563 0.185000 0.196875
0 0.623750 0.382812 0.187500 0.134375
0 0.356250 0.395313 0.247500 0.103125
0 0.968750 0.740625 0.062500 0.143750
0 0.937500 0.709375 0.085000 0.187500
0 0.072500 0.065625 0.145000 0.131250
0 0.498750 0.071875 0.117500 0.118750
