0 0.412500 0.593750 0.180000 0.184375
0 0.026250 0.479687 0.052500 0.465625
0 0.247500 0.593750 0.160000 0.140625
0 0.228750 0.779687 0.212500 0.121875
0 0.131250 0.454688 0.227500 0.134375
0 0.412500 0.865625 0.180000 0.240625
0 0.802500 0.506250 0.230000 0.121875
0 0.151250 0.645312 0.127500 0.165625
0 0.652500 0.775000 0.165000 0.218750
0 0.910000 0.325000 0.180000 0.137500
0 0.817500 0.712500 0.185000 0.184375
0 0.562500 0.928125 0.120000 0.146875
0 0.630000 0.615625 0.220000 0.128125
0 0.501250 0.123438 0.122500 0.115625
0 0.300000 0.237500 0.225000 0.209375
0 0.906250 0.514062 0.187500 0.121875
0 0.825000 0.896875 0.080000 0.153125
0 0.236250 0.904687 0.182500 0.209375
0 0.636250 0.423438 0.187500 0.134375
0 0.356250 0.514062 0.247500 0.103125
0 0.975000 0.712500 0.050000 0.084375
0 0.947500 0.653125 0.085000 0.165625
0 0.076250 0.095312 0.152500 0.134375
0 0.496250 0.220312 0.117500 0.128125
